1002,26,20,26008,0,-120,1263,dlvst,1261,42.922321,-78.861092,1596157354,26,26008,0,2082,
1004,12,20,12022,0,-60,1269,knegt,1268,42.929829,-78.809799,1596157360,12,12022,0,2028,
1005,48,19,48006,0,0,1266,eccn,1266,42.958431,-78.714661,1596157330,48,48006,0,2098,
1006,23,19,23020,0,0,1269,mnfil,1269,42.947594,-78.848473,1596157368,23,23020,0,2062,
1007,24,19,24015,0,-60,1264,bagen,1263,42.917042,-78.802803,1596157387,24,24015,0,2072,
1011,24,19,24018,0,0,1271,marmn,1271,42.889790,-78.871140,1596157328,24,24018,0,2074,
1013,13,19,13008,0,-120,1271,dlvgr,1269,42.937778,-78.814270,1596157357,13,13008,0,2038,
1014,18,20,18005,0,-240,1268,genjf,1264,42.879093,-78.854279,1596157370,18,18005,0,2043,
1018,12,19,12023,0,-960,1268,filut,1252,42.914650,-78.820038,1596157334,12,12023,0,2029,
1020,2,19,2009,0,0,1262,tcbfl,1262,42.883549,-78.872665,1596157336,2,2009,0,1012,
1028,46,19,32020,0,-180,1274,wldtr,1271,42.908409,-78.759399,1596157387,32,32020,0,1093,
1030,32,20,32021,0,0,1275,twyml,1275,42.902798,-78.783669,1596156779,32,32021,0,1092,
1033,46,19,32019,0,0,1277,twyml,1277,42.903511,-78.783371,1596156388,32,32019,0,1091,
1034,15,20,15010,0,0,1282,sogat,1282,42.827446,-78.754448,1596156643,15,15010,0,1050,
1037,19,20,19014,0,-60,1268,bfind,1267,42.869717,-78.821564,1596157361,19,19014,0,1075,
1041,2,19,16016,0,0,1265,cltba,1265,42.871914,-78.807640,1596157385,16,16016,0,1064,
1042,16,20,16015,0,60,1268,bgtsp,1269,42.789883,-78.817879,1596157371,16,16015,0,1063,
1043,14,19,14011,0,0,1263,mercy,1263,42.846287,-78.810020,1596157345,14,14011,0,1041,
1044,6,20,6014,0,60,1264,twyml,1265,42.901669,-78.783783,1596157372,6,6014,0,1031,
1046,4,19,4009,0,0,1260,tcbfl,1260,42.883602,-78.872894,1596157342,4,4009,0,1020,
1055,26,20,26007,0,0,1265,twyml,1265,42.903267,-78.783409,1596156871,26,26007,0,2081,
1059,23,20,23021,0,0,1265,hrtpk,1265,42.947567,-78.839279,1596157366,23,23021,0,2063,
1104,47,20,47004,0,0,1269,eccn,1269,42.954800,-78.754898,1596157349,47,47004,0,2093,
1107,13,20,13007,0,0,1279,winsp,1279,42.923119,-78.829155,1596157385,13,13007,0,2037,
1113,24,20,24020,0,0,1265,airpt,1265,42.934120,-78.730629,1596157382,24,24020,0,2076,
1115,8,19,44009,0,-120,1268,wtfrt,1266,42.883465,-78.876389,1596157368,44,44009,0,2090,
1119,0,0,12013,5,99999,9999,,9999,42.916904,-78.861877,1596157348,12,12013,0,2024,
1124,8,20,8008,0,0,1265,socam,1265,42.954662,-78.820557,1596157374,8,8008,0,2007,
1129,12,20,12024,0,0,1275,ctyli,1275,42.958733,-78.814568,1596157284,12,12024,0,2030,
1201,42,19,42007,0,-120,1262,mohel,1260,42.886959,-78.872261,1596157374,42,42007,0,1100,
1203,6,19,6013,0,120,1264,sycfl,1266,42.898891,-78.835518,1596157386,6,6013,0,1030,
1301,155,19,155003,0,0,1266,falls,1266,43.084213,-79.060638,1596157366,155,155003,0,3114,
1502,34,19,34009,0,99999,9999,socam,895,42.954773,-78.821152,1596157337,34,34009,0,3069,
1504,50,19,50025,0,0,1263,olopc,1263,43.153568,-79.034401,1596157360,50,50025,0,3095,
1506,52,20,52030,0,-180,1266,pnhyd,1263,43.104206,-79.028297,1596157330,52,52030,0,3100,
1508,35,20,35006,0,60,1279,covhl,1280,43.000011,-78.783371,1596157340,35,35006,0,3074,
1606,5,20,25009,0,60,1263,dlwkn,1264,42.958649,-78.869911,1596157373,25,25009,0,3059,
1608,5,20,5021,0,60,1269,socam,1270,42.954334,-78.820854,1596157256,5,5021,0,3029,
1612,11,20,11005,0,0,1277,tnind,1277,43.013733,-78.859421,1596157369,11,11005,0,3034,
1622,3,19,3018,0,0,1264,frgrt,1264,42.918583,-78.890648,1596157350,3,3018,0,3012,
1701,5,20,11006,0,99999,9999,socam,1065,42.882584,-78.872406,1596157367,11,11006,0,3035,
1702,3,20,3019,0,0,1265,sklmt,1265,42.949081,-78.890724,1596157384,3,3019,0,3013,
1711,35,20,35007,0,-180,1274,ens,1271,42.940117,-78.907135,1596157347,35,35007,0,3075,
1713,20,19,20020,0,120,1288,ellop,1290,42.882614,-78.872444,1596157081,20,20020,0,3050,
1720,12,20,12025,0,120,1264,utica,1266,42.911213,-78.866264,1596157356,12,12025,0,2031,
1802,25,20,25014,0,60,1268,dlwkn,1269,42.941765,-78.867722,1596157341,25,25014,0,3062,
1806,40,20,3017,0,-60,1264,prtc,1263,43.094967,-79.048653,1596157355,3,3017,0,3011,
1807,5,19,20016,0,0,1270,ngvrg,1270,42.908077,-78.898651,1596157377,20,20016,0,3047,
1810,20,20,20018,0,-240,1265,elken,1261,42.950565,-78.878181,1596157384,20,20018,0,3048,
1811,20,19,20019,0,-120,1262,ellop,1260,42.882557,-78.872040,1596157346,20,20019,0,3049,
1812,25,19,25013,0,-60,1266,orch,1265,43.007572,-78.873711,1596157353,25,25013,0,3061,
1813,55,19,55042,0,-60,1269,casno,1268,43.095161,-79.038826,1596157332,55,55042,0,3110,
1817,16,20,16014,0,-60,1280,spkls,1279,42.898479,-78.865524,1596157376,16,16014,0,1062,
1819,42,20,42006,0,99999,9999,sogat,1235,42.827614,-78.754448,1596157351,42,42006,0,1099,
1820,1,19,2011,0,60,1264,tcbfl,1265,42.882694,-78.874496,1596157365,2,2011,0,1013,
1821,15,19,15009,0,0,1275,lterr,1275,42.883137,-78.879707,1596157318,15,15009,0,1049,
1822,19,20,19012,0,60,1264,socam,1265,42.958046,-78.817726,1596157354,19,19012,0,1074,
1902,155,20,155004,0,0,1265,nfia,1265,43.101624,-78.939598,1596157263,155,155004,0,3115,
1904,5,19,5022,0,0,1265,ellop,1265,42.882584,-78.872299,1596156597,5,5022,0,3030,
1914,20,19,40014,0,-120,1274,elmdv,1272,42.957603,-78.878479,1596157363,40,40014,0,3085,
1915,55,20,55043,0,-180,1265,nfb56,1262,43.093674,-79.014488,1596157362,55,55043,0,3111,
1916,40,19,40017,0,0,1270,tcbfl,1270,42.883381,-78.872818,1596156054,40,40017,0,3087,
1917,40,19,40016,0,-300,1268,casno,1263,43.096973,-79.050331,1596157352,40,40016,0,3086,
1919,34,20,34011,0,0,1264,hazwd,1264,43.028885,-78.815086,1596157275,34,34011,0,3070,
2011,26,19,26006,0,-120,1264,badlv,1262,42.922817,-78.809914,1596157350,26,26006,0,2080,
2218,40,19,25010,0,0,1273,tcbfl,1273,42.904419,-78.895485,1596157352,25,25010,0,3060,
2607,14,20,14012,0,0,1263,rdgab,1263,42.835011,-78.806938,1596157343,14,14012,0,1042,
2608,32,20,32018,0,0,1264,amhba,1264,42.940224,-78.816429,1596157380,32,32018,0,1090,
2611,32,19,32017,0,-180,1266,knhty,1263,42.945038,-78.783745,1596157377,32,32017,0,1089,
2615,19,19,19015,0,-60,1263,bagen,1262,42.914871,-78.814079,1596157361,19,19015,0,1076,
2624,32,19,32022,0,-180,1279,brrtc,1276,42.945644,-78.907028,1596157287,32,32022,0,1094,
2625,0,0,32016,6,780,1256,aptml,1269,42.888607,-78.751472,1596157231,32,32016,0,1088,
2630,16,19,16013,0,120,1263,mcmal,1265,42.782925,-78.810509,1596157341,16,16013,0,1061,
2701,44,20,24016,0,240,1255,crspt,1259,43.041672,-78.744850,1596157316,24,24016,0,2073,
2706,24,20,24014,0,-60,1265,ungen,1264,42.922104,-78.784897,1596157340,24,24014,0,2071,
2707,22,20,22005,0,0,1263,bstmn,1263,42.904530,-78.868126,1596157347,22,22005,0,2048,
2708,24,20,24019,0,-60,1269,genmn,1268,42.882832,-78.873230,1596157361,24,24019,0,2075,
8211,45,99,45211,99,99999,9999,,9999,43.091061,-78.967918,1596157354,45,0,0,45211,
8222,45,99,45222,99,99999,9999,,9999,42.894905,-78.860535,1596157358,45,0,0,45222,
8233,45,99,45233,99,99999,9999,,9999,99.000000,999.000000,1596155806,45,0,0,45233,
