1001,26,20,22001,0,60,828,gnhar,829,42.922680,-78.807755,1596130814,22,22001,0,2044,
1002,8,20,8003,0,0,822,mnmgn,822,42.913715,-78.865036,1596130802,8,8003,0,2003,
1003,23,20,23017,0,-240,822,bdyfl,818,42.884674,-78.839172,1596130809,23,23017,0,2055,
1004,0,0,12022,4,0,860,twyml,860,42.917015,-78.861877,1596130314,12,12022,0,2028,
1006,23,20,23016,0,0,822,hrtpk,822,42.947651,-78.845459,1596130846,23,23016,0,2040,
1008,23,19,23015,0,-120,826,abtba,824,42.874474,-78.844154,1596130813,23,23015,0,2058,
1014,0,0,18005,4,-180,838,twyml,835,42.917042,-78.861877,1596130853,18,18005,0,2043,
1016,24,19,24010,0,120,822,ungen,824,42.927879,-78.750397,1596130833,24,24010,0,2070,
1017,18,19,18004,0,60,821,spkls,822,42.871502,-78.862877,1596130801,18,18004,0,2041,
1018,13,20,13004,0,0,820,socam,820,42.955132,-78.820671,1596130498,13,13004,0,2034,
1020,0,0,2009,4,0,840,twyml,840,42.882446,-78.824501,1596130762,2,2009,0,1012,
1021,32,20,32011,0,0,822,knhty,822,42.943111,-78.800827,1596130830,32,32011,0,1083,
1022,19,19,19009,0,0,826,bdyba,826,42.911129,-78.813820,1596130812,19,19009,0,1070,
1023,14,20,16008,0,-120,827,spkls,825,42.878296,-78.871330,1596130855,16,16008,0,1059,
1025,6,19,6011,0,120,833,wtfrt,835,42.888279,-78.871033,1596130828,6,6011,0,1025,
1026,14,19,1003,0,-120,821,mcmal,819,42.785206,-78.811287,1596130819,1,1003,0,1006,
1027,0,0,4007,4,0,835,tcbfl,835,42.881706,-78.825882,1596130832,4,4007,0,1017,
1029,32,20,32012,0,60,829,twyml,830,42.915257,-78.765396,1596130841,32,32012,0,1079,
1031,1,19,1002,0,-240,823,wmbck,819,42.886021,-78.814339,1596130827,1,1002,0,1002,
1032,4,19,76002,0,120,822,bdmgn,824,42.888332,-78.860832,1596130823,76,76002,0,1103,
1038,6,19,6008,0,-240,832,wldba,828,42.903732,-78.783630,1596130831,6,6008,0,1028,
1040,15,19,15006,0,0,824,basen,824,42.860256,-78.816055,1596130808,15,15006,0,1047,
1041,16,20,16011,0,-1260,831,mnbfl,810,42.715660,-78.827217,1596130833,16,16011,0,1095,
1043,0,0,14011,4,-420,832,mowsh,825,42.885059,-78.840958,1596130828,14,14011,0,1041,
1044,42,20,42005,0,60,826,lcvtc,827,42.826458,-78.837868,1596130854,42,42005,0,1035,
1045,15,20,15007,0,60,829,sogat,830,42.839905,-78.783264,1596130856,15,15007,0,1048,
1047,46,19,14007,0,0,817,twyml,817,42.884869,-78.755608,1596130818,14,14007,0,1039,
1048,32,19,32013,0,-60,832,brrtc,831,42.932911,-78.876984,1596130831,32,32013,0,1087,
1049,0,0,4006,4,-300,820,tcbfl,815,42.883411,-78.872635,1596130843,4,4006,0,1019,
1052,0,0,15008,4,0,826,sogat,826,42.827446,-78.754448,1596130826,15,15008,0,1046,
1057,0,0,13005,4,540,826,utica,835,42.911652,-78.864815,1596130844,13,13005,0,2035,
1061,26,19,26005,0,0,823,badlv,823,42.922791,-78.804482,1596130819,26,26005,0,2092,
1062,44,20,44007,0,-180,825,mlptr,822,43.049015,-78.732040,1596130821,44,44007,0,2088,
1065,49,19,44006,0,-60,821,shhop,820,42.977955,-78.724487,1596130775,44,44006,0,2089,
1066,155,20,155001,0,0,821,quain,821,43.083500,-78.976074,1596130800,155,155001,0,3112,
1104,8,19,48001,0,0,821,bstmn,821,42.904804,-78.868240,1596130832,48,48001,0,2094,
1105,47,19,44008,0,-540,823,mnun,814,42.949657,-78.754486,1596130832,44,44008,0,2087,
1106,24,19,44003,0,0,830,marmn,830,42.889706,-78.870583,1596130846,44,44003,0,2085,
1108,24,19,24011,0,99999,9999,marmn,800,42.880249,-78.882866,1596130822,24,24011,1,2069,
1109,0,0,8007,4,-360,826,socam,820,42.950649,-78.826401,1596130837,8,8007,0,2004,
1111,23,19,23012,0,-120,831,hrtpk,829,42.947071,-78.886108,1596130845,23,23012,0,2057,
1112,12,20,12020,0,120,821,utica,823,42.911488,-78.865265,1596130846,12,12020,0,2022,
1114,12,19,12016,0,-180,827,nghmp,824,42.913055,-78.882050,1596130808,12,12016,0,2026,
1115,44,20,44004,0,2100,771,lkpt,806,43.114494,-78.697014,1596130852,44,44004,0,2086,
1116,23,20,23014,0,0,830,brrtc,830,42.945644,-78.907326,1596130814,23,23014,0,2061,
1119,12,20,12013,0,120,821,knegt,823,42.941051,-78.802170,1596130830,12,12013,0,2024,
1120,12,20,12012,0,0,825,ctyli,825,42.958706,-78.814606,1596130707,12,12012,0,2023,
1124,0,0,8008,4,-660,836,wtfrt,825,42.909618,-78.866600,1596130844,8,8008,0,2007,
1126,23,19,23011,0,60,823,flfry,824,42.922157,-78.839470,1596130813,23,23011,0,2059,
1127,0,0,22006,4,-120,832,twyml,830,42.932552,-78.790665,1596130839,22,22006,0,2047,
1128,12,19,12017,0,-60,826,utica,825,42.911018,-78.845345,1596130820,12,12017,0,2027,
1129,0,0,24012,4,0,835,marmn,835,42.910881,-78.866158,1596130827,24,24012,0,2018,
1130,22,19,22004,0,0,823,lkv,823,42.898205,-78.893517,1596130816,22,22004,0,2046,
1202,2,19,2008,0,-60,826,cltba,825,42.871750,-78.801613,1596130814,2,2008,0,1011,
1204,4,20,46003,0,-180,826,bdmgn,823,42.885941,-78.875687,1596130850,46,46003,0,1102,
1205,2,20,1005,0,60,824,cltun,825,42.855881,-78.773170,1596130839,1,1005,0,1004,
1206,0,0,4005,4,120,808,twyml,810,42.914597,-78.765503,1596130820,4,4005,0,1018,
1207,16,20,16012,0,0,827,mcmal,827,42.782539,-78.808609,1596130548,16,16012,0,1058,
1208,14,20,14010,0,0,833,mcmal,833,42.816696,-78.800797,1596130829,14,14010,0,1037,
1211,32,20,32014,0,-180,832,bflst,829,42.938274,-78.904274,1596130851,32,32014,0,1085,
1212,19,20,19011,0,0,820,socam,820,42.955074,-78.820183,1596130833,19,19011,0,1071,
1213,12,19,12014,0,60,819,nghmp,820,42.910965,-78.899879,1596130628,12,12014,0,2025,
1303,155,19,155002,0,-60,823,aquar,822,43.095104,-79.040283,1596130804,155,155002,0,3113,
1501,0,0,50024,4,99999,9999,prtc,775,43.009056,-78.957497,1596126076,50,50024,0,3091,
1504,25,19,25003,0,-480,829,dlwdv,821,42.946083,-78.868423,1596130798,25,25003,0,3053,
1506,20,19,34001,0,120,828,ellop,830,42.889324,-78.877472,1596130857,34,34001,0,3063,
1507,40,19,40010,0,0,824,tcbfl,824,42.883301,-78.872597,1596130851,40,40010,0,3082,
1508,0,0,35006,4,0,845,covhl,845,42.959530,-78.890907,1596130825,35,35006,0,3074,
1511,0,0,35005,4,-240,829,brrtc,825,42.958542,-78.889977,1596130856,35,35005,0,3072,
1512,25,19,5015,0,0,825,ellop,825,42.882504,-78.872520,1596130821,5,5015,0,3021,
1514,0,0,11004,4,0,845,ellop,845,42.958733,-78.890274,1596130406,11,11004,0,3106,
1517,55,19,55041,0,-120,823,casno,821,43.094501,-79.056213,1596130816,55,55041,0,3109,
1519,40,19,40012,0,0,820,ngvln,820,42.956726,-78.912270,1596130808,40,40012,0,3084,
1520,50,20,52028,0,0,840,nftc,840,43.100769,-78.979904,1596130810,52,52028,0,3099,
1601,20,19,20013,0,0,820,ellop,820,42.882530,-78.872070,1596130366,20,20013,0,3045,
1603,55,20,40011,0,-120,820,casno,818,43.086002,-79.059113,1596130841,40,40011,0,3083,
1604,52,20,52029,0,-300,827,pnhyd,822,43.108608,-79.046425,1596130847,52,52029,0,3098,
1605,3,19,25006,0,60,834,frgrt,835,42.946163,-78.891281,1596130840,25,25006,0,3058,
1606,11,20,25009,0,0,825,dlwdv,825,42.910637,-78.870506,1596130857,25,25009,0,3059,
1612,20,20,20004,0,240,824,dlwsh,828,42.976524,-78.878662,1596130852,20,20004,0,3039,
1614,0,0,40013,4,600,826,nfia,836,43.101624,-78.939598,1596130838,40,40013,0,3078,
1615,0,0,3004,5,99999,9999,,9999,42.959583,-78.889977,1596130842,3,3004,0,3004,
1617,5,19,20015,0,99999,9999,ellop,826,42.886215,-78.877213,1596130817,20,20015,1,3042,
1622,5,20,5007,0,-60,826,kenml,825,42.952106,-78.901482,1596130849,5,5007,0,3020,
1701,25,20,20005,0,-300,827,mdcty,822,43.033451,-78.871033,1596130850,20,20005,0,3040,
1703,5,19,5017,0,-120,829,brrtc,827,42.953342,-78.900513,1596130824,5,5017,0,3028,
1708,55,19,55038,0,60,828,nfb56,829,43.093868,-78.976555,1596130752,55,55038,0,3108,
1714,3,20,3010,0,0,828,sklmt,828,42.938164,-78.889755,1596130809,3,3010,0,3008,
1716,50,19,50022,0,120,827,nuniv,829,43.122276,-79.049217,1596130855,50,50022,0,3094,
1718,0,0,24013,4,720,826,airpt,838,42.934147,-78.730591,1596130828,24,24013,0,2054,
1720,12,19,12021,0,0,825,knegt,825,42.948887,-78.811142,1596130844,12,12021,0,2016,
1801,3,19,25007,0,0,820,ellop,820,42.882557,-78.872223,1596130223,25,25007,0,3054,
1802,52,20,50021,0,0,822,nftc,822,43.100796,-78.980019,1596130826,50,50021,0,3092,
1803,40,20,40008,0,120,829,falls,831,43.073627,-78.990585,1596130807,40,40008,0,3080,
1806,5,19,20006,0,0,820,ellop,820,42.882557,-78.872147,1596130787,20,20006,0,3041,
1807,20,19,20016,0,0,826,elmdv,826,42.934368,-78.877693,1596130802,20,20016,0,3047,
1808,50,20,50023,0,-360,826,prtc,820,43.122440,-79.050407,1596130640,50,50023,0,3093,
1809,55,19,40009,0,0,845,prtc,845,43.099396,-79.051674,1596130806,40,40009,0,3081,
1810,3,20,11001,0,0,826,frgrt,826,42.902634,-78.886589,1596130839,11,11001,0,3031,
1811,34,19,34002,0,0,827,audbn,827,43.039059,-78.810883,1596130698,34,34002,0,3064,
1812,25,20,25008,0,-60,826,dlwkn,825,42.944515,-78.868050,1596130854,25,25008,0,3097,
1813,35,20,35001,0,0,833,flint,833,42.980484,-78.817917,1596130817,35,35001,0,3071,
1815,11,19,11002,0,99999,9999,prpky,830,43.013870,-78.859268,1596130814,11,11002,0,3032,
1816,20,20,5012,0,0,827,elmdv,827,42.906593,-78.877060,1596130798,5,5012,0,3026,
1818,19,20,19008,0,-60,822,bdyba,821,42.890919,-78.814079,1596130815,19,19008,0,1072,
1819,1,20,4003,0,-60,822,aptml,821,42.884785,-78.755829,1596130834,4,4003,0,1016,
1822,0,0,19012,4,240,831,socam,835,42.948750,-78.813637,1596130840,19,19012,0,1074,
1824,42,19,42004,0,0,825,tpodl,825,42.826019,-78.832321,1596130809,42,42004,0,1098,
1902,34,19,34006,0,0,830,socam,830,42.980404,-78.823090,1596130805,34,34006,0,3066,
1903,3,19,5018,0,-300,821,trcem,816,42.895290,-78.881416,1596130814,5,5018,0,3025,
1904,0,0,5019,4,0,825,socam,825,42.954964,-78.820000,1596130796,5,5019,0,3105,
1905,34,20,34007,0,0,829,audbn,829,43.025558,-78.822044,1596130854,34,34007,0,3067,
1907,20,20,20014,0,0,820,orch,820,42.988403,-78.873077,1596130805,20,20014,0,3046,
1908,3,19,3011,0,-240,824,frgrt,820,42.929886,-78.889084,1596130741,3,3011,0,3005,
1909,0,0,5020,4,660,839,ellop,850,42.946770,-78.891167,1596130799,5,5020,0,3023,
1910,0,0,20017,4,-60,832,orch,831,42.980431,-78.885437,1596130835,20,20017,0,3044,
1912,11,19,34008,0,120,822,dlwnr,824,42.904804,-78.872337,1596130852,34,34008,0,3068,
1915,20,19,20011,0,-180,823,dlwsh,820,42.986591,-78.873268,1596130848,20,20011,0,3043,
1916,55,20,55039,0,60,823,nccc,824,43.142544,-78.889679,1596130848,55,55039,0,3104,
1917,0,0,20003,5,-120,825,front,823,42.959999,-78.907845,1596130847,20,20003,0,3038,
1918,5,20,5016,0,60,825,brrtc,826,42.933239,-78.901482,1596130836,5,5016,0,3024,
1920,40,19,5014,0,-120,828,casno,826,43.098431,-79.050812,1596130833,5,5014,0,3027,
1921,0,0,11003,4,0,826,mdcty,826,43.050667,-78.876167,1596130802,11,11003,0,3033,
1922,5,19,3009,0,-60,823,ngfry,822,42.923229,-78.898239,1596130837,3,3009,0,3010,
2001,26,19,26002,0,60,816,ngdlv,817,42.922241,-78.867867,1596130845,26,26002,0,2079,
2010,13,19,13002,0,180,822,utica,825,42.915310,-78.858337,1596130827,13,13002,0,2033,
2015,0,0,13006,4,0,855,wtfrt,855,42.916851,-78.862175,1596130847,13,13006,0,2036,
2128,2,19,2004,0,60,824,tcbfl,825,42.885223,-78.877357,1596130840,2,2004,0,1010,
2130,14,19,16007,0,120,837,bnmc,839,42.871777,-78.864479,1596130823,16,16007,0,1055,
2203,5,19,5013,0,-180,827,dlwkn,824,42.958595,-78.849297,1596130797,5,5013,0,3022,
2215,35,19,35004,0,0,821,ens,821,42.987801,-78.894295,1596130835,35,35004,0,3073,
2218,5,20,25010,0,-120,822,ngvrg,820,42.893089,-78.884689,1596130815,25,25010,0,3060,
2501,0,0,6012,4,-780,834,glrml,821,42.887974,-78.784973,1596130830,6,6012,0,1026,
2503,16,20,16010,0,-60,831,rdgsp,830,42.852997,-78.826553,1596130850,16,16010,0,1056,
2504,19,19,19010,0,60,821,abtba,822,42.857616,-78.828972,1596130745,19,19010,0,1073,
2507,19,20,19006,0,0,825,socam,825,42.952408,-78.814041,1596130831,19,19006,0,1069,
2512,15,19,14008,0,120,818,lterr,820,42.883106,-78.879929,1596130764,14,14008,0,1040,
2601,8,20,8006,0,180,817,socam,820,42.954689,-78.821304,1596130623,8,8006,0,2006,
2602,13,20,8005,0,0,838,winsp,838,42.923119,-78.829453,1596130809,8,8005,0,2005,
2604,12,20,12015,0,120,819,ctyli,821,42.958649,-78.814827,1596130629,12,12015,0,2015,
2605,48,19,48004,0,0,819,eccn,819,42.966129,-78.701820,1596130781,48,48004,0,2097,
2606,23,19,23013,0,-420,832,abtba,825,42.857697,-78.828934,1596130853,23,23013,0,2060,
2607,76,20,76003,0,99999,9999,senbg,794,42.594688,-79.091537,1596130854,76,76003,0,1054,
2612,32,19,32010,0,-180,823,knhty,820,42.944954,-78.788734,1596130799,32,32010,0,1086,
2613,16,19,14009,0,60,834,bnmc,835,42.898617,-78.868721,1596130828,14,14009,0,1036,
2614,6,19,6009,0,0,820,wtfrt,820,42.880138,-78.883095,1596130844,6,6009,0,1029,
2615,4,20,4002,0,60,822,twyml,823,42.897022,-78.784599,1596130833,4,4002,0,1015,
2617,1,20,1004,0,-120,825,wmmgn,823,42.885914,-78.874863,1596130849,1,1004,0,1005,
2618,0,0,1006,4,480,817,twyml,825,42.903484,-78.783630,1596130525,1,1006,0,1003,
2620,0,0,32015,4,120,818,twyml,820,42.901806,-78.784042,1596130807,32,32015,0,1084,
2623,16,19,16009,0,-300,825,abtba,820,42.849556,-78.823982,1596130809,16,16009,0,1060,
2624,6,20,6007,0,-60,821,sycfl,820,42.895016,-78.847839,1596130772,6,6007,0,1027,
2625,0,0,32016,4,0,857,tcbfl,857,42.882446,-78.825027,1596130816,32,32016,0,1088,
2629,0,0,6010,4,-960,791,wtfrt,775,99.000000,999.000000,1596126234,6,6010,0,1096,
2702,24,20,48005,0,-120,821,ungen,819,42.927025,-78.754341,1596130829,48,48005,0,2096,
2703,12,19,12019,0,0,821,badlv,821,42.928070,-78.814041,1596130811,12,12019,0,2019,
2704,12,20,12018,0,0,827,badlv,827,42.914486,-78.831535,1596130804,12,12018,0,2017,
2707,0,0,22005,4,120,823,ngdlv,825,42.922131,-78.898239,1596130754,22,22005,0,2048,
8141,45,99,45094,99,99999,9999,,9999,42.945724,-78.906761,1596130811,45,0,0,45094,
8145,45,99,45145,99,99999,9999,,9999,42.882584,-78.872368,1596130752,45,0,0,45145,
8201,45,99,45201,99,99999,9999,,9999,42.989174,-78.798820,1596130811,45,0,0,45201,
8205,45,99,45205,99,99999,9999,,9999,42.884125,-78.769753,1596130818,45,0,0,45205,
8206,45,99,45206,99,99999,9999,,9999,42.963436,-78.901924,1596128402,45,0,0,45206,
8208,45,99,45208,99,99999,9999,,9999,42.959862,-78.890160,1596130857,45,0,0,45208,
8211,45,99,45211,99,99999,9999,,9999,42.936127,-78.840729,1596130717,45,0,0,45211,
8213,45,99,45213,99,99999,9999,,9999,42.909397,-78.721176,1596128805,45,0,0,45213,
8216,45,99,45216,99,99999,9999,,9999,42.989723,-78.818176,1596130697,45,0,0,45216,
8217,45,99,45217,99,99999,9999,,9999,42.880550,-78.778084,1596130815,45,0,0,45217,
8218,45,99,45218,99,99999,9999,,9999,42.979111,-78.816315,1596130630,45,0,0,45218,
8219,45,99,45219,99,99999,9999,,9999,42.937969,-78.835892,1596130837,45,0,0,45219,
8220,45,99,45220,99,99999,9999,,9999,42.955544,-78.868835,1596130684,45,0,0,45220,
8221,45,99,45221,99,99999,9999,,9999,42.829426,-78.767441,1596130801,45,0,0,45221,
8222,45,99,45222,99,99999,9999,,9999,42.959339,-78.890312,1596130713,45,0,0,45222,
8224,45,99,45224,99,99999,9999,,9999,42.988434,-78.697350,1596130787,45,0,0,45224,
8225,45,99,45225,99,99999,9999,,9999,42.892899,-78.867424,1596130825,45,0,0,45225,
8226,45,99,45226,99,99999,9999,,9999,42.964867,-78.697090,1596130807,45,0,0,45226,
8227,45,99,45227,99,99999,9999,,9999,42.878761,-78.870285,1596130822,45,0,0,45227,
8229,45,99,45229,99,99999,9999,,9999,42.915501,-78.876953,1596130821,45,0,0,45229,
8230,45,99,45230,99,99999,9999,,9999,42.914761,-78.848030,1596130831,45,0,0,45230,
8231,45,99,45231,99,99999,9999,,9999,42.946411,-78.875420,1596130829,45,0,0,45231,
8232,45,99,45232,99,99999,9999,,9999,42.959034,-78.891617,1596130818,45,0,0,45232,
8233,45,99,45233,99,99999,9999,,9999,99.000000,999.000000,1596113295,45,0,0,45233,
8234,45,99,45234,99,99999,9999,,9999,42.958649,-78.817619,1596130756,45,0,0,45234,
8236,45,99,45236,99,99999,9999,,9999,99.000000,999.000000,1596099746,45,0,0,45236,
8238,45,99,45238,99,99999,9999,,9999,42.987637,-78.884468,1596130800,45,0,0,45238,
8240,45,99,45240,99,99999,9999,,9999,42.914211,-78.901817,1596130814,45,0,0,45240,
8241,45,99,45241,99,99999,9999,,9999,42.866608,-78.787910,1596130774,45,0,0,45241,
8304,45,99,45304,99,99999,9999,,9999,42.900845,-78.782104,1596130799,45,0,0,45304,
8306,45,99,45306,99,99999,9999,,9999,42.964123,-78.696907,1596130819,45,0,0,45306,
