1001,22,20,22001,0,0,420,bstgn,420,42.903759,-78.850594,1596106640,22,22001,0,2044,
1002,22,19,8003,0,-60,418,bstmn,417,42.903980,-78.865486,1596106632,8,8003,0,2003,
1003,12,20,12002,0,0,426,badlv,426,42.911129,-78.832397,1596106637,12,12002,0,2009,
1004,13,19,44001,0,0,421,dlvgr,421,42.926640,-78.830383,1596106672,44,44001,0,2083,
1006,12,19,12009,0,0,420,knegt,420,42.948807,-78.803474,1596106671,12,12009,0,2018,
1007,48,20,8002,0,-120,423,mnegt,421,42.955433,-78.821075,1596106676,8,8002,0,2002,
1008,12,20,12001,0,120,428,socam,430,42.943111,-78.803398,1596106657,12,12001,0,2008,
1010,12,19,12007,0,0,418,utica,418,42.911240,-78.861908,1596106639,12,12007,0,2014,
1011,12,19,12008,0,-60,418,badlv,417,42.924633,-78.813744,1596106686,12,12008,0,2096,
1016,0,0,67001,4,-600,420,eccn,410,42.966129,-78.720207,1596106673,67,67001,0,2017,
1017,26,20,26001,0,240,421,twyml,425,42.906620,-78.780769,1596106630,26,26001,0,2077,
1018,18,20,18003,0,-120,425,genjf,423,42.869717,-78.853798,1596106590,18,18003,0,2016,
1020,2,19,2005,0,-240,423,cltun,419,42.867928,-78.730591,1596106635,2,2005,0,1083,
1021,74,19,42001,0,60,413,ellop,414,42.841885,-78.755234,1596106679,42,42001,0,1095,
1022,0,0,6006,4,99999,9999,athpr,410,42.821781,-78.848885,1596106682,6,6006,0,1027,
1025,16,20,14001,0,-660,417,mnbfl,406,42.715633,-78.827408,1596106651,14,14001,0,1032,
1026,42,19,42002,0,0,429,spkls,429,42.821396,-78.848732,1596106647,42,42002,0,1096,
1027,2,20,2002,0,720,397,fltbk,409,42.848896,-78.697617,1596106657,2,2002,0,1008,
1029,0,0,74002,4,60,439,hrmhl,440,42.871941,-78.813080,1596106665,74,74002,0,1005,
1030,6,20,6003,0,0,428,glrml,428,42.910332,-78.763641,1596105714,6,6003,0,1023,
1031,76,19,1002,0,60,418,lkrt5,419,42.717529,-78.944176,1596106651,1,1002,0,1002,
1032,16,19,16006,0,-120,429,abtba,427,42.827034,-78.823944,1596106647,16,16006,0,1057,
1033,14,19,16005,0,0,423,spkls,423,42.858688,-78.834068,1596106655,16,16005,0,1025,
1037,0,0,14005,4,60,440,eccs,441,42.872246,-78.820633,1596106622,14,14005,0,1018,
1038,1,19,32007,0,-120,425,wmbck,423,42.889763,-78.803658,1596106656,32,32007,0,1072,
1039,19,19,19002,0,-60,417,baken,416,42.938877,-78.813744,1596106628,19,19002,0,1066,
1040,6,19,6005,0,-180,420,wldba,417,42.906429,-78.802467,1596106641,6,6005,0,1084,
1044,4,19,32001,0,0,420,tcbfl,420,42.883518,-78.872337,1596106624,32,32001,0,1077,
1045,19,20,19007,0,-60,418,bdyba,417,42.891468,-78.814117,1596106651,19,19007,0,1085,
1047,70,19,70001,0,180,422,hrnmn,425,42.879616,-78.871925,1596106643,70,70001,0,1079,
1048,46,19,46002,0,-60,425,dckbd,424,42.900021,-78.675835,1596106645,46,46002,0,1036,
1049,19,20,19003,0,60,419,winsp,420,42.947292,-78.813637,1596106667,19,19003,0,1067,
1050,32,19,32002,0,-60,426,ungen,425,42.909481,-78.759361,1596106685,32,32002,0,1078,
1052,2,20,2001,0,99999,9999,fltbk,355,42.885803,-78.874565,1596106649,2,2001,1,1007,
1055,12,19,12005,0,60,419,nghmp,420,42.910881,-78.899879,1596106461,12,12005,0,2012,
1056,23,20,23002,0,0,425,brrtc,425,42.945671,-78.907097,1596106646,23,23002,0,2050,
1057,24,20,12006,0,-60,429,genmn,428,42.878407,-78.875648,1596106669,12,12006,0,2013,
1061,13,20,8001,0,180,420,socam,423,42.959061,-78.815125,1596106655,8,8001,0,2001,
1062,24,19,24003,0,0,435,marmn,435,42.877331,-78.877914,1596106409,24,24003,0,2066,
1064,23,20,23007,0,-240,422,bdyfl,418,42.876179,-78.842560,1596106665,23,23007,0,2069,
1065,0,0,24007,4,-240,427,socam,423,42.939976,-78.838203,1596106659,24,24007,0,2035,
1104,49,20,48001,0,0,427,mhosp,427,42.996216,-78.730629,1596106657,48,48001,0,2094,
1105,47,20,49001,0,240,419,eccn,423,42.960079,-78.724640,1596106656,49,49001,0,2099,
1106,44,20,44003,0,360,428,lkpt,434,43.114216,-78.696793,1596106670,44,44003,0,2085,
1108,24,19,24006,0,0,417,bagen,417,42.911957,-78.815643,1596106677,24,24006,0,2004,
1110,64,19,24004,0,420,418,crspt,425,43.043102,-78.743729,1596106646,24,24004,0,2067,
1111,0,0,66002,4,0,451,ehmal,451,42.916904,-78.861877,1596106654,66,66002,0,2057,
1112,0,0,67002,4,360,431,eccn,437,42.954166,-78.765953,1596106633,67,67002,0,2046,
1113,18,20,18002,0,0,411,dlvst,411,42.905823,-78.854057,1596106660,18,18002,0,2040,
1114,48,19,13001,0,-180,420,eccn,417,42.956669,-78.717567,1596106684,13,13001,0,2032,
1115,8,19,44004,0,0,420,wtfrt,420,42.880249,-78.882980,1596106680,44,44004,0,2086,
1116,44,20,44005,0,0,422,flint,422,42.984116,-78.794617,1596106653,44,44005,0,2041,
1117,0,0,12010,4,-180,433,ctyli,430,42.918171,-78.861504,1596106641,12,12010,0,2020,
1118,0,0,23008,4,-240,417,brrtc,413,42.945644,-78.907394,1596106668,23,23008,0,2056,
1120,44,20,24005,0,-240,418,lkpt,414,43.167816,-78.696014,1596106678,24,24005,0,2068,
1124,23,19,23006,0,120,427,abtba,429,42.880054,-78.839317,1596106678,23,23006,0,2054,
1127,23,20,23005,0,0,427,brrtc,427,42.947788,-78.873154,1596106663,23,23005,0,2053,
1128,0,0,66001,4,120,404,mlptr,406,43.006031,-78.696831,1596106644,66,66001,0,2055,
1129,24,20,24002,0,0,421,airpt,421,42.934093,-78.730705,1596106650,24,24002,0,2065,
1130,8,19,8004,0,0,417,amsta,417,42.940418,-78.837975,1596106668,8,8004,0,2091,
1202,0,0,75001,4,-480,429,fltbk,421,42.841034,-78.730034,1596106631,75,75001,0,1058,
1203,15,20,15003,0,0,418,sogat,418,42.827446,-78.754417,1596106101,15,15003,0,1045,
1204,14,20,16003,0,-180,418,rdgab,415,42.830418,-78.805183,1596106674,16,16003,0,1053,
1205,32,19,32005,0,-120,420,clwbr,418,42.945286,-78.760628,1596106643,32,32005,0,1081,
1206,16,20,16001,0,-120,422,mcmal,420,42.790543,-78.823906,1596106644,16,16001,0,1051,
1207,1,20,1001,0,0,421,wmmgn,421,42.885143,-78.872337,1596106670,1,1001,0,1001,
1208,0,0,74001,4,-1020,428,hrmhl,411,42.757763,-78.763535,1596106526,74,74001,0,1071,
1211,42,20,42003,0,0,421,lcvtc,421,42.825962,-78.832764,1596106677,42,42003,0,1097,
1212,0,0,76001,4,99999,9999,senbg,422,42.674412,-78.947487,1596106226,76,76001,0,1026,
1213,22,19,22002,0,99999,9999,wldba,431,42.903320,-78.783371,1596106627,22,22002,0,2045,
1502,5,20,5005,0,60,406,dlwkn,407,42.957825,-78.818886,1596106646,5,5005,0,3018,
1504,25,19,25003,0,-120,417,ellop,415,42.882557,-78.872108,1596106628,25,25003,0,3053,
1505,52,19,52027,0,-180,418,olopc,415,43.153984,-79.031792,1596106658,52,52027,0,3097,
1506,34,19,34001,0,-60,437,nfbma,436,43.032101,-78.799416,1596106686,34,34001,0,3063,
1507,11,19,20008,0,60,424,dlwnr,425,42.917316,-78.868759,1596106676,20,20008,0,3054,
1508,5,19,5006,0,0,420,ellop,420,42.882584,-78.872368,1596106648,5,5006,0,3019,
1511,3,20,5004,0,-240,422,sklmt,418,42.946026,-78.891090,1596106684,5,5004,0,3017,
1512,3,19,3005,0,0,425,ellop,425,42.882614,-78.872444,1596106649,3,3005,0,3021,
1517,20,19,25001,0,0,429,elmdv,429,42.955734,-78.878441,1596106642,25,25001,0,3051,
1519,20,19,34005,0,0,424,elken,424,42.979359,-78.878738,1596106655,34,34005,0,3007,
1520,40,19,40004,0,60,420,giplz,421,43.039501,-78.979759,1596106638,40,40004,0,3078,
1601,3,19,5010,0,120,426,frgrt,428,42.932884,-78.888824,1596106664,5,5010,0,3033,
1604,25,19,5009,0,-60,425,orch,424,43.019344,-78.875275,1596106673,5,5009,0,3072,
1605,25,19,3006,0,-120,422,dlwdv,420,42.935440,-78.866493,1596106664,3,3006,0,3091,
1610,5,19,5001,0,180,431,ellop,434,42.882557,-78.872040,1596106682,5,5001,0,3014,
1612,3,20,20004,0,60,424,frgrt,425,42.902798,-78.886703,1596106680,20,20004,0,3039,
1614,40,20,40002,0,-60,420,brrtc,419,42.936184,-78.903008,1596106662,40,40002,0,3077,
1615,11,20,3004,0,0,419,prpky,419,42.979164,-78.858490,1596106666,3,3004,0,3004,
1616,5,19,5008,0,60,429,ngvrg,430,42.914181,-78.899582,1596106680,5,5008,0,3022,
1622,34,20,5007,0,60,381,advpk,382,42.958733,-78.814568,1596106556,5,5007,0,3020,
1701,20,20,20005,0,-60,421,elken,420,42.946495,-78.878181,1596106675,20,20005,0,3040,
1702,20,19,20001,0,0,419,elmnr,419,42.905079,-78.877213,1596106635,20,20001,0,3036,
1708,0,0,60001,4,720,393,nftc,405,43.040379,-78.980576,1596106672,60,60001,0,3092,
1714,55,20,52026,0,0,422,nftc,422,43.100826,-78.980019,1596106636,52,52026,0,3096,
1715,3,20,3002,0,0,418,tonvl,418,42.960079,-78.907959,1596106294,3,3002,0,3002,
1716,5,19,20009,0,0,426,brrtc,426,42.949932,-78.903641,1596106683,20,20009,0,3023,
1718,23,20,23004,0,60,418,mnfil,419,42.939426,-78.838943,1596106652,23,23004,0,2052,
1720,12,20,12003,0,120,420,utica,422,42.911213,-78.866264,1596106669,12,12003,0,2010,
1801,5,19,3001,0,-60,422,kenml,421,42.958706,-78.871216,1596106658,3,3001,0,3001,
1802,35,20,34004,0,0,425,flint,425,42.990688,-78.817093,1596106672,34,34004,0,3024,
1803,40,20,40003,0,-60,421,prtc,420,43.088039,-79.059151,1596106631,40,40003,0,3104,
1806,20,20,20006,0,0,423,elmdv,423,42.904888,-78.877060,1596106671,20,20006,0,3041,
1808,55,19,55034,0,-240,416,pnhyd,412,43.095215,-79.024017,1596106584,55,55034,0,3105,
1809,0,0,20010,4,240,423,orch,427,42.988377,-78.873077,1596106634,20,20010,0,3008,
1810,34,19,11001,0,60,404,socam,405,42.990467,-78.822418,1596106662,11,11001,0,3031,
1811,5,20,34002,0,60,423,ngfry,424,42.903458,-78.894150,1596106643,34,34002,0,3064,
1812,50,19,50020,0,99999,9999,lwstn,408,43.175846,-79.044228,1596106341,50,50020,0,3090,
1813,35,20,35001,0,0,428,covhl,428,43.000011,-78.783371,1596106642,35,35001,0,3071,
1814,52,20,40001,0,0,422,nftc,422,43.100796,-78.979904,1596106651,40,40001,0,3076,
1815,25,20,5003,0,0,418,dlwdv,418,42.918831,-78.868126,1596106640,5,5003,0,3016,
1817,0,0,32008,4,-240,424,twyml,420,42.884510,-78.784523,1596106629,32,32008,0,1004,
1818,32,19,32004,0,0,425,dlwam,425,42.940361,-78.844749,1596106642,32,32004,0,1080,
1819,4,20,4003,0,-60,420,bdyba,419,42.895428,-78.825134,1596106657,4,4003,0,1016,
1822,6,19,6001,0,0,422,wtfrt,422,42.880138,-78.882790,1596106663,6,6001,0,1021,
1824,15,19,15004,0,60,421,basen,422,42.860996,-78.817062,1596106661,15,15004,0,1070,
1902,0,0,34006,4,0,440,tonvl,440,42.959641,-78.890793,1596106634,34,34006,0,3066,
1903,3,19,5002,0,0,430,ellop,430,42.882584,-78.872299,1596106667,5,5002,0,3015,
1904,55,20,55033,0,0,418,nfia,418,43.100937,-78.940933,1596106685,55,55033,0,3103,
1905,20,19,20007,0,0,420,ellop,420,42.882584,-78.872185,1596106445,20,20007,0,3005,
1907,34,19,34003,0,1320,413,socam,435,42.955185,-78.820335,1596106633,34,34003,0,3098,
1908,40,19,55032,0,99999,9999,tcbfl,429,42.914322,-78.899429,1596106571,55,55032,0,3102,
1909,11,20,3003,0,-480,417,tnind,409,43.013844,-78.859421,1596106629,3,3003,0,3003,
1910,50,20,50019,0,-180,417,nftc,414,43.100716,-78.979866,1596106658,50,50019,0,3089,
1912,3,19,3007,0,0,425,trcem,425,42.906811,-78.888901,1596106680,3,3007,0,3006,
1914,5,20,20002,0,-60,419,kenml,418,42.961262,-78.893066,1596106652,20,20002,0,3037,
1917,5,20,20003,0,60,418,brrtc,419,42.945423,-78.907433,1596106666,20,20003,0,3038,
1918,55,20,55031,0,0,424,pnhyd,424,43.094666,-79.050293,1596106659,55,55031,0,3101,
1921,25,20,25002,0,0,419,mdcty,419,43.049427,-78.877251,1596106632,25,25002,0,3052,
1922,35,19,35002,0,0,431,wtrgt,431,42.986122,-78.908997,1596106661,35,35002,0,3032,
2001,26,20,26002,0,60,414,twyml,415,42.903099,-78.783783,1596106574,26,26002,0,2079,
2004,8,20,18001,0,-120,420,amsta,418,42.934696,-78.844231,1596106684,18,18001,0,2039,
2006,47,20,47001,0,240,411,airpt,415,42.934147,-78.730743,1596106343,47,47001,0,2034,
2010,13,19,13002,0,60,414,utica,415,42.911324,-78.865562,1596106630,13,13002,0,2033,
2015,24,20,24001,0,0,423,ungen,423,42.921444,-78.787392,1596106671,24,24001,0,2064,
2122,0,0,2007,4,0,446,ctrbd,446,42.882477,-78.824989,1596106654,2,2007,0,1037,
2128,2,20,2004,0,-60,419,fern,418,42.871666,-78.799416,1596106656,2,2004,0,1010,
2130,19,19,19005,0,180,421,abtba,424,42.857506,-78.829010,1596106611,19,19005,0,1055,
2215,35,20,35003,0,-120,429,ens,427,42.945751,-78.907921,1596106684,35,35003,0,3042,
2218,50,20,50018,0,180,430,mlnfb,433,43.079540,-79.009499,1596106670,50,50018,0,3088,
2501,4,19,4004,0,60,423,bdmgn,424,42.890697,-78.850151,1596106676,4,4004,0,1017,
2502,1,19,2003,0,180,422,tcbfl,425,42.883602,-78.872742,1596106539,2,2003,0,1009,
2503,69,19,69001,0,-180,430,ctrbd,427,42.891716,-78.535919,1596106589,69,69001,0,1056,
2507,19,20,19006,0,0,420,socam,420,42.954994,-78.820778,1596106620,19,19006,0,1069,
2508,0,0,72001,4,-240,439,eccs,435,42.872246,-78.821075,1596106634,72,72001,0,1073,
2513,0,0,14003,6,540,423,bnmc,432,42.898563,-78.868652,1596106588,14,14003,0,1034,
2514,16,20,16002,0,0,421,abtba,421,42.860062,-78.838570,1596106680,16,16002,0,1052,
2515,16,19,19004,0,0,419,bnmc,419,42.898453,-78.864632,1596106656,19,19004,0,1068,
2606,26,19,26004,0,60,422,elmdv,423,42.922211,-78.856995,1596106639,26,26004,0,2015,
2608,32,20,32003,0,0,423,glrml,423,42.911156,-78.754639,1596106675,32,32003,0,1003,
2610,15,19,15001,0,180,427,lterr,430,42.883217,-78.879814,1596106629,15,15001,0,1043,
2611,6,20,6002,0,-60,425,twyml,424,42.905521,-78.808685,1596106674,6,6002,0,1022,
2614,0,0,2006,4,60,419,eaura,420,42.769421,-78.610626,1596106568,2,2006,0,1046,
2615,32,19,4002,0,60,424,brrtc,425,42.945366,-78.907097,1596106621,4,4002,0,1015,
2616,1,20,46001,0,0,427,aptml,427,42.888580,-78.751694,1596106676,46,46001,0,1101,
2617,32,20,32006,0,0,423,amsta,423,42.940445,-78.859825,1596106637,32,32006,0,1082,
2618,14,20,14002,0,180,422,eccs,425,42.772556,-78.797440,1596106397,14,14002,0,1033,
2620,19,19,19001,0,180,418,wlmba,421,42.888332,-78.814453,1596106646,19,19001,0,1065,
2625,15,20,15002,0,0,419,scl,419,42.848072,-78.801537,1596106683,15,15002,0,1044,
2627,46,19,4001,0,-120,423,wldtr,421,42.908794,-78.742538,1596106663,4,4001,0,1014,
2628,14,20,14004,0,-120,435,spkls,433,42.900269,-78.867790,1596106633,14,14004,0,1035,
2629,0,0,16004,4,-960,379,mnbfl,363,99.000000,999.000000,1596101036,16,16004,0,1054,
2630,4,19,6004,0,-180,422,michl,419,42.905987,-78.784561,1596106645,6,6004,0,1024,
2701,26,19,26003,0,120,413,ngdlv,415,42.922047,-78.897385,1596106632,26,26003,0,2078,
2702,48,20,48002,0,240,433,ehmal,437,42.973610,-78.693932,1596106641,48,48002,0,2095,
2703,23,19,23001,0,0,420,abtba,420,42.857643,-78.828934,1596106650,23,23001,0,2049,
2705,0,0,13003,4,-240,429,socam,425,42.933239,-78.845909,1596106635,13,13003,0,2019,
2706,12,20,12004,0,60,419,ctyli,420,42.958649,-78.815269,1596106578,12,12004,0,2011,
2707,23,19,23003,0,0,424,flfry,424,42.934120,-78.839539,1596106657,23,23003,0,2051,
2713,44,19,44002,0,-60,420,flint,419,42.998058,-78.787766,1596106669,44,44002,0,2084,
8143,45,99,45143,99,99999,9999,,9999,42.944103,-78.897644,1596106662,45,0,0,45143,
8144,45,99,45091,99,99999,9999,,9999,42.959778,-78.817062,1596106682,45,0,0,45091,
8201,45,99,45201,99,99999,9999,,9999,42.997372,-78.934792,1596106604,45,0,0,45201,
8205,45,99,45205,99,99999,9999,,9999,42.900654,-78.867424,1596106663,45,0,0,45205,
8206,45,99,45206,99,99999,9999,,9999,43.054955,-78.900215,1596106259,45,0,0,45206,
8208,45,99,45208,99,99999,9999,,9999,42.910774,-78.800682,1596106612,45,0,0,45208,
8211,45,99,45211,99,99999,9999,,9999,43.010296,-78.822639,1596106631,45,0,0,45211,
8213,45,99,45213,99,99999,9999,,9999,42.934422,-78.851936,1596106672,45,0,0,45213,
8216,45,99,45216,99,99999,9999,,9999,42.866692,-78.709709,1596106681,45,0,0,45216,
8218,45,99,45218,99,99999,9999,,9999,43.015106,-78.782143,1596106654,45,0,0,45218,
8219,45,99,45219,99,99999,9999,,9999,42.959915,-78.835709,1596106628,45,0,0,45219,
8220,45,99,45220,99,99999,9999,,9999,42.715607,-78.824989,1596106608,45,0,0,45220,
8222,45,99,45222,99,99999,9999,,9999,42.904778,-78.730217,1596106651,45,0,0,45222,
8224,45,99,45224,99,99999,9999,,9999,42.893147,-78.754227,1596106596,45,0,0,45224,
8225,45,99,45225,99,99999,9999,,9999,42.922352,-78.899689,1596106675,45,0,0,45225,
8227,45,99,45227,99,99999,9999,,9999,43.000118,-78.939667,1596106610,45,0,0,45227,
8229,45,99,45229,99,99999,9999,,9999,43.012001,-78.846947,1596106667,45,0,0,45229,
8230,45,99,45230,99,99999,9999,,9999,42.951721,-78.869278,1596106646,45,0,0,45230,
8231,45,99,45231,99,99999,9999,,9999,42.934204,-78.842110,1596106679,45,0,0,45231,
8232,45,99,45232,99,99999,9999,,9999,42.981171,-78.860458,1596106663,45,0,0,45232,
8233,45,99,45233,99,99999,9999,,9999,99.000000,999.000000,1596098131,45,0,0,45233,
8234,45,99,45234,99,99999,9999,,9999,42.988049,-78.815643,1596106627,45,0,0,45234,
8236,45,99,45236,99,99999,9999,,9999,99.000000,999.000000,1596099746,45,0,0,45236,
8237,45,99,45237,99,99999,9999,,9999,42.990879,-78.815605,1596106580,45,0,0,45237,
8238,45,99,45238,99,99999,9999,,9999,42.796398,-78.828674,1596106647,45,0,0,45238,
8239,45,99,45239,99,99999,9999,,9999,42.977516,-78.815643,1596106678,45,0,0,45239,
8240,45,99,45240,99,99999,9999,,9999,42.935768,-78.880936,1596106653,45,0,0,45240,
8241,45,99,45241,99,99999,9999,,9999,42.937420,-78.889900,1596106683,45,0,0,45241,
8302,45,99,45302,99,99999,9999,,9999,42.932774,-78.833885,1596106685,45,0,0,45302,
8306,45,99,45306,99,99999,9999,,9999,42.850906,-78.825058,1596106635,45,0,0,45306,
8308,45,99,45308,99,99999,9999,,9999,42.886269,-78.784973,1596106626,45,0,0,45308,
8309,45,99,45309,99,99999,9999,,9999,42.789196,-78.823502,1596106661,45,0,0,45309,
8310,45,99,45310,99,99999,9999,,9999,42.919407,-78.796806,1596106645,45,0,0,45310,
