1002,22,20,26008,0,0,1200,twyml,1200,42.903019,-78.783562,1596151998,26,26008,0,2082,
1004,12,19,12022,0,0,1193,filut,1193,42.910442,-78.834663,1596153073,12,12022,0,2028,
1005,8,20,48006,0,0,1198,amsta,1198,42.923313,-78.856033,1596153030,48,48006,0,2098,
1006,23,20,23020,0,-60,1191,flfry,1190,42.912861,-78.839058,1596153073,23,23020,0,2062,
1007,24,19,24015,0,0,1190,marmn,1190,42.877277,-78.877693,1596152624,24,24015,0,2072,
1011,24,20,24018,0,0,1192,andrw,1192,42.917839,-78.800682,1596153043,24,24018,0,2074,
1013,0,0,13008,6,0,1205,airpt,1205,42.934174,-78.730408,1596153072,13,13008,0,2038,
1014,18,19,18005,0,-540,1191,spkls,1182,42.871502,-78.862877,1596153081,18,18005,0,2043,
1018,12,20,12023,0,0,1193,ctyli,1193,42.955238,-78.821228,1596153048,12,12023,0,2029,
1020,2,19,2009,0,0,1196,cltun,1196,42.867954,-78.730782,1596153058,2,2009,0,1012,
1028,32,20,32020,0,0,1196,glrml,1196,42.919132,-78.754341,1596153041,32,32020,0,1093,
1030,32,20,32021,0,-420,1205,bflst,1198,42.944351,-78.907394,1596153074,32,32021,0,1092,
1033,32,20,32019,0,0,1190,twyml,1190,42.902550,-78.783745,1596153054,32,32019,0,1091,
1034,15,19,15010,0,60,1193,sensm,1194,42.871391,-78.836380,1596153072,15,15010,0,1050,
1037,19,20,19014,0,120,1195,socam,1197,42.953259,-78.813744,1596153075,19,19014,0,1075,
1038,0,0,6008,5,60,1206,babck,1207,42.897133,-78.784302,1596153029,6,6008,0,1028,
1041,16,19,16016,0,300,1199,bnmc,1204,42.898590,-78.868835,1596153066,16,16016,0,1064,
1042,16,19,16015,0,0,1210,bnmc,1210,42.898590,-78.868385,1596152547,16,16015,0,1063,
1043,14,20,14011,0,0,1197,mercy,1197,42.856926,-78.828712,1596153046,14,14011,0,1041,
1044,6,19,6014,0,-240,1192,twyml,1188,42.903786,-78.780472,1596153023,6,6014,0,1031,
1045,76,19,15007,0,780,1193,ellop,1206,42.883274,-78.877434,1596153025,15,15007,0,1048,
1046,4,20,4009,0,300,1194,twyml,1199,42.903870,-78.780281,1596153056,4,4009,0,1020,
1055,26,19,26007,0,-60,1192,elmdv,1191,42.922295,-78.871849,1596153061,26,26007,0,2081,
1059,23,19,23021,0,0,1191,mnfil,1191,42.939838,-78.838539,1596153078,23,23021,0,2063,
1104,13,19,47004,0,0,1207,utica,1207,42.911678,-78.864815,1596152916,47,47004,0,2093,
1107,13,19,13007,0,0,1205,dlvgr,1205,42.947155,-78.813744,1596153056,13,13007,0,2037,
1113,24,19,24020,0,-60,1195,marmn,1194,42.883190,-78.872894,1596153033,24,24020,0,2076,
1115,44,19,44009,0,60,1195,socam,1196,42.965828,-78.811287,1596153080,44,44009,0,2090,
1116,0,0,23014,5,0,1197,colds,1197,42.902191,-78.839279,1596153070,23,23014,0,2061,
1119,0,0,12013,5,99999,9999,,9999,42.916767,-78.860756,1596153060,12,12013,0,2024,
1120,0,0,12012,5,99999,9999,,9999,42.917068,-78.860573,1596152936,12,12012,0,2023,
1124,8,19,8008,0,0,1192,bstmn,1192,42.908489,-78.867012,1596153073,8,8008,0,2007,
1128,12,20,12017,0,-180,1198,filut,1195,42.911186,-78.863586,1596153066,12,12017,0,2027,
1129,12,19,12024,0,60,1192,nghmp,1193,42.910881,-78.899879,1596152820,12,12024,0,2030,
1201,42,19,42007,0,-60,1197,shops,1196,42.829563,-78.763573,1596153026,42,42007,0,1100,
1203,6,20,6013,0,60,1195,wldba,1196,42.900517,-78.830086,1596153040,6,6013,0,1030,
1301,155,20,155003,0,0,1200,nfia,1200,43.101044,-78.940933,1596153078,155,155003,0,3114,
1502,34,19,34009,0,99999,9999,socam,895,43.028309,-78.815498,1596153051,34,34009,0,3069,
1504,50,20,50025,0,0,1208,nftc,1208,43.100689,-78.979866,1596153074,50,50025,0,3095,
1506,52,19,52030,0,-300,1197,prtc,1192,43.106079,-79.029114,1596153045,52,52030,0,3100,
1508,35,19,35006,0,60,1193,ens,1194,42.987003,-78.893959,1596153054,35,35006,0,3074,
1517,55,20,55041,0,-240,1196,casno,1192,43.094746,-79.050148,1596153046,55,55041,0,3109,
1519,55,19,40012,0,99999,9999,prtc,1137,43.100658,-78.978935,1596152918,40,40012,1,3084,
1606,20,19,25009,0,300,1195,ellop,1200,42.889046,-78.876053,1596153025,25,25009,0,3059,
1608,5,20,5021,0,-60,1196,ngvrg,1195,42.883518,-78.876953,1596153028,5,5021,0,3029,
1612,11,19,11005,0,-180,1198,ellop,1195,42.898151,-78.874420,1596153081,11,11005,0,3034,
1622,20,19,3018,0,0,1200,ellop,1200,42.882584,-78.872108,1596153002,3,3018,0,3012,
1701,5,20,11006,0,99999,9999,socam,1065,42.977379,-78.858452,1596153079,11,11006,0,3035,
1702,3,19,3019,0,60,1197,frgrt,1198,42.932251,-78.888863,1596153036,3,3019,0,3013,
1703,3,20,5017,0,0,1195,sklmt,1195,42.945999,-78.891090,1596153053,5,5017,0,3028,
1711,35,20,35007,0,0,1200,covhl,1200,43.000011,-78.783333,1596153059,35,35007,0,3075,
1713,20,20,20020,0,0,1191,elmdv,1191,42.903431,-78.877098,1596152604,20,20020,0,3050,
1720,12,19,12025,0,-60,1190,socam,1189,42.954937,-78.821152,1596153012,12,12025,0,2031,
1802,25,19,25014,0,-120,1196,orch,1194,43.010929,-78.872635,1596153055,25,25014,0,3062,
1806,3,19,3017,0,-60,1191,ellop,1190,42.882557,-78.872223,1596153069,3,3017,0,3011,
1807,5,20,20016,0,-60,1196,kenml,1195,42.949768,-78.903786,1596153030,20,20016,0,3047,
1810,5,19,20018,0,-60,1197,ngvrg,1196,42.909946,-78.900063,1596153035,20,20018,0,3048,
1811,20,19,20019,0,-60,1193,dlwsh,1192,42.986645,-78.873268,1596153058,20,20019,0,3049,
1812,25,20,25013,0,-120,1200,dlwnr,1198,42.883381,-78.876167,1596153065,25,25013,0,3061,
1813,55,20,55042,0,-60,1199,nccc,1198,43.088917,-78.889496,1596153003,55,55042,0,3110,
1817,16,19,16014,0,0,1196,bgtsp,1196,42.750832,-78.824692,1596153028,16,16014,0,1062,
1819,42,20,42006,0,-240,1201,spkls,1197,42.883739,-78.872742,1596153063,42,42006,0,1099,
1820,2,19,2011,0,0,1205,tcbfl,1205,42.883492,-78.872780,1596153077,2,2011,0,1013,
1821,15,20,15009,0,0,1220,sogat,1220,42.827446,-78.754417,1596153030,15,15009,0,1049,
1822,19,19,19012,0,0,1195,bdyba,1195,42.907829,-78.813782,1596153067,19,19012,0,1074,
1902,155,19,155004,0,0,1200,falls,1200,43.084187,-79.060677,1596152736,155,155004,0,3115,
1904,0,0,5022,6,99999,9999,socam,1180,42.958569,-78.846352,1596153024,5,5022,0,3030,
1912,34,19,34008,0,120,1184,socam,1186,42.958706,-78.862320,1596153080,34,34008,0,3068,
1914,0,0,40014,6,99999,9999,ellop,1200,42.882641,-78.872406,1596152940,40,40014,0,3085,
1915,55,19,55043,0,0,1194,nfb56,1194,43.088890,-78.974098,1596152957,55,55043,0,3111,
1916,40,19,40017,0,60,1201,ngvln,1202,43.007107,-78.949120,1596153076,40,40017,0,3087,
1917,40,19,40016,0,99999,9999,tcbfl,1170,42.939537,-78.904793,1596153064,40,40016,0,3086,
1919,5,20,34011,0,99999,9999,socam,1200,42.958649,-78.814568,1596152754,34,34011,1,3070,
2011,22,19,26006,0,-60,1189,lkv,1188,42.898151,-78.893997,1596152689,26,26006,0,2080,
2015,44,20,13006,0,60,1192,lkpt,1193,43.169685,-78.690208,1596152839,13,13006,0,2036,
2218,40,20,25010,0,-60,1194,falls,1193,43.080284,-79.048843,1596153077,25,25010,0,3060,
2512,0,0,14008,5,0,1205,babck,1205,42.837650,-78.793159,1596153045,14,14008,0,1040,
2601,48,19,8006,0,-120,1186,eccn,1184,42.961758,-78.752144,1596153029,8,8006,0,2006,
2605,47,20,48004,0,0,1191,airpt,1191,42.933926,-78.731148,1596153065,48,48004,0,2097,
2607,14,19,14012,0,-180,1200,rdgab,1197,42.796841,-78.808792,1596153038,14,14012,0,1042,
2608,32,19,32018,0,60,1196,bflst,1197,42.940582,-78.872299,1596153082,32,32018,0,1090,
2611,4,19,32017,0,-60,1208,tcbfl,1207,42.880661,-78.770905,1596153075,32,32017,0,1089,
2614,6,19,6009,0,0,1195,wtfrt,1195,42.878983,-78.882423,1596152992,6,6009,0,1029,
2615,19,19,19015,0,60,1192,abtba,1193,42.857643,-78.828896,1596152824,19,19015,0,1076,
2624,32,19,32022,0,-180,1197,glrml,1194,42.906841,-78.779388,1596153049,32,32022,0,1094,
2625,1,19,32016,0,99999,9999,tcbfl,1200,42.887646,-78.872856,1596153034,32,32016,1,1088,
2630,16,20,16013,0,120,1197,splke,1199,42.822857,-78.824356,1596153033,16,16013,0,1061,
2701,13,20,24016,0,-120,1192,flfry,1190,42.914623,-78.840958,1596153010,24,24016,0,2073,
2706,24,19,24014,0,0,1194,andrw,1194,42.925842,-78.760857,1596153047,24,24014,0,2071,
2707,26,20,22005,0,0,1197,gnhar,1197,42.922707,-78.809578,1596152983,22,22005,0,2048,
2708,24,20,24019,0,60,1200,airpt,1201,42.934204,-78.730515,1596152526,24,24019,0,2075,
8211,45,99,45211,99,99999,9999,,9999,43.020416,-78.880333,1596153036,45,0,0,45211,
8222,45,99,45222,99,99999,9999,,9999,42.784576,-78.811699,1596153061,45,0,0,45222,
8233,45,99,45233,99,99999,9999,,9999,99.000000,999.000000,1596138517,45,0,0,45233,
