1001,67,20,67003,0,300,999,knhty,1004,42.939125,-78.800049,1596141327,67,67003,0,2095,
1002,0,0,26008,4,99999,9999,twyml,985,42.916245,-78.784225,1596141293,26,26008,0,2082,
1003,23,20,23017,0,60,1004,brrtc,1005,42.945671,-78.906914,1596141323,23,23017,0,2055,
1004,0,0,12022,6,99999,9999,ellop,1005,42.882584,-78.872299,1596141199,12,12022,0,2028,
1005,48,19,48006,0,60,987,eccn,988,42.962334,-78.748421,1596141329,48,48006,0,2098,
1006,23,19,23020,0,0,995,hrtpk,995,42.947594,-78.849998,1596141299,23,23020,0,2062,
1007,24,20,24015,0,420,1008,holtz,1015,42.930241,-78.759659,1596141324,24,24015,0,2072,
1008,23,20,23015,0,0,1003,flfry,1003,42.897491,-78.839241,1596141326,23,23015,0,2058,
1010,0,0,66003,6,0,995,mnaln,995,42.900101,-78.869766,1596141326,66,66003,0,2056,
1011,24,19,24018,0,-60,1006,ungen,1005,42.933407,-78.732338,1596141327,24,24018,0,2074,
1013,0,0,13008,4,0,1015,ctyli,1015,42.916962,-78.861908,1596141293,13,13008,0,2038,
1014,26,19,18005,0,180,998,ngdlv,1001,42.920124,-78.894150,1596141306,18,18005,0,2043,
1016,24,20,24017,0,120,998,ungen,1000,42.924496,-78.773026,1596141287,24,24017,0,2070,
1017,18,19,18004,0,60,1003,spkls,1004,42.880356,-78.854019,1596141314,18,18004,0,2041,
1018,12,20,12023,0,-540,995,elmut,986,42.911266,-78.877510,1596141334,12,12023,0,2029,
1020,4,20,2009,0,-180,1001,bdmgn,998,42.885777,-78.874825,1596141337,2,2009,0,1012,
1021,32,20,32011,0,-1200,1005,bflst,985,42.934559,-78.901886,1596141283,32,32011,0,1083,
1022,19,20,19009,0,60,1002,winsp,1003,42.934753,-78.813599,1596141326,19,19009,0,1070,
1023,16,19,16008,0,-60,995,rdgsp,994,42.824974,-78.823982,1596141308,16,16008,0,1059,
1025,6,20,6011,0,120,998,sycmg,1000,42.888168,-78.870880,1596141328,6,6011,0,1025,
1026,1,19,1003,0,0,999,wmmgn,999,42.885197,-78.853760,1596141333,1,1003,0,1006,
1027,4,20,4007,0,0,1004,michl,1004,42.899086,-78.794983,1596141167,4,4007,0,1017,
1029,32,20,32012,0,0,995,ungen,995,42.927711,-78.754265,1596141296,32,32012,0,1079,
1032,0,0,76002,6,0,999,ellop,999,42.882530,-78.872070,1596141278,76,76002,0,1103,
1033,0,0,32019,4,0,1000,twyml,1000,42.902851,-78.783669,1596141339,32,32019,0,1091,
1034,0,0,15010,4,0,1000,lterr,1000,42.883137,-78.879707,1596141298,15,15010,0,1050,
1037,0,0,19014,4,-120,1002,socam,1000,42.938465,-78.813599,1596141301,19,19014,0,1075,
1038,6,19,6008,0,120,1008,wtfrt,1010,42.888248,-78.870995,1596141314,6,6008,0,1028,
1039,0,0,69002,4,0,1001,lterr,1001,42.882889,-78.879593,1596141311,69,69002,0,1097,
1040,15,20,15006,0,120,1000,scl,1002,42.855579,-78.810135,1596141321,15,15006,0,1047,
1042,0,0,16015,4,540,1001,mowsh,1010,42.887398,-78.872856,1596141307,16,16015,0,1063,
1043,16,19,14011,0,0,1035,mowsh,1035,42.887508,-78.872818,1596141296,14,14011,0,1041,
1044,0,0,42005,5,-120,1004,babck,1002,42.876343,-78.800682,1596141307,42,42005,0,1035,
1045,15,19,15007,0,0,1001,basen,1001,42.853214,-78.807236,1596141250,15,15007,0,1048,
1046,2,20,4009,0,60,1000,cltba,1001,42.878544,-78.837158,1596141281,4,4009,0,1020,
1047,14,19,14007,0,-120,1007,rdgab,1005,42.784962,-78.809952,1596141332,14,14007,0,1039,
1048,32,19,32013,0,0,999,dlwam,999,42.940418,-78.850555,1596141285,32,32013,0,1087,
1049,4,19,4006,0,60,1004,tcbfl,1005,42.886078,-78.871407,1596141296,4,4006,0,1019,
1050,70,20,70002,0,99999,9999,fern,990,42.854012,-78.770493,1596141310,70,70002,1,1080,
1052,15,19,15008,0,0,1010,lterr,1010,42.883301,-78.879814,1596141054,15,15008,0,1046,
1055,26,20,26007,0,60,1004,badlv,1005,42.921799,-78.839836,1596141285,26,26007,0,2081,
1057,8,20,13005,0,0,1000,socam,1000,42.955101,-78.820595,1596141298,13,13005,0,2035,
1061,0,0,47005,4,240,1001,crspt,1005,43.042030,-78.743362,1596141334,47,47005,0,2092,
1062,13,20,44007,0,-180,996,flfry,993,42.914597,-78.843483,1596141335,44,44007,0,2088,
1065,8,19,44006,0,0,1020,wtfrt,1020,42.880165,-78.882904,1596141288,44,44006,0,2089,
1066,155,19,155001,0,-120,999,aquar,997,43.095131,-79.031982,1596141254,155,155001,0,3112,
1104,49,20,47004,0,-540,997,mhosp,988,42.991100,-78.720467,1596141286,47,47004,0,2093,
1105,44,19,44008,0,240,998,socam,1002,42.966240,-78.811104,1596141226,44,44008,0,2087,
1106,23,20,23019,0,-300,995,mnfil,990,42.939209,-78.839096,1596141316,23,23019,0,2021,
1107,0,0,13007,4,-60,1001,socam,1000,42.945560,-78.832062,1596141281,13,13007,0,2037,
1109,48,20,8007,0,0,1017,ehmal,1017,42.973557,-78.693703,1596141325,8,8007,0,2004,
1110,18,20,18006,0,0,1004,dlvst,1004,42.896912,-78.853943,1596141289,18,18006,0,2042,
1111,23,19,23012,0,-60,998,flfry,997,42.926640,-78.839432,1596141299,23,23012,0,2057,
1112,12,20,12020,0,0,998,badlv,998,42.914761,-78.813744,1596141300,12,12020,0,2022,
1113,0,0,24020,4,360,1001,airpt,1007,42.934147,-78.730476,1596141319,24,24020,0,2076,
1114,12,19,12016,0,120,1003,nghmp,1005,42.910801,-78.899879,1596141262,12,12016,0,2026,
1115,44,20,44009,0,0,998,lkpt,998,43.155659,-78.696831,1596141306,44,44009,0,2090,
1116,23,20,23014,0,-240,994,brrtc,990,42.945671,-78.907135,1596141295,23,23014,0,2061,
1118,0,0,23018,6,240,1021,mnaln,1025,42.900211,-78.869652,1596141331,23,23018,0,2020,
1119,12,20,12013,0,120,996,knegt,998,42.940281,-78.801353,1596141284,12,12013,0,2024,
1120,12,19,12012,0,0,1009,knegt,1009,42.954224,-78.822601,1596141339,12,12012,0,2023,
1124,13,19,8008,0,0,1001,flfry,1001,42.919048,-78.829231,1596141298,8,8008,0,2007,
1126,23,19,23011,0,180,1000,abtba,1003,42.865974,-78.847618,1596141327,23,23011,0,2059,
1127,22,20,22006,0,-240,996,bstmn,992,42.904613,-78.872482,1596141293,22,22006,0,2047,
1128,12,19,12017,0,99999,9999,nghmp,1020,42.909012,-78.899727,1596141334,12,12017,1,2027,
1130,22,19,22004,0,0,1004,lkv,1004,42.904778,-78.880859,1596141331,22,22004,0,2046,
1201,42,20,42007,0,-180,1005,spkls,1002,42.884041,-78.872635,1596141311,42,42007,0,1100,
1202,2,19,2008,0,0,1005,tcbfl,1005,42.883492,-78.872665,1596141328,2,2008,0,1011,
1203,6,20,6013,0,120,1002,glrml,1004,42.905876,-78.780655,1596141323,6,6013,0,1030,
1204,4,19,46003,0,0,1000,tcbfl,1000,42.883518,-78.872665,1596141304,46,46003,0,1102,
1205,1,20,1005,0,0,998,aptml,998,42.888554,-78.751961,1596141293,1,1005,0,1004,
1206,4,19,4005,0,-60,997,bdyba,996,42.897877,-78.807083,1596141335,4,4005,0,1018,
1207,14,19,16012,0,60,996,abtba,997,42.857094,-78.829048,1596141299,16,16012,0,1058,
1208,75,20,14010,0,0,1003,ctrbl,1003,42.839630,-78.762901,1596141333,14,14010,0,1037,
1211,46,19,32014,0,120,996,twyml,998,42.884869,-78.822754,1596141305,32,32014,0,1085,
1212,19,20,19011,0,-180,997,wlmba,994,42.877689,-78.815903,1596141287,19,19011,0,1071,
1213,12,19,12014,0,120,988,nghmp,990,42.910938,-78.899879,1596141142,12,12014,0,2025,
1303,155,20,155002,0,60,999,bswst,1000,43.089909,-78.968811,1596141318,155,155002,0,3113,
1501,0,0,50024,4,99999,9999,prtc,775,43.009056,-78.957497,1596126076,50,50024,0,3091,
1502,34,19,34009,0,99999,9999,socam,895,42.955212,-78.820412,1596140748,34,34009,0,3069,
1504,50,20,50025,0,-360,1003,nuniv,997,43.153816,-79.030678,1596141242,50,50025,0,3095,
1505,3,19,3013,0,-60,997,trcem,996,42.898399,-78.884354,1596141289,3,3013,0,3007,
1506,60,20,52030,0,60,1000,giplz,1001,43.008121,-78.949867,1596141329,52,52030,0,3100,
1507,0,0,40010,6,0,1015,nftc,1015,43.100742,-78.979866,1596141305,40,40010,0,3082,
1508,35,20,35006,0,0,1008,flint,1008,42.980484,-78.818024,1596141338,35,35006,0,3074,
1511,40,20,35005,0,-420,1013,brrtc,1006,42.891769,-78.883163,1596141309,35,35005,0,3072,
1512,25,20,5015,0,120,1008,dlwkn,1010,42.928482,-78.866455,1596141337,5,5015,0,3021,
1514,11,19,11004,0,0,1000,ellop,1000,42.882557,-78.872108,1596140754,11,11004,0,3106,
1517,55,19,55041,0,0,1005,prtc,1005,43.099369,-79.051704,1596141270,55,55041,0,3109,
1518,5,19,3016,0,0,997,ellop,997,42.882477,-78.872040,1596141303,3,3016,0,3079,
1519,40,19,40012,0,-60,999,ngvln,998,42.997753,-78.935944,1596141143,40,40012,0,3084,
1520,52,19,52028,0,60,997,prtc,998,43.102474,-79.049179,1596141323,52,52028,0,3099,
1601,5,20,20013,0,120,1004,kenml,1006,42.957577,-78.907990,1596141294,20,20013,0,3045,
1603,40,19,40011,0,-120,1004,casno,1002,43.099148,-79.051224,1596141322,40,40011,0,3083,
1604,52,20,52029,0,0,997,nfb56,997,43.094776,-79.016380,1596141300,52,52029,0,3098,
1605,25,19,25006,0,-180,998,orch,995,43.002457,-78.875160,1596141294,25,25006,0,3058,
1606,25,20,25009,0,300,997,mnngr,1002,43.018543,-78.879219,1596141310,25,25009,0,3059,
1610,3,20,3012,0,60,1005,tonvl,1006,42.960079,-78.907959,1596141302,3,3012,0,3009,
1612,11,20,11005,0,0,1032,tnind,1032,43.012878,-78.859383,1596141306,11,11005,0,3034,
1614,40,19,40013,0,0,997,tcbfl,997,42.883549,-78.872665,1596141292,40,40013,0,3078,
1615,5,19,34010,0,0,996,kenml,996,42.958622,-78.885139,1596141296,34,34010,0,3065,
1616,25,20,25011,0,0,1004,mnngr,1004,43.020691,-78.878998,1596140780,25,25011,0,3057,
1617,25,20,20015,0,-60,1004,dlwnr,1003,42.885777,-78.877548,1596141315,20,20015,0,3042,
1622,5,19,3018,0,0,1006,dlwkn,1006,42.958237,-78.827888,1596141288,3,3018,0,3012,
1701,5,20,11006,0,-360,1001,ngfry,995,42.901340,-78.892212,1596141304,11,11006,0,3035,
1703,5,19,5017,0,60,999,ngvrg,1000,42.898479,-78.889641,1596141338,5,5017,0,3028,
1708,55,20,55038,0,0,1000,boces,1000,43.145981,-78.864594,1596139442,55,55038,0,3108,
1711,5,20,35007,0,2460,994,socam,1035,42.954525,-78.819702,1596141318,35,35007,0,3075,
1713,0,0,20020,4,300,1000,ellop,1005,42.882446,-78.872223,1596141278,20,20020,0,3050,
1714,25,19,3010,0,-60,1009,dlwdv,1008,42.955956,-78.869392,1596141322,3,3010,0,3008,
1715,25,19,25012,0,99999,9999,ellop,1000,42.885967,-78.877548,1596141339,25,25012,1,3056,
1716,50,19,50022,0,-180,1005,prtc,1002,43.083969,-79.059784,1596141308,50,50022,0,3094,
1718,47,19,24013,0,60,1004,mnegt,1005,42.960300,-78.760666,1596141282,24,24013,0,2054,
1720,12,19,12021,0,60,1000,filut,1001,42.914539,-78.829788,1596141297,12,12021,0,2016,
1801,5,20,25007,0,-180,1003,ngvrg,1000,42.883381,-78.876389,1596141311,25,25007,0,3054,
1802,50,20,50021,0,180,979,nftc,982,43.013596,-78.968475,1596141339,50,50021,0,3092,
1803,40,20,40008,0,0,1006,falls,1006,43.060291,-78.990364,1596141321,40,40008,0,3080,
1806,3,20,3017,0,0,1004,frgrt,1004,42.899166,-78.883316,1596141295,3,3017,0,3011,
1807,20,19,20016,0,0,1030,ellop,1030,42.882557,-78.872223,1596141256,20,20016,0,3047,
1808,34,19,34012,0,180,998,blvml,1001,42.988213,-78.822754,1596141332,34,34012,0,3093,
1809,40,20,40009,0,0,1013,prtc,1013,43.099396,-79.051636,1596141319,40,40009,0,3081,
1810,3,20,20018,0,0,1007,sklmt,1007,42.929638,-78.889122,1596141320,20,20018,0,3048,
1811,0,0,20019,4,0,1000,ellop,1000,42.882614,-78.872444,1596141283,20,20019,0,3049,
1812,0,0,25013,4,0,1020,ellop,1020,42.959557,-78.890831,1596141231,25,25013,0,3061,
1813,40,19,55042,0,0,1001,tcbfl,1001,42.892815,-78.884354,1596141331,55,55042,0,3110,
1814,3,19,3015,0,0,997,frgrt,997,42.916904,-78.890648,1596141336,3,3015,0,3006,
1815,11,19,11002,0,99999,9999,prpky,953,42.882557,-78.872406,1596141268,11,11002,0,3032,
1816,3,19,5012,0,0,999,sklmt,999,42.962608,-78.900398,1596141311,5,5012,0,3026,
1817,16,20,16014,0,60,999,abtba,1000,42.862564,-78.842224,1596141313,16,16014,0,1062,
1818,19,19,19008,0,120,1000,abtba,1002,42.869411,-78.821938,1596141329,19,19008,0,1072,
1819,42,19,42006,0,-300,1006,shops,1001,42.826679,-78.754417,1596141316,42,42006,0,1099,
1820,4,20,2011,0,-60,1001,bdyba,1000,42.894436,-78.831573,1596141303,2,2011,0,1013,
1821,0,0,15009,6,-360,1006,sogat,1000,42.814964,-78.792526,1596141316,15,15009,0,1049,
1822,19,19,19012,0,0,1007,abtba,1007,42.857616,-78.828674,1596141116,19,19012,0,1074,
1824,0,0,42004,6,60,1026,lterr,1027,42.883438,-78.879890,1596141263,42,42004,0,1098,
1902,0,0,155004,4,-300,1020,nfia,1015,42.959229,-78.891022,1596141319,155,155004,0,3115,
1903,5,20,5018,0,0,1005,socam,1005,42.957878,-78.818062,1596141334,5,5018,0,3025,
1904,34,20,5019,0,60,997,nfbma,998,42.986671,-78.822533,1596141309,5,5019,0,3105,
1905,34,20,34007,0,0,1010,hazwd,1010,43.029461,-78.801094,1596141315,34,34007,0,3067,
1907,20,19,20014,0,240,1007,ellop,1011,42.896748,-78.877136,1596141318,20,20014,0,3046,
1908,11,20,3011,0,120,1004,clvkn,1006,42.941818,-78.867752,1596141314,3,3011,0,3005,
1909,5,19,5020,0,0,1010,ellop,1010,42.882557,-78.872597,1596141254,5,5020,0,3023,
1910,20,19,20017,0,60,1006,elmdv,1007,42.947899,-78.878365,1596141230,20,20017,0,3044,
1911,55,19,40015,0,0,1002,casno,1002,43.094856,-79.048393,1596141335,40,40015,0,3107,
1912,34,20,34008,0,0,996,hazwd,996,43.028858,-78.815010,1596141305,34,34008,0,3068,
1914,55,20,40014,0,-240,1001,pnhyd,997,43.094692,-79.050148,1596141283,40,40014,0,3085,
1915,0,0,20011,5,60,1010,front,1011,42.930161,-78.899429,1596141301,20,20011,0,3043,
1916,55,20,55039,0,-60,1002,nfia,1001,43.091667,-78.962967,1596141302,55,55039,0,3104,
1917,0,0,40016,4,180,1000,tcbfl,1003,42.883080,-78.872818,1596141289,40,40016,0,3086,
1918,20,20,5016,0,0,1002,orch,1002,42.988377,-78.873077,1596141290,5,5016,0,3024,
1919,20,20,34011,0,180,999,elken,1002,42.951691,-78.878181,1596141335,34,34011,0,3070,
1920,5,20,5014,0,180,1007,socam,1010,42.958622,-78.856628,1596141318,5,5014,0,3027,
1921,11,19,11003,0,-60,1007,dlwdv,1006,42.955517,-78.859009,1596141316,11,11003,0,3033,
1922,20,20,3009,0,60,1004,elmdv,1005,42.905907,-78.877098,1596141291,3,3009,0,3010,
2001,48,20,48005,0,0,1004,mnun,1004,42.963654,-78.803398,1596141286,48,48005,0,2096,
2011,26,20,26006,0,0,1015,twyml,1015,42.901642,-78.784119,1596141329,26,26006,0,2080,
2015,13,20,13006,0,180,1027,socam,1030,42.955074,-78.820480,1596141294,13,13006,0,2036,
2203,5,19,5013,0,-240,999,brrtc,995,42.958923,-78.909332,1596141305,5,5013,0,3022,
2215,35,19,35004,0,180,1010,wtrgt,1013,42.987801,-78.900955,1596141283,35,35004,0,3073,
2218,25,20,25010,0,180,1003,orch,1006,42.965195,-78.870506,1596141265,25,25010,0,3060,
2501,6,19,6012,0,99999,9999,wtfrt,1000,42.880276,-78.884430,1596141338,6,6012,1,1026,
2503,16,20,16010,0,0,1002,mcmal,1002,42.795135,-78.824242,1596141301,16,16010,0,1056,
2504,19,19,19010,0,-60,1006,baken,1005,42.952381,-78.814194,1596141315,19,19010,0,1073,
2511,0,0,74003,6,540,991,ellop,1000,42.882504,-78.872597,1596141303,74,74003,0,1081,
2512,14,20,14008,0,60,998,rdgab,999,42.832176,-78.806038,1596141329,14,14008,0,1040,
2601,8,20,8006,0,-60,1000,mnaln,999,42.889156,-78.871140,1596141313,8,8006,0,2006,
2602,8,19,8005,0,-60,996,mnmgn,995,42.921772,-78.858223,1596141320,8,8005,0,2005,
2604,12,19,12015,0,-60,998,knegt,997,42.942398,-78.803772,1596141281,12,12015,0,2015,
2605,47,20,48004,0,99999,9999,eccn,995,42.965939,-78.724861,1596141291,48,48004,1,2097,
2606,23,19,23013,0,-60,997,abtba,996,42.857616,-78.828972,1596141296,23,23013,0,2060,
2607,0,0,14012,4,240,987,mowsh,991,42.884563,-78.872780,1596141309,14,14012,0,1042,
2608,32,19,32018,0,0,1000,clwbr,1000,42.944790,-78.754677,1596141305,32,32018,0,1090,
2611,1,20,32017,0,0,1001,nolvj,1001,42.884785,-78.817955,1596141295,32,32017,0,1089,
2612,6,19,32010,0,-300,995,twyml,990,42.903870,-78.780579,1596141311,32,32010,0,1086,
2613,0,0,14009,6,600,990,mohel,1000,42.886959,-78.872444,1596141276,14,14009,0,1036,
2614,6,20,6009,0,99999,9999,glrml,1033,42.910496,-78.763908,1596141286,6,6009,1,1029,
2616,2,20,2010,0,-60,995,fltbk,994,42.847469,-78.697723,1596141011,2,2010,0,1082,
2617,2,19,1004,0,-60,998,cltba,997,42.871887,-78.809723,1596141299,1,1004,0,1005,
2618,1,19,1006,0,120,993,tcbfl,995,42.883465,-78.872444,1596140315,1,1006,0,1003,
2620,46,19,32015,0,-240,1004,glrml,1000,42.904778,-78.780807,1596141317,32,32015,0,1084,
2623,16,19,16009,0,-60,1001,mcmal,1000,42.789085,-78.824059,1596141319,16,16009,0,1060,
2625,32,19,32016,0,180,997,brrtc,1000,42.945396,-78.907097,1596141331,32,32016,0,1088,
2627,74,20,4008,0,60,1009,athpr,1010,42.852528,-78.864555,1596141310,4,4008,0,1057,
2628,19,19,19013,0,0,997,bagen,997,42.914841,-78.814041,1596141327,19,19013,0,1038,
2630,16,20,16013,0,180,1002,rdgsp,1005,42.842049,-78.824165,1596141316,16,16013,0,1061,
2701,24,19,24016,0,180,996,genfl,999,42.905411,-78.832024,1596141293,24,24016,0,2073,
2703,12,19,12019,0,-60,995,utica,994,42.911240,-78.865784,1596141323,12,12019,0,2019,
2704,12,20,12018,0,0,998,socam,998,42.950729,-78.824615,1596141313,12,12018,0,2017,
2706,24,20,24014,0,-240,1007,genmn,1003,42.882393,-78.874603,1596141332,24,24014,0,2071,
2707,22,20,22005,0,180,992,twyml,995,42.903294,-78.783630,1596141265,22,22005,0,2048,
2708,0,0,24019,4,0,1002,marmn,1002,99.000000,999.000000,1596130190,24,24019,0,2075,
2713,47,19,47003,0,60,954,socam,955,42.916931,-78.862175,1596140406,47,47003,0,2091,
8133,45,99,45096,99,99999,9999,,9999,42.962582,-78.889008,1596141287,45,0,0,45096,
8145,45,99,45145,99,99999,9999,,9999,42.897793,-78.888824,1596141266,45,0,0,45145,
8206,45,99,45206,99,99999,9999,,9999,42.990990,-78.756386,1596141233,45,0,0,45206,
8208,45,99,45208,99,99999,9999,,9999,42.850494,-78.820412,1596141306,45,0,0,45208,
8211,45,99,45211,99,99999,9999,,9999,42.903320,-78.868317,1596141332,45,0,0,45211,
8213,45,99,45213,99,99999,9999,,9999,42.989063,-78.815536,1596141324,45,0,0,45213,
8216,45,99,45216,99,99999,9999,,9999,42.959751,-78.891357,1596141326,45,0,0,45216,
8218,45,99,45218,99,99999,9999,,9999,43.094803,-78.971718,1596141184,45,0,0,45218,
8222,45,99,45222,99,99999,9999,,9999,42.866856,-78.723816,1596141338,45,0,0,45222,
8224,45,99,45224,99,99999,9999,,9999,42.857258,-78.830124,1596141290,45,0,0,45224,
8225,45,99,45225,99,99999,9999,,9999,42.995556,-78.835930,1596141334,45,0,0,45225,
8227,45,99,45227,99,99999,9999,,9999,42.844387,-78.859940,1596141320,45,0,0,45227,
8229,45,99,45229,99,99999,9999,,9999,42.996681,-78.824020,1596141333,45,0,0,45229,
8231,45,99,45231,99,99999,9999,,9999,42.910553,-78.705841,1596141337,45,0,0,45231,
8232,45,99,45232,99,99999,9999,,9999,42.999844,-78.822639,1596141284,45,0,0,45232,
8237,45,99,45237,99,99999,9999,,9999,43.008148,-78.951096,1596140917,45,0,0,45237,
8238,45,99,45238,99,99999,9999,,9999,42.949329,-78.828896,1596141308,45,0,0,45238,
8239,45,99,45239,99,99999,9999,,9999,42.961979,-78.757172,1596140931,45,0,0,45239,
8240,45,99,45240,99,99999,9999,,9999,42.976994,-78.737366,1596141323,45,0,0,45240,
8241,45,99,45241,99,99999,9999,,9999,42.980705,-78.823906,1596141282,45,0,0,45241,
8301,45,99,45301,99,99999,9999,,9999,42.937393,-78.867683,1596141290,45,0,0,45301,
8307,45,99,45307,99,99999,9999,,9999,42.950401,-78.812370,1596141314,45,0,0,45307,
