1004,0,0,44001,4,99999,9999,socam,313,42.940006,-78.838127,1596099681,44,44001,0,2083,
1008,12,19,12001,0,-240,308,socam,304,42.957386,-78.819031,1596100000,12,12001,0,2008,
1025,16,19,14001,0,-60,307,abtba,306,42.852364,-78.825691,1596099956,14,14001,0,1032,
1027,0,0,2002,4,-480,320,twyml,312,42.882420,-78.825211,1596099964,2,2002,0,1008,
1030,0,0,6003,4,-780,320,glrml,307,42.892925,-78.784637,1596099968,6,6003,0,1023,
1039,0,0,19002,4,99999,9999,socam,315,42.955185,-78.820412,1596099750,19,19002,0,1066,
1044,4,19,32001,0,-60,310,bdyfl,309,42.896114,-78.820595,1596099983,32,32001,0,1077,
1049,0,0,19003,4,0,309,abtba,309,42.857616,-78.828636,1596099974,19,19003,0,1067,
1052,0,0,2001,4,0,310,tcbfl,310,42.883518,-78.872704,1596099952,2,2001,0,1007,
1056,23,19,23002,0,-60,317,hrtpk,316,42.945999,-78.891426,1596100007,23,23002,0,2050,
1061,13,20,8001,0,0,322,winsp,322,42.923393,-78.829155,1596099990,8,8001,0,2001,
1062,0,0,24003,4,-480,323,marmn,315,42.911350,-78.866005,1596100006,24,24003,0,2066,
1105,0,0,49001,4,1320,284,socam,306,42.954937,-78.820480,1596099959,49,49001,0,2099,
1114,24,19,13001,0,0,311,genfl,311,42.911983,-78.815498,1596100006,13,13001,0,2032,
1129,0,0,24002,4,99999,9999,airpt,311,42.933899,-78.728729,1596100005,24,24002,0,2065,
1203,0,0,15003,4,-180,324,sogat,321,42.876068,-78.830574,1596099994,15,15003,0,1045,
1204,0,0,16003,4,0,332,mcmal,332,42.882420,-78.825096,1596099980,16,16003,0,1053,
1206,0,0,16001,4,-1020,320,mcmal,303,42.791176,-78.820480,1596100004,16,16001,0,1051,
1207,1,19,1001,0,60,309,wmmgn,310,42.885117,-78.857445,1596099976,1,1001,0,1001,
1517,5,19,25001,0,0,311,dlwkn,311,42.958569,-78.847694,1596100003,25,25001,0,3051,
1610,5,20,5001,0,-300,312,ngvrg,307,42.883354,-78.876167,1596099979,5,5001,0,3014,
1614,0,0,40002,4,0,320,prtc,320,43.089027,-79.044266,1596099970,40,40002,0,3077,
1702,20,19,20001,0,0,307,elmdv,307,42.923836,-78.877098,1596099995,20,20001,0,3036,
1714,40,20,52026,0,-180,325,brrtc,322,42.883163,-78.874794,1596099996,52,52026,0,3096,
1715,0,0,3002,4,-60,306,mnngr,305,43.020580,-78.879593,1596100008,3,3002,0,3002,
1718,0,0,23004,4,99999,9999,brrtc,325,99.000000,999.000000,1596099894,23,23004,0,2052,
1801,3,19,3001,0,-60,312,ellop,311,42.890614,-78.878510,1596099987,3,3001,0,3001,
1814,52,19,40001,0,-60,309,nfb56,308,43.090019,-78.969147,1596099954,40,40001,0,3076,
1815,5,20,5003,0,99999,9999,kenml,310,42.952682,-78.905235,1596099968,5,5003,0,3016,
1822,6,19,6001,0,60,310,sycmg,311,42.894905,-78.848099,1596099972,6,6001,0,1021,
1903,5,19,5002,0,0,312,ngvrg,312,42.906071,-78.896751,1596099973,5,5002,0,3015,
1908,0,0,55032,4,-420,318,nfia,311,43.031303,-78.881195,1596099931,55,55032,0,3102,
1909,0,0,3003,4,0,309,tonvl,309,42.960052,-78.907959,1596099989,3,3003,0,3003,
1910,0,0,50019,4,99999,9999,olopc,332,43.154285,-79.034698,1596099725,50,50019,0,3089,
1918,55,20,55031,0,0,309,casno,309,43.094555,-79.054535,1596099967,55,55031,0,3101,
1921,0,0,25002,4,-480,314,prpky,306,42.980816,-78.859825,1596099992,25,25002,0,3052,
2015,24,20,24001,0,0,308,bagen,308,42.906704,-78.828743,1596100002,24,24001,0,2064,
2218,0,0,50018,4,420,295,nftc,302,43.100632,-78.980057,1596099937,50,50018,0,3088,
2502,0,0,2003,4,0,315,goeth,315,42.883053,-78.825394,1596099984,2,2003,0,1009,
2514,0,0,16002,4,0,326,mnbfl,326,42.881538,-78.825844,1596099953,16,16002,0,1052,
2515,0,0,19004,4,0,346,mnbfl,346,42.881676,-78.825958,1596099984,19,19004,0,1068,
2610,15,19,15001,0,-180,311,scl,308,42.839958,-78.783371,1596099937,15,15001,0,1043,
2611,6,20,6002,0,0,307,sycmg,307,42.888634,-78.868050,1596100006,6,6002,0,1022,
2618,0,0,14002,4,-540,324,shops,315,42.876232,-78.831200,1596099974,14,14002,0,1033,
2620,19,19,19001,0,-180,313,baken,310,42.952629,-78.814117,1596099970,19,19001,0,1065,
2625,0,0,15002,4,-360,316,lterr,310,42.879478,-78.877846,1596099989,15,15002,0,1044,
2627,0,0,4001,4,900,299,fern,314,42.871365,-78.795547,1596099778,4,4001,0,1014,
2703,23,20,23001,0,0,313,bdyfl,313,42.874828,-78.844086,1596099979,23,23001,0,2049,
2707,0,0,23003,4,2460,289,abtba,330,42.857506,-78.829010,1596099750,23,23003,0,2051,
8205,45,99,45205,99,99999,9999,,9999,42.959694,-78.890236,1596099637,45,0,0,45205,
8206,45,99,45206,99,99999,9999,,9999,42.959282,-78.891541,1596100005,45,0,0,45206,
8208,45,99,45208,99,99999,9999,,9999,42.959862,-78.890198,1596099940,45,0,0,45208,
8220,45,99,45220,99,99999,9999,,9999,42.959309,-78.890312,1596099155,45,0,0,45220,
8224,45,99,45224,99,99999,9999,,9999,42.959202,-78.890312,1596099862,45,0,0,45224,
8233,45,99,45233,99,99999,9999,,9999,99.000000,999.000000,1596098131,45,0,0,45233,
8234,45,99,45234,99,99999,9999,,9999,42.880413,-78.854134,1596099955,45,0,0,45234,
8236,45,99,45236,99,99999,9999,,9999,99.000000,999.000000,1596099746,45,0,0,45236,
8237,45,99,45237,99,99999,9999,,9999,99.000000,999.000000,1596099871,45,0,0,45237,
