1001,22,19,22001,0,0,557,bstgn,557,42.903706,-78.822639,1596114882,22,22001,0,2044,
1002,0,0,8003,6,0,570,wtfrt,570,42.880249,-78.882942,1596113864,8,8003,0,2003,
1003,12,20,12002,0,-60,557,elmut,556,42.913990,-78.882164,1596114878,12,12002,0,2009,
1004,44,20,44001,0,99999,9999,lkpt,553,43.151810,-78.696831,1596114380,44,44001,0,2083,
1006,12,20,12009,0,0,555,ctyli,555,42.958706,-78.814568,1596114201,12,12009,0,2018,
1007,8,19,8002,0,60,562,wtfrt,563,42.889324,-78.874420,1596114858,8,8002,0,2002,
1008,12,20,12001,0,60,566,badlv,567,42.910469,-78.838982,1596114884,12,12001,0,2008,
1010,12,19,12007,0,0,556,utica,556,42.911266,-78.862213,1596114880,12,12007,0,2014,
1017,22,20,26001,0,180,557,twyml,560,42.903706,-78.783524,1596114870,26,26001,0,2077,
1018,18,20,18003,0,0,561,dlvst,561,42.922352,-78.856438,1596114832,18,18003,0,2016,
1021,42,20,42001,0,0,560,sogat,560,42.829319,-78.777939,1596114844,42,42001,0,1095,
1022,6,20,6006,0,-300,558,sycmg,553,42.885555,-78.871925,1596114862,6,6006,0,1027,
1025,14,20,14001,0,0,564,eccs,564,42.772587,-78.797180,1596114835,14,14001,0,1032,
1026,42,19,42002,0,0,563,mohel,563,42.873867,-78.864517,1596114831,42,42002,0,1096,
1027,1,19,2002,0,-240,566,nolvj,562,42.888386,-78.753891,1596114846,2,2002,0,1008,
1029,0,0,15005,4,0,575,lterr,575,42.882198,-78.825134,1596114849,15,15005,0,1019,
1030,6,20,6003,0,-360,554,glrml,548,42.910358,-78.763611,1596114843,6,6003,0,1023,
1031,1,19,1002,0,0,557,tcbfl,557,42.883381,-78.877281,1596114834,1,1002,0,1002,
1032,16,20,16006,0,99999,9999,mnbfl,532,42.715633,-78.827484,1596114830,16,16006,0,1057,
1033,16,19,16005,0,240,553,mowsh,557,42.883518,-78.863548,1596114838,16,16005,0,1025,
1038,32,19,32007,0,-60,559,amhba,558,42.942287,-78.803177,1596114871,32,32007,0,1072,
1040,6,19,6005,0,0,564,wtfrt,564,42.885033,-78.872444,1596114882,6,6005,0,1084,
1044,32,19,32001,0,180,572,brrtc,575,42.945396,-78.906914,1596114863,32,32001,0,1077,
1045,19,20,19007,0,360,541,socam,547,42.954304,-78.820816,1596114834,19,19007,0,1085,
1049,19,20,19003,0,120,543,socam,545,42.938080,-78.813744,1596114850,19,19003,0,1067,
1050,32,20,32002,0,-180,559,knhty,556,42.938133,-78.813110,1596114866,32,32002,0,1078,
1052,2,20,2001,0,99999,9999,fltbk,355,42.883602,-78.877319,1596114833,2,2001,1,1007,
1055,12,19,12005,0,180,573,nghmp,576,42.910912,-78.899879,1596114710,12,12005,0,2012,
1056,23,20,23002,0,0,565,brrtc,565,42.945671,-78.907097,1596114711,23,23002,0,2050,
1057,12,19,12006,0,60,564,badlv,565,42.939594,-78.800758,1596114851,12,12006,0,2013,
1061,0,0,24005,6,0,555,socam,555,42.954414,-78.821007,1596114293,24,24005,0,2068,
1062,24,19,24003,0,99999,9999,marmn,535,42.877361,-78.877953,1596114828,24,24003,0,2066,
1064,23,20,23007,0,0,556,flfry,556,42.908684,-78.839058,1596114848,23,23007,0,2069,
1065,24,20,24007,0,-300,555,genmn,550,42.889927,-78.869392,1596114842,24,24007,0,2035,
1066,155,20,155001,0,-240,557,ltity,553,43.094692,-79.049812,1596114751,155,155001,0,3112,
1104,48,19,48001,0,0,557,eccn,557,42.957962,-78.714661,1596114840,48,48001,0,2094,
1105,49,19,49001,0,-60,558,mpltr,557,42.991016,-78.724968,1596114839,49,49001,0,2099,
1106,48,20,44003,0,360,567,ehmal,573,42.973610,-78.693703,1596114853,44,44003,0,2085,
1108,0,0,24006,5,60,570,colds,571,42.877251,-78.876022,1596114876,24,24006,0,2004,
1109,8,20,8001,0,120,553,socam,555,42.955212,-78.820412,1596114845,8,8001,0,2001,
1110,8,19,24004,0,240,541,wtfrt,545,42.889679,-78.870735,1596114830,24,24004,0,2067,
1113,18,19,18002,0,180,550,spkls,553,42.896912,-78.864105,1596114843,18,18002,0,2040,
1114,13,20,13001,0,0,550,socam,550,42.954525,-78.819885,1596114390,13,13001,0,2032,
1115,44,19,44004,0,0,557,crspt,557,43.055424,-78.725563,1596114861,44,44004,0,2086,
1116,44,19,44005,0,0,555,socam,555,42.954250,-78.820671,1596114836,44,44005,0,2041,
1117,12,20,12010,0,180,557,socam,560,42.951363,-78.825325,1596114883,12,12010,0,2020,
1118,23,19,23008,0,-300,568,hrtpk,563,42.943443,-78.899063,1596114851,23,23008,0,2056,
1123,24,19,24009,0,0,555,bagen,555,42.912781,-78.813484,1596114860,24,24009,0,2047,
1124,23,19,23006,0,0,585,abtba,585,42.857616,-78.828674,1596114860,23,23006,0,2054,
1127,23,20,23005,0,-180,560,brrtc,557,42.947319,-78.885620,1596114846,23,23005,0,2053,
1128,23,20,23010,0,-180,566,bdyfl,563,42.858109,-78.832130,1596114827,23,23010,0,2042,
1129,24,19,24002,0,-120,561,ungen,559,42.932468,-78.728096,1596114833,24,24002,0,2065,
1130,48,20,8004,0,60,536,ehmal,537,42.914925,-78.853722,1596114850,8,8004,0,2091,
1203,15,19,15003,0,0,555,basen,555,42.865372,-78.822083,1596114876,15,15003,0,1045,
1204,16,20,16003,0,0,564,mcmal,564,42.782539,-78.808571,1596114857,16,16003,0,1053,
1205,32,20,32005,0,120,578,twyml,580,42.901943,-78.783821,1596114844,32,32005,0,1081,
1206,16,19,16001,0,0,554,bnmc,554,42.898617,-78.868721,1596114828,16,16001,0,1051,
1207,1,20,1001,0,0,556,wmbck,556,42.884869,-78.830086,1596114852,1,1001,0,1001,
1211,15,20,42003,0,0,570,sogat,570,42.827614,-78.754448,1596114859,42,42003,0,1097,
1212,6,20,76001,0,120,559,glrml,561,42.908241,-78.773506,1596114881,76,76001,0,1026,
1213,26,19,22002,0,0,555,ngdlv,555,42.922157,-78.897942,1596114789,22,22002,0,2045,
1303,155,19,155002,0,0,560,hojo,560,43.076378,-78.975922,1596114874,155,155002,0,3113,
1501,20,19,20012,0,-60,569,elmdv,568,42.957603,-78.878479,1596114855,20,20012,0,3025,
1502,5,20,5005,0,0,559,ngfry,559,42.905052,-78.895676,1596114829,5,5005,0,3018,
1504,25,20,25003,0,-240,565,dlwnr,561,42.883163,-78.873268,1596114868,25,25003,0,3053,
1505,52,19,52027,0,0,564,olopc,564,43.154312,-79.034882,1596114604,52,52027,0,3097,
1506,34,19,34001,0,60,539,socam,540,42.958706,-78.861984,1596114866,34,34001,0,3063,
1507,0,0,20008,5,-180,574,front,571,42.881126,-78.872261,1596114858,20,20008,0,3054,
1508,5,19,5006,0,300,580,ellop,585,42.882336,-78.872963,1596114831,5,5006,0,3019,
1511,11,20,5004,0,-480,558,tnind,550,43.012249,-78.846725,1596114865,5,5004,0,3017,
1514,55,19,55035,0,60,560,nfb56,561,43.089081,-78.973091,1596114862,55,55035,0,3106,
1517,25,20,25001,0,0,565,mdcty,565,43.050911,-78.876282,1596114706,25,25001,0,3051,
1519,5,20,34005,0,180,537,socam,540,43.001194,-78.822273,1596114792,34,34005,0,3007,
1520,0,0,40004,5,0,567,front,567,42.980511,-78.904495,1596114878,40,40004,0,3078,
1601,5,19,5010,0,0,557,brrtc,557,42.956863,-78.911827,1596114847,5,5010,0,3033,
1603,34,19,5011,0,60,559,socam,560,42.969292,-78.823387,1596114847,5,5011,0,3065,
1604,5,20,5009,0,60,554,socam,555,42.954609,-78.820709,1596114736,5,5009,0,3072,
1605,0,0,3006,5,60,575,front,576,42.881817,-78.871887,1596114876,3,3006,0,3091,
1610,20,19,5001,0,0,570,ellop,570,42.882584,-78.872223,1596114264,5,5001,0,3014,
1612,20,20,20004,0,120,580,orch,582,42.988377,-78.873154,1596114861,20,20004,0,3039,
1614,40,19,40002,0,120,560,tcbfl,562,42.892899,-78.884430,1596114845,40,40002,0,3077,
1615,3,20,3004,0,60,570,sklmt,571,42.916355,-78.890495,1596114872,3,3004,0,3004,
1616,0,0,40007,4,-300,573,tcbfl,568,42.960243,-78.890984,1596114837,40,40007,0,3057,
1622,5,20,5007,0,300,565,socam,570,42.954472,-78.819519,1596114857,5,5007,0,3020,
1701,20,20,20005,0,0,557,orch,557,42.988514,-78.873230,1596114858,20,20005,0,3040,
1702,5,19,20001,0,0,563,ngvrg,563,42.909866,-78.900101,1596114876,20,20001,0,3036,
1703,55,20,55037,0,0,570,nfia,570,43.100964,-78.941048,1596114804,55,55037,0,3056,
1711,40,19,40005,0,0,568,giplz,568,43.083611,-79.053047,1596114836,40,40005,0,3079,
1714,52,20,52026,0,0,556,nftc,556,43.100796,-78.979980,1596114818,52,52026,0,3096,
1715,11,19,3002,0,99999,9999,ellop,560,42.892540,-78.876244,1596114832,3,3002,1,3002,
1716,20,19,20009,0,60,556,elmnr,557,42.904419,-78.877213,1596114864,20,20009,0,3023,
1718,23,20,23004,0,60,556,hrtpk,557,42.947651,-78.843819,1596114835,23,23004,0,2052,
1720,12,19,12003,0,99999,9999,nghmp,561,42.909039,-78.899727,1596114851,12,12003,1,2010,
1801,3,19,3001,0,60,563,frgrt,564,42.935577,-78.888489,1596114867,3,3001,0,3001,
1802,0,0,34004,5,0,571,front,571,42.995113,-78.874565,1596114854,34,34004,0,3024,
1806,25,20,20006,0,0,560,orch,560,42.972839,-78.871254,1596114854,20,20006,0,3041,
1807,55,20,55036,0,0,557,nftc,557,43.094364,-78.972015,1596114871,55,55036,0,3107,
1808,50,20,55034,0,-180,558,casno,555,43.094776,-79.050369,1596114825,55,55034,0,3105,
1810,5,19,11001,0,0,565,ellop,565,42.882504,-78.872337,1596114608,11,11001,0,3031,
1811,34,20,34002,0,0,561,hazwd,561,43.028885,-78.814751,1596114588,34,34002,0,3064,
1812,50,19,50020,0,0,561,prtc,561,43.091530,-79.059410,1596114877,50,50020,0,3090,
1813,35,20,35001,0,0,555,dlwsh,555,42.980732,-78.874939,1596114884,35,35001,0,3071,
1814,40,20,40001,0,-180,559,falls,556,43.078136,-79.014336,1596114834,40,40001,0,3076,
1815,5,20,5003,0,99999,9999,ngvrg,519,42.958679,-78.889084,1596114881,5,5003,0,3016,
1818,32,20,32004,0,-240,554,twyml,550,42.902798,-78.783669,1596114883,32,32004,0,1080,
1819,4,20,4003,0,0,557,twyml,557,42.903484,-78.783333,1596114840,4,4003,0,1016,
1822,6,19,6001,0,0,570,wtfrt,570,42.880329,-78.883057,1596114846,6,6001,0,1021,
1902,3,20,34006,0,0,561,tonvl,561,42.960052,-78.907959,1596114757,34,34006,0,3066,
1903,25,19,5002,0,0,560,ellop,560,42.882557,-78.872040,1596114849,5,5002,0,3015,
1904,0,0,55033,6,240,561,ellop,565,42.882584,-78.872368,1596114509,55,55033,0,3103,
1905,20,20,20007,0,0,562,elken,562,42.941711,-78.878441,1596114862,20,20007,0,3005,
1908,55,20,55032,0,99999,9999,casno,558,43.094582,-79.054535,1596114870,55,55032,0,3102,
1909,3,19,3003,0,60,560,trcem,561,42.903320,-78.888191,1596114869,3,3003,0,3003,
1910,0,0,50019,6,0,597,nfia,597,43.101650,-78.939598,1596114842,50,50019,0,3089,
1912,3,19,3007,0,0,555,ellop,555,42.882530,-78.872520,1596114801,3,3007,0,3006,
1914,20,20,20002,0,-180,557,elmnr,554,42.896774,-78.877022,1596114835,20,20002,0,3037,
1915,3,20,20011,0,-120,558,sklmt,556,42.946110,-78.891090,1596114855,20,20011,0,3043,
1916,40,20,40006,0,-120,565,brrtc,563,42.914291,-78.899506,1596114855,40,40006,0,3009,
1917,5,19,20003,0,-60,554,ellop,553,42.882584,-78.872299,1596114849,20,20003,0,3038,
1918,55,19,55031,0,0,580,prtc,580,43.099396,-79.051559,1596114842,55,55031,0,3101,
1921,5,20,25002,0,0,568,kenml,568,42.946659,-78.907806,1596114873,25,25002,0,3052,
1922,35,19,35002,0,0,557,dlwsh,557,42.981033,-78.855766,1596114844,35,35002,0,3032,
2001,26,19,26002,0,0,563,dlvst,563,42.922626,-78.824577,1596114880,26,26002,0,2079,
2004,66,19,18001,0,99999,9999,ellop,525,42.871502,-78.862915,1596114690,18,18001,1,2039,
2010,8,20,13002,0,0,580,socam,580,42.958679,-78.814827,1596114880,13,13002,0,2033,
2015,24,20,24001,0,60,559,airpt,560,42.934067,-78.722481,1596114856,24,24001,0,2064,
2122,2,20,2007,0,120,553,fern,555,42.871475,-78.795357,1596114851,2,2007,0,1037,
2128,2,19,2004,0,0,565,tcbfl,565,42.883274,-78.873001,1596113713,2,2004,0,1010,
2203,25,19,25005,0,60,564,ellop,565,42.894714,-78.875870,1596114878,25,25005,0,3044,
2218,52,20,50018,0,-240,554,lkhyd,550,43.123539,-79.037003,1596114855,50,50018,0,3088,
2501,4,20,4004,0,-120,560,bdyfl,558,42.887482,-78.865372,1596114862,4,4004,0,1017,
2502,2,19,2003,0,60,569,tcbfl,570,42.883850,-78.873154,1596114846,2,2003,0,1009,
2507,19,19,19006,0,60,556,abtba,557,42.861382,-78.825661,1596114865,19,19006,0,1069,
2508,32,20,32009,0,-420,566,bflst,559,42.937336,-78.904007,1596114883,32,32009,0,1102,
2513,14,19,14003,0,60,564,bnmc,565,42.898453,-78.868652,1596114826,14,14003,0,1034,
2514,16,20,16002,0,-120,559,abtba,557,42.868366,-78.851082,1596114866,16,16002,0,1052,
2515,19,20,19004,0,-180,562,winsp,559,42.928154,-78.813934,1596114841,19,19004,0,1068,
2601,47,19,24008,0,-420,569,eccn,562,42.930820,-78.735130,1596114828,24,24008,0,2058,
2602,23,19,23009,0,60,562,abtba,563,42.870869,-78.845573,1596114830,23,23009,0,2087,
2604,48,19,48003,0,240,556,socam,560,42.958321,-78.817543,1596114825,48,48003,0,2088,
2610,15,20,15001,0,0,561,sensm,561,42.883137,-78.875198,1596114879,15,15001,0,1043,
2611,6,20,6002,0,99999,9999,glrml,578,42.884811,-78.814232,1596114859,6,6002,1,1022,
2613,14,20,14006,0,-300,561,spkls,556,42.877663,-78.868759,1596114860,14,14006,0,1038,
2614,2,20,2006,0,180,557,fltbk,560,42.847496,-78.698021,1596114539,2,2006,0,1046,
2615,4,19,4002,0,0,564,tcbfl,564,42.886681,-78.868912,1596114867,4,4002,0,1015,
2616,4,20,46001,0,0,570,twyml,570,42.902164,-78.784081,1596114261,46,46001,0,1101,
2617,32,19,32006,0,0,554,dlwam,554,42.940636,-78.866753,1596114884,32,32006,0,1082,
2618,14,20,14002,0,180,556,shops,559,42.832260,-78.785233,1596114704,14,14002,0,1033,
2620,19,20,19001,0,-120,558,wlmba,556,42.871723,-78.820518,1596114836,19,19001,0,1065,
2625,15,20,15002,0,300,556,sogat,561,42.827805,-78.754745,1596114667,15,15002,0,1044,
2627,4,20,4001,0,0,560,twyml,560,42.903816,-78.781029,1596114883,4,4001,0,1014,
2628,14,19,14004,0,-60,561,mowsh,560,42.879173,-78.875687,1596114882,14,14004,0,1035,
2629,0,0,16004,4,-960,379,mnbfl,363,99.000000,999.000000,1596101036,16,16004,0,1054,
2630,46,19,6004,0,-420,555,dckbd,548,42.905300,-78.726944,1596114837,6,6004,0,1024,
2701,26,20,26003,0,60,557,gnhar,558,42.921387,-78.787727,1596114879,26,26003,0,2078,
2702,13,20,48002,0,0,567,winsp,567,42.924053,-78.830574,1596114832,48,48002,0,2095,
2703,23,19,23001,0,180,562,abtba,565,42.857670,-78.828934,1596114778,23,23001,0,2049,
2705,13,19,13003,0,60,554,utica,555,42.915337,-78.864738,1596114882,13,13003,0,2019,
2706,12,20,12004,0,0,563,knegt,563,42.926338,-78.813934,1596114827,12,12004,0,2011,
2707,23,19,23003,0,0,558,flfry,558,42.927025,-78.839653,1596114842,23,23003,0,2051,
2709,12,19,12011,0,-480,559,badlv,551,42.933624,-78.799454,1596114832,12,12011,0,2021,
2713,44,19,44002,0,0,559,socam,559,42.960106,-78.814270,1596114830,44,44002,0,2084,
6015,444,99,444444,99,99999,9999,,9999,42.883850,-78.871666,1596114840,444,0,0,444444,
8133,45,99,45096,99,99999,9999,,9999,42.976360,-78.886406,1596114876,45,0,0,45096,
8141,45,99,45094,99,99999,9999,,9999,42.959805,-78.891464,1596114852,45,0,0,45094,
8149,45,99,45991,99,99999,9999,,9999,42.915970,-78.829193,1596114879,45,0,0,45991,
8152,45,99,45990,99,99999,9999,,9999,42.921635,-78.817879,1596114805,45,0,0,45990,
8205,45,99,45205,99,99999,9999,,9999,42.930462,-78.695679,1596114848,45,0,0,45205,
8208,45,99,45208,99,99999,9999,,9999,42.998909,-78.850784,1596114857,45,0,0,45208,
8211,45,99,45211,99,99999,9999,,9999,42.958981,-78.881714,1596114875,45,0,0,45211,
8213,45,99,45213,99,99999,9999,,9999,42.923340,-78.878250,1596114857,45,0,0,45213,
8217,45,99,45217,99,99999,9999,,9999,42.935604,-78.819069,1596114845,45,0,0,45217,
8218,45,99,45218,99,99999,9999,,9999,42.963848,-78.820450,1596114843,45,0,0,45218,
8219,45,99,45219,99,99999,9999,,9999,43.010681,-78.779053,1596114870,45,0,0,45219,
8220,45,99,45220,99,99999,9999,,9999,42.936291,-78.709152,1596114862,45,0,0,45220,
8221,45,99,45221,99,99999,9999,,9999,42.900459,-78.854279,1596114833,45,0,0,45221,
8222,45,99,45222,99,99999,9999,,9999,42.925156,-78.766403,1596114781,45,0,0,45222,
8224,45,99,45224,99,99999,9999,,9999,42.919876,-78.733833,1596114845,45,0,0,45224,
8225,45,99,45225,99,99999,9999,,9999,42.903816,-78.840996,1596114861,45,0,0,45225,
8226,45,99,45226,99,99999,9999,,9999,43.091061,-78.966949,1596114484,45,0,0,45226,
8227,45,99,45227,99,99999,9999,,9999,43.007271,-78.823273,1596114854,45,0,0,45227,
8229,45,99,45229,99,99999,9999,,9999,42.955681,-78.873077,1596114492,45,0,0,45229,
8230,45,99,45230,99,99999,9999,,9999,42.950951,-78.729698,1596114836,45,0,0,45230,
8231,45,99,45231,99,99999,9999,,9999,42.933296,-78.813782,1596114624,45,0,0,45231,
8232,45,99,45232,99,99999,9999,,9999,42.906536,-78.851715,1596114849,45,0,0,45232,
8233,45,99,45233,99,99999,9999,,9999,99.000000,999.000000,1596113295,45,0,0,45233,
8234,45,99,45234,99,99999,9999,,9999,42.964344,-78.828377,1596114878,45,0,0,45234,
8236,45,99,45236,99,99999,9999,,9999,99.000000,999.000000,1596099746,45,0,0,45236,
8240,45,99,45240,99,99999,9999,,9999,42.906952,-78.784416,1596114812,45,0,0,45240,
8241,45,99,45241,99,99999,9999,,9999,42.977707,-78.737366,1596114868,45,0,0,45241,
8308,45,99,45308,99,99999,9999,,9999,42.914925,-78.877434,1596114875,45,0,0,45308,
8310,45,99,45310,99,99999,9999,,9999,42.955956,-78.871292,1596114654,45,0,0,45310,
