1001,0,0,67003,4,-540,974,mnaln,965,42.911324,-78.866005,1596139561,67,67003,0,2095,
1002,0,0,26008,4,-180,983,twyml,980,42.917042,-78.861908,1596139528,26,26008,0,2082,
1003,23,20,23017,0,0,970,mnfil,970,42.924358,-78.839317,1596139557,23,23017,0,2055,
1004,26,20,12022,0,240,957,twyml,961,42.929829,-78.830200,1596139535,12,12022,0,2028,
1005,48,20,48006,0,0,974,ehmal,974,42.973499,-78.693703,1596139446,48,48006,0,2098,
1006,0,0,23020,4,0,970,brrtc,970,42.930134,-78.899323,1596139534,23,23020,0,2062,
1007,24,19,24015,0,0,980,marmn,980,42.877251,-78.877769,1596139499,24,24015,0,2072,
1008,23,19,23015,0,120,967,abtba,969,42.858055,-78.832283,1596139560,23,23015,0,2058,
1010,23,19,66003,0,0,955,abtba,955,42.902164,-78.839241,1596139502,66,66003,0,2056,
1011,0,0,24018,4,0,989,airpt,989,42.916988,-78.861908,1596139502,24,24018,0,2074,
1014,26,19,18005,0,-300,969,gnhar,964,42.913166,-78.784225,1596139541,18,18005,0,2043,
1016,24,20,24017,0,0,978,genmn,978,42.877689,-78.875870,1596139545,24,24017,0,2070,
1017,18,20,18004,0,120,972,dlvst,974,42.907829,-78.853943,1596139549,18,18004,0,2041,
1020,2,19,2009,0,0,985,tcbfl,985,42.883629,-78.872559,1596139512,2,2009,0,1012,
1021,32,19,32011,0,0,970,brrtc,970,42.945396,-78.906876,1596139518,32,32011,0,1083,
1022,19,20,19009,0,0,969,bfind,969,42.877853,-78.815010,1596139560,19,19009,0,1070,
1023,16,20,16008,0,240,974,mcmal,978,42.783695,-78.811249,1596139542,16,16008,0,1059,
1025,6,19,6011,0,0,985,wtfrt,985,42.880249,-78.882904,1596139562,6,6011,0,1025,
1026,1,20,1003,0,0,968,aptml,968,42.888580,-78.751175,1596138265,1,1003,0,1006,
1027,4,20,4007,0,99999,9999,bdyfl,971,42.889462,-78.855286,1596139520,4,4007,0,1017,
1029,32,20,32012,0,0,965,amsta,965,42.940197,-78.838646,1596139530,32,32012,0,1079,
1032,0,0,76002,6,0,999,ellop,999,42.882504,-78.872040,1596139513,76,76002,0,1103,
1034,0,0,15010,4,0,995,lterr,995,42.882366,-78.824951,1596139298,15,15010,0,1050,
1037,0,0,19014,4,0,1000,socam,1000,42.882229,-78.825096,1596139536,19,19014,0,1075,
1038,6,19,6008,0,-60,971,twyml,970,42.910141,-78.771385,1596139548,6,6008,0,1028,
1040,15,19,15006,0,0,970,lterr,970,42.883411,-78.879852,1596139556,15,15006,0,1047,
1043,16,19,14011,0,0,969,abtba,969,42.847054,-78.823685,1596139517,14,14011,0,1041,
1044,42,20,42005,0,0,972,shops,972,42.828136,-78.804779,1596139541,42,42005,0,1035,
1045,15,20,15007,0,0,976,sogat,976,42.827751,-78.754448,1596139543,15,15007,0,1048,
1046,0,0,4009,4,-360,976,tcbfl,970,42.881401,-78.851082,1596139516,4,4009,0,1020,
1047,14,20,14007,0,0,981,eccs,981,42.772556,-78.797142,1596139508,14,14007,0,1039,
1048,32,19,32013,0,0,972,clwbr,972,42.936981,-78.754120,1596139519,32,32013,0,1087,
1049,4,20,4006,0,0,965,twyml,965,42.902634,-78.783707,1596139236,4,4006,0,1019,
1050,0,0,70002,4,180,971,mowsh,974,42.887123,-78.872932,1596139544,70,70002,0,1080,
1052,15,19,15008,0,0,971,basen,971,42.855030,-78.809319,1596139467,15,15008,0,1046,
1057,8,20,13005,0,-180,968,mnaln,965,42.895016,-78.869804,1596139532,13,13005,0,2035,
1061,0,0,47005,4,2040,971,crspt,1005,43.042030,-78.743362,1596139510,47,47005,0,2092,
1062,13,19,44007,0,60,970,flfry,971,42.917374,-78.829193,1596139511,44,44007,0,2088,
1065,8,19,44006,0,-60,966,mnmgn,965,42.920288,-78.859489,1596139523,44,44006,0,2089,
1066,155,19,155001,0,-60,969,quain,968,43.094666,-78.955376,1596139560,155,155001,0,3112,
1104,49,20,47004,0,-180,973,shhop,970,42.979301,-78.797142,1596139555,47,47004,0,2093,
1105,44,19,44008,0,60,977,wnbrg,978,43.040764,-78.750801,1596139520,44,44008,0,2087,
1106,0,0,23019,4,180,957,abtba,960,42.857616,-78.828674,1596138782,23,23019,0,2021,
1108,24,20,24011,0,0,970,ungen,970,42.924438,-78.774849,1596139558,24,24011,0,2069,
1109,48,20,8007,0,-60,975,mnun,974,42.963985,-78.802170,1596139526,8,8007,0,2004,
1110,18,19,18006,0,0,974,spkls,974,42.882092,-78.854019,1596139523,18,18006,0,2042,
1111,23,19,23012,0,-120,982,hrtpk,980,42.941517,-78.903748,1596139533,23,23012,0,2057,
1112,12,19,12020,0,60,959,nghmp,960,42.911652,-78.899803,1596139534,12,12020,0,2022,
1113,0,0,24020,4,0,1002,airpt,1002,42.917042,-78.861839,1596139553,24,24020,0,2076,
1114,12,19,12016,0,120,967,elmut,969,42.911297,-78.875755,1596139555,12,12016,0,2026,
1115,44,20,44009,0,60,973,crspt,974,43.022614,-78.760963,1596139540,44,44009,0,2090,
1116,23,20,23014,0,-660,968,brrtc,957,42.943085,-78.900101,1596139530,23,23014,0,2061,
1118,23,20,23018,0,0,978,brrtc,978,42.947842,-78.868835,1596139506,23,23018,0,2020,
1119,12,20,12013,0,0,965,utica,965,42.911434,-78.865265,1596139519,12,12013,0,2024,
1120,12,20,12012,0,0,966,knegt,966,42.941216,-78.802353,1596139515,12,12012,0,2023,
1124,13,20,8008,0,0,971,socam,971,42.955132,-78.820671,1596139533,8,8008,0,2007,
1126,23,19,23011,0,120,973,mnfil,975,42.947540,-78.842705,1596139561,23,23011,0,2059,
1127,22,19,22006,0,0,974,lkv,974,42.904778,-78.880188,1596139527,22,22006,0,2047,
1128,12,19,12017,0,0,971,filut,971,42.914459,-78.824913,1596139510,12,12017,0,2027,
1129,24,20,24012,0,600,975,holtz,985,42.929913,-78.739044,1596139516,24,24012,0,2018,
1130,22,20,22004,0,0,965,twyml,965,42.903267,-78.783371,1596138974,22,22004,0,2046,
1201,0,0,42007,4,0,985,mohel,985,42.882915,-78.824989,1596139545,42,42007,0,1100,
1202,2,19,2008,0,0,967,cltba,967,42.871998,-78.814789,1596139562,2,2008,0,1011,
1203,6,20,6013,0,60,969,sycmg,970,42.888058,-78.871254,1596139557,6,6013,0,1030,
1204,4,19,46003,0,-120,969,bdyfl,967,42.894768,-78.829788,1596139538,46,46003,0,1102,
1205,1,20,1005,0,0,967,nolvj,967,42.889736,-78.805298,1596139528,1,1005,0,1004,
1206,4,20,4005,0,240,969,twyml,973,42.905933,-78.780693,1596139511,4,4005,0,1018,
1207,14,20,16012,0,120,967,shops,969,42.828465,-78.788063,1596139534,16,16012,0,1058,
1208,0,0,14010,6,180,965,lterr,968,42.883080,-78.879669,1596139509,14,14010,0,1037,
1211,46,19,32014,0,-60,968,dckbd,967,42.902439,-78.709969,1596139540,32,32014,0,1085,
1212,19,19,19011,0,1080,946,abtba,964,42.857643,-78.828674,1596139521,19,19011,0,1071,
1213,12,19,12014,0,120,988,nghmp,990,42.910938,-78.899879,1596139554,12,12014,0,2025,
1303,155,20,155002,0,0,973,ltity,973,43.094364,-79.057961,1596139552,155,155002,0,3113,
1501,0,0,50024,4,99999,9999,prtc,775,43.009056,-78.957497,1596126076,50,50024,0,3091,
1502,34,19,34009,0,99999,9999,socam,895,42.996490,-78.816833,1596139454,34,34009,0,3069,
1504,0,0,50025,4,-660,993,olopc,982,43.035511,-78.983589,1596139535,50,50025,0,3095,
1505,3,19,3013,0,-360,972,sklmt,966,42.961014,-78.906097,1596139550,3,3013,0,3007,
1506,0,0,52030,4,240,964,tcbfl,968,42.882557,-78.872559,1596139504,52,52030,0,3100,
1507,55,20,40010,0,300,968,nfia,973,43.109131,-78.984222,1596139539,40,40010,0,3082,
1508,35,20,35006,0,0,977,ens,977,42.946136,-78.907661,1596139514,35,35006,0,3074,
1511,0,0,35005,6,60,977,tcbfl,978,42.882477,-78.872223,1596139543,35,35005,0,3072,
1512,5,19,5015,0,-60,967,ellop,966,42.884125,-78.876205,1596139512,5,5015,0,3021,
1514,11,19,11004,0,60,999,ellop,1000,42.882557,-78.872108,1596139518,11,11004,0,3106,
1517,55,19,55041,0,-60,967,casno,966,43.093151,-79.057701,1596139506,55,55041,0,3109,
1518,5,19,3016,0,0,972,ngvrg,972,42.907581,-78.898239,1596139538,3,3016,0,3079,
1519,40,19,40012,0,-60,967,casno,966,43.094227,-79.056656,1596139438,40,40012,0,3084,
1520,52,20,52028,0,0,970,nftc,970,43.100742,-78.979980,1596139499,52,52028,0,3099,
1601,5,20,20013,0,-180,973,ngvrg,970,42.883438,-78.876839,1596139529,20,20013,0,3045,
1603,55,19,40011,0,0,993,prtc,993,43.099396,-79.051521,1596139471,40,40011,0,3083,
1604,52,20,52029,0,-120,971,lkhyd,969,43.135559,-79.041397,1596139535,52,52029,0,3098,
1605,25,20,25006,0,0,986,mnngr,986,43.020527,-78.879738,1596139470,25,25006,0,3058,
1606,25,20,25009,0,240,976,dlwkn,980,42.932278,-78.864929,1596139544,25,25009,0,3059,
1610,3,20,3012,0,0,974,frgrt,974,42.899197,-78.883392,1596139537,3,3012,0,3009,
1612,11,20,11005,0,240,972,clvkn,976,42.947514,-78.868355,1596139541,11,11005,0,3034,
1614,40,19,40013,0,0,997,tcbfl,997,42.883354,-78.872368,1596139232,40,40013,0,3078,
1615,34,19,34010,0,60,969,socam,970,42.958294,-78.823868,1596139531,34,34010,0,3065,
1616,25,20,25011,0,300,967,mnngr,972,43.018463,-78.879478,1596139544,25,25011,0,3057,
1617,20,19,20015,0,120,968,ellop,970,42.884041,-78.876167,1596139549,20,20015,0,3042,
1622,0,0,3018,4,60,984,socam,985,42.958595,-78.879555,1596139522,3,3018,0,3012,
1701,3,19,11006,0,0,975,ellop,975,42.882614,-78.872368,1596139539,11,11006,0,3035,
1702,3,20,3014,0,240,968,tonvl,972,42.963024,-78.903488,1596139554,3,3014,0,3090,
1703,5,19,5017,0,0,966,kenml,966,42.958622,-78.885139,1596139455,5,5017,0,3028,
1708,55,20,55038,0,0,1000,boces,1000,43.145981,-78.864594,1596139442,55,55038,0,3108,
1711,5,20,35007,0,120,974,kenml,976,42.956257,-78.907288,1596139518,35,35007,0,3075,
1714,20,20,3010,0,0,972,dlwsh,972,42.969704,-78.878738,1596139556,3,3010,0,3008,
1715,25,19,25012,0,-120,968,dlwkn,966,42.968384,-78.870811,1596139515,25,25012,0,3056,
1716,50,19,50022,0,-120,969,mlnfb,967,43.096176,-78.974060,1596139542,50,50022,0,3094,
1718,24,20,24013,0,0,965,airpt,965,42.934093,-78.730629,1596139517,24,24013,0,2054,
1720,12,19,12021,0,0,965,socam,965,42.954662,-78.820595,1596139532,12,12021,0,2016,
1801,25,19,25007,0,-240,973,dlwnr,969,42.921333,-78.867722,1596139546,25,25007,0,3054,
1802,50,20,50021,0,0,977,mlnfb,977,43.081657,-79.015785,1596139490,50,50021,0,3092,
1803,40,20,40008,0,-300,980,brrtc,975,42.901257,-78.892136,1596139555,40,40008,0,3080,
1806,0,0,3017,4,-420,982,ellop,975,42.944706,-78.896194,1596139530,3,3017,0,3011,
1807,20,19,20016,0,0,966,elmdv,966,42.922405,-78.877098,1596139549,20,20016,0,3047,
1808,0,0,34012,4,-660,972,hazwd,961,43.002815,-78.820747,1596139508,34,34012,0,3093,
1809,40,20,40009,0,-60,978,falls,977,43.044781,-78.984596,1596139553,40,40009,0,3081,
1810,0,0,20018,4,0,965,ellop,965,42.882557,-78.872261,1596139554,20,20018,0,3048,
1813,40,19,55042,0,-120,977,ngvln,975,43.022587,-78.963715,1596139507,55,55042,0,3110,
1814,3,20,3015,0,0,972,tonvl,972,42.959888,-78.908104,1596139512,3,3015,0,3006,
1815,11,19,11002,0,0,974,dlwdv,974,42.947842,-78.866791,1596139562,11,11002,0,3032,
1816,3,20,5012,0,0,982,sklmt,982,42.920013,-78.890388,1596139545,5,5012,0,3026,
1817,14,19,16014,0,0,968,bnmc,968,42.898590,-78.868385,1596139548,16,16014,0,1062,
1818,19,19,19008,0,120,969,baken,971,42.942066,-78.813744,1596139564,19,19008,0,1072,
1819,15,20,42006,0,0,972,scl,972,42.859402,-78.814827,1596139523,42,42006,0,1099,
1820,0,0,2011,4,99999,9999,tcbfl,970,42.883602,-78.872520,1596139537,2,2011,0,1013,
1821,74,20,15009,0,-240,976,athpr,972,42.820873,-78.847321,1596139550,15,15009,0,1049,
1822,19,19,19012,0,60,971,bdyba,972,42.908051,-78.813820,1596139528,19,19012,0,1074,
1824,42,19,42004,0,0,972,spkls,972,42.839958,-78.857857,1596139557,42,42004,0,1098,
1903,5,20,5018,0,60,979,socam,980,42.958649,-78.861839,1596139563,5,5018,0,3025,
1904,5,20,5019,0,180,977,socam,980,42.955021,-78.820076,1596139543,5,5019,0,3105,
1905,34,19,34007,0,0,960,socam,960,42.958073,-78.819481,1596139541,34,34007,0,3067,
1907,20,19,20014,0,120,968,elken,970,42.963600,-78.878807,1596139552,20,20014,0,3046,
1908,3,19,3011,0,0,970,ellop,970,42.882584,-78.872299,1596139313,3,3011,0,3005,
1909,5,19,5020,0,-120,968,brrtc,966,42.952656,-78.909256,1596139546,5,5020,0,3023,
1910,20,20,20017,0,0,977,orch,977,42.988350,-78.873077,1596139465,20,20017,0,3044,
1911,55,19,40015,0,-60,971,mlnfb,970,43.099613,-78.941010,1596139510,40,40015,0,3107,
1912,34,20,34008,0,180,976,hazwd,979,43.036667,-78.799568,1596139540,34,34008,0,3068,
1914,40,20,40014,0,0,975,prtc,975,43.099396,-79.051636,1596138985,40,40014,0,3085,
1915,3,19,20011,0,120,967,frgrt,969,42.918720,-78.890648,1596139536,20,20011,0,3043,
1916,55,20,55039,0,-300,972,pnhyd,967,43.094639,-79.050774,1596139536,55,55039,0,3104,
1918,20,20,5016,0,0,982,elken,982,42.924026,-78.876953,1596139524,5,5016,0,3024,
1919,20,20,34011,0,-180,978,elmnr,975,42.883354,-78.875984,1596139511,34,34011,0,3070,
1920,5,20,5014,0,0,977,brrtc,977,42.916878,-78.899208,1596139537,5,5014,0,3027,
1921,11,20,11003,0,0,972,tnind,972,43.013817,-78.859451,1596139550,11,11003,0,3033,
1922,3,19,3009,0,180,972,ellop,975,42.889187,-78.876762,1596139526,3,3009,0,3010,
2001,48,19,48005,0,-720,974,mnegt,962,42.960384,-78.760330,1596139554,48,48005,0,2096,
2004,26,19,26007,0,180,969,ngdlv,972,42.920067,-78.896492,1596139511,26,26007,0,2081,
2011,26,20,26006,0,-60,974,badlv,973,42.921909,-78.834961,1596139537,26,26006,0,2080,
2015,13,20,13006,0,-360,969,flfry,963,42.914623,-78.839577,1596139562,13,13006,0,2036,
2203,5,20,5013,0,300,955,socam,960,42.954609,-78.820969,1596139513,5,5013,0,3022,
2215,35,19,35004,0,-60,967,flint,966,42.998276,-78.789436,1596139552,35,35004,0,3073,
2218,25,20,25010,0,-180,976,dlwnr,973,42.883301,-78.876915,1596139531,25,25010,0,3060,
2501,6,19,6012,0,240,965,sycfl,969,42.899662,-78.833435,1596139547,6,6012,0,1026,
2503,16,20,16010,0,-240,967,spkls,963,42.872383,-78.868385,1596139509,16,16010,0,1056,
2504,19,20,19010,0,0,966,badlv,966,42.915970,-78.813972,1596139463,19,19010,0,1073,
2511,6,19,74003,0,120,972,wtfrt,974,42.881924,-78.874825,1596139512,74,74003,0,1081,
2512,0,0,14008,6,120,963,mowsh,965,42.887398,-78.872963,1596139479,14,14008,0,1040,
2601,8,19,8006,0,300,980,wtfrt,985,42.879833,-78.882828,1596139522,8,8006,0,2006,
2602,8,20,8005,0,60,974,socam,975,42.954193,-78.821075,1596139526,8,8005,0,2005,
2604,12,20,12015,0,60,967,socam,968,42.952244,-78.824913,1596139492,12,12015,0,2015,
2605,49,19,48004,0,-420,967,socam,960,42.955872,-78.821007,1596139560,48,48004,0,2097,
2606,23,19,23013,0,-60,970,flfry,969,42.929859,-78.839615,1596139505,23,23013,0,2060,
2607,0,0,14012,4,0,986,mowsh,986,42.882477,-78.825134,1596139514,14,14012,0,1042,
2608,0,0,32018,4,-720,977,twyml,965,42.884621,-78.807419,1596139512,32,32018,0,1090,
2611,4,19,32017,0,60,964,tcbfl,965,42.882721,-78.873001,1596139563,32,32017,0,1089,
2612,32,20,32010,0,0,967,twyml,967,42.908684,-78.772209,1596139459,32,32010,0,1086,
2613,14,19,14009,0,120,971,spkls,973,42.858028,-78.832245,1596139545,14,14009,0,1036,
2614,6,20,6009,0,0,970,wldba,970,42.900517,-78.830345,1596139555,6,6009,0,1029,
2616,2,20,2010,0,-180,967,cltun,964,42.854671,-78.754860,1596139528,2,2010,0,1082,
2617,2,20,1004,0,60,970,cltba,971,42.879204,-78.838943,1596139508,1,1004,0,1005,
2618,1,19,1006,0,0,969,wmmgn,969,42.885170,-78.854507,1596139539,1,1006,0,1003,
2620,32,20,32015,0,60,972,glrml,973,42.908764,-78.754677,1596139526,32,32015,0,1084,
2623,16,20,16009,0,60,976,mnbfl,977,42.715633,-78.827446,1596139528,16,16009,0,1060,
2624,6,20,6007,0,240,965,glrml,969,42.908932,-78.771873,1596139543,6,6007,0,1027,
2625,32,19,32016,0,120,967,dlwam,969,42.941158,-78.855064,1596139539,32,32016,0,1088,
2627,4,20,4008,0,60,957,twyml,958,42.882282,-78.873230,1596139519,4,4008,0,1057,
2628,19,20,19013,0,60,970,socam,971,42.955021,-78.820747,1596139536,19,19013,0,1038,
2629,6,20,6010,0,0,915,sycmg,915,99.000000,999.000000,1596136361,6,6010,0,1096,
2630,16,19,16013,0,120,968,mowsh,970,42.887619,-78.872963,1596139524,16,16013,0,1061,
2701,24,19,24016,0,-60,973,holtz,972,42.931808,-78.736214,1596139561,24,24016,0,2073,
2703,12,19,12019,0,0,975,badlv,975,42.937584,-78.799416,1596139531,12,12019,0,2019,
2704,12,20,12018,0,0,975,badlv,975,42.910416,-78.835220,1596139520,12,12018,0,2017,
2706,24,19,24014,0,120,967,genmn,969,42.896172,-78.854355,1596139541,24,24014,0,2071,
2707,22,20,22005,0,0,968,bstgn,968,42.903595,-78.839912,1596139534,22,22005,0,2048,
2713,47,19,47003,0,60,954,socam,955,42.916904,-78.862137,1596139451,47,47003,0,2091,
8141,45,99,45094,99,99999,9999,,9999,42.945698,-78.906761,1596139559,45,0,0,45094,
8145,45,99,45145,99,99999,9999,,9999,42.882614,-78.872444,1596136302,45,0,0,45145,
8206,45,99,45206,99,99999,9999,,9999,43.039967,-78.876915,1596139503,45,0,0,45206,
8208,45,99,45208,99,99999,9999,,9999,42.858826,-78.788658,1596139454,45,0,0,45208,
8211,45,99,45211,99,99999,9999,,9999,42.959667,-78.890236,1596139360,45,0,0,45211,
8213,45,99,45213,99,99999,9999,,9999,42.939838,-78.867790,1596139532,45,0,0,45213,
8216,45,99,45216,99,99999,9999,,9999,42.865616,-78.754639,1596139533,45,0,0,45216,
8218,45,99,45218,99,99999,9999,,9999,43.135529,-79.042328,1596137940,45,0,0,45218,
8222,45,99,45222,99,99999,9999,,9999,42.903542,-78.824501,1596139546,45,0,0,45222,
8224,45,99,45224,99,99999,9999,,9999,42.918335,-78.799866,1596139559,45,0,0,45224,
8225,45,99,45225,99,99999,9999,,9999,42.989449,-78.818062,1596139183,45,0,0,45225,
8227,45,99,45227,99,99999,9999,,9999,42.904171,-78.767365,1596139469,45,0,0,45227,
8229,45,99,45229,99,99999,9999,,9999,43.026108,-78.861206,1596139542,45,0,0,45229,
8231,45,99,45231,99,99999,9999,,9999,42.920231,-78.737846,1596139427,45,0,0,45231,
8232,45,99,45232,99,99999,9999,,9999,42.983757,-78.697205,1596139554,45,0,0,45232,
8237,45,99,45237,99,99999,9999,,9999,43.008121,-78.951096,1596139364,45,0,0,45237,
8238,45,99,45238,99,99999,9999,,9999,42.879505,-78.697205,1596139457,45,0,0,45238,
8239,45,99,45239,99,99999,9999,,9999,42.961948,-78.757172,1596139556,45,0,0,45239,
8240,45,99,45240,99,99999,9999,,9999,42.978313,-78.818695,1596139530,45,0,0,45240,
8241,45,99,45241,99,99999,9999,,9999,42.996464,-78.806824,1596139551,45,0,0,45241,
8301,45,99,45301,99,99999,9999,,9999,42.926697,-78.830902,1596139559,45,0,0,45301,
8307,45,99,45307,99,99999,9999,,9999,42.950291,-78.785751,1596139462,45,0,0,45307,
