1003,23,20,23017,0,0,858,brrtc,858,42.940968,-78.905312,1596132927,23,23017,0,2055,
1004,0,0,12022,4,-120,862,twyml,860,42.919327,-78.784416,1596132905,12,12022,0,2028,
1005,2,19,2003,0,99999,9999,tcbfl,795,99.000000,999.000000,1596132967,2,2003,0,1009,
1006,23,19,23016,0,-120,872,hrtpk,870,42.941986,-78.902672,1596132963,23,23016,0,2040,
1008,23,20,23015,0,-240,857,bdyfl,853,42.887699,-78.839241,1596132931,23,23015,0,2058,
1010,0,0,66003,4,0,885,brrtc,885,42.917179,-78.860909,1596132930,66,66003,0,2056,
1014,22,19,18005,0,-360,858,wldba,852,42.906593,-78.801353,1596132911,18,18005,0,2043,
1016,24,19,24010,0,-180,863,marmn,860,42.888222,-78.872520,1596132951,24,24010,0,2070,
1017,18,20,18004,0,120,858,dlvst,860,42.922543,-78.856514,1596132919,18,18004,0,2041,
1018,13,19,13004,0,60,857,utica,858,42.915337,-78.862099,1596132912,13,13004,0,2034,
1020,0,0,2009,4,0,845,twyml,845,42.900406,-78.785942,1596132939,2,2009,0,1012,
1021,32,20,32011,0,0,880,twyml,880,42.902824,-78.783669,1596132888,32,32011,0,1083,
1022,19,20,19009,0,0,857,bdyba,857,42.892925,-78.814041,1596132930,19,19009,0,1070,
1023,14,20,16008,0,0,857,shops,857,42.832424,-78.784859,1596132561,16,16008,0,1059,
1025,6,20,6011,0,-120,856,sycmg,854,42.888443,-78.868355,1596132945,6,6011,0,1025,
1026,14,19,1003,0,-60,870,bnmc,869,42.874363,-78.871292,1596132936,1,1003,0,1006,
1027,1,20,4007,0,-120,866,wmbck,864,42.884785,-78.866005,1596132949,4,4007,0,1017,
1029,32,19,32012,0,-120,861,glrml,859,42.908684,-78.771942,1596132959,32,32012,0,1079,
1032,4,20,76002,0,180,858,bdyfl,861,42.891605,-78.845573,1596132940,76,76002,0,1103,
1038,6,19,6008,0,0,860,wtfrt,860,42.880112,-78.882790,1596132890,6,6008,0,1028,
1040,15,20,15006,0,-60,867,sensm,866,42.882584,-78.874527,1596132926,15,15006,0,1047,
1041,16,19,16011,0,-180,862,splke,859,42.785236,-78.810059,1596132950,16,16011,0,1095,
1043,16,20,14011,0,0,863,rdgsp,863,42.844856,-78.823799,1596132946,14,14011,0,1041,
1044,42,20,42005,0,0,870,sogat,870,42.827805,-78.754486,1596132443,42,42005,0,1035,
1045,15,20,15007,0,0,856,sogat,856,42.827446,-78.754448,1596132504,15,15007,0,1048,
1047,1,19,14007,0,-60,855,wmbck,854,42.884922,-78.824463,1596132936,14,14007,0,1039,
1048,32,20,32013,0,0,862,dlwam,862,42.931866,-78.877251,1596132949,32,32013,0,1087,
1049,2,20,4006,0,-120,856,fern,854,42.871422,-78.795357,1596132960,4,4006,0,1019,
1052,15,19,15008,0,60,869,lterr,870,42.875767,-78.847878,1596132943,15,15008,0,1046,
1057,13,20,13005,0,0,868,winsp,868,42.923973,-78.829231,1596132961,13,13005,0,2035,
1061,26,19,26005,0,0,855,ngdlv,855,42.922131,-78.897980,1596132409,26,26005,0,2092,
1062,44,20,44007,0,0,871,lkpt,871,43.169659,-78.689911,1596132821,44,44007,0,2088,
1065,49,19,44006,0,120,848,socam,850,42.957466,-78.818695,1596132952,44,44006,0,2089,
1066,155,19,155001,0,-120,862,hojo,860,43.073818,-78.977409,1596132958,155,155001,0,3112,
1105,47,19,44008,0,0,867,socam,867,42.955238,-78.820480,1596132832,44,44008,0,2087,
1108,24,20,24011,0,-180,863,airpt,860,42.928921,-78.744476,1596132928,24,24011,0,2069,
1109,8,19,8007,0,180,864,wtfrt,867,42.885639,-78.875687,1596132955,8,8007,0,2004,
1111,23,19,23012,0,-120,866,abtba,864,42.885582,-78.839355,1596132962,23,23012,0,2057,
1112,12,20,12020,0,0,863,socam,863,42.948914,-78.808571,1596132964,12,12020,0,2022,
1114,12,20,12016,0,0,860,filut,860,42.911129,-78.856216,1596132926,12,12016,0,2026,
1115,44,19,44004,0,60,856,socam,857,42.957714,-78.818550,1596132911,44,44004,0,2086,
1116,23,19,23014,0,0,859,mnfil,859,42.944927,-78.832954,1596132959,23,23014,0,2061,
1119,12,20,12013,0,-120,855,ctyli,853,42.958706,-78.814568,1596132948,12,12013,0,2024,
1120,12,19,12012,0,60,861,filut,862,42.914513,-78.828522,1596132943,12,12012,0,2023,
1124,8,20,8008,0,0,864,amsta,864,42.924358,-78.854912,1596132962,8,8008,0,2007,
1126,23,19,23011,0,0,860,abtba,860,42.857533,-78.828712,1596132403,23,23011,0,2059,
1127,26,19,22006,0,0,865,dlvst,865,42.922680,-78.818359,1596132957,22,22006,0,2047,
1128,12,19,12017,0,60,854,nghmp,855,42.910912,-78.899879,1596132938,12,12017,0,2027,
1129,24,20,24012,0,0,860,genfl,860,42.896034,-78.854240,1596132944,24,24012,0,2018,
1130,22,20,22004,0,0,863,twyml,863,42.907143,-78.793427,1596132934,22,22004,0,2046,
1202,2,19,2008,0,0,855,tcbfl,855,42.883465,-78.872635,1596132873,2,2008,0,1011,
1204,4,20,46003,0,0,864,twyml,864,42.902523,-78.783745,1596132733,46,46003,0,1102,
1205,2,20,1005,0,0,872,fltbk,872,42.848869,-78.697685,1596132546,1,1005,0,1004,
1206,46,19,4005,0,-240,868,glrml,864,42.906704,-78.727318,1596132938,4,4005,0,1018,
1207,16,19,16012,0,0,862,spkls,862,42.858139,-78.832359,1596132962,16,16012,0,1058,
1208,14,20,14010,0,0,873,eccs,873,42.772556,-78.797180,1596132937,14,14010,0,1037,
1211,32,20,32014,0,0,858,knhty,858,42.942039,-78.803551,1596132968,32,32014,0,1085,
1212,19,19,19011,0,99999,9999,abtba,858,42.872631,-78.819664,1596132950,19,19011,0,1071,
1213,12,20,12014,0,-120,859,badlv,857,42.914597,-78.819481,1596132924,12,12014,0,2025,
1303,155,20,155002,0,0,858,econo,858,43.093704,-79.013596,1596132922,155,155002,0,3113,
1501,0,0,50024,4,99999,9999,prtc,775,43.009056,-78.957497,1596126076,50,50024,0,3091,
1502,34,19,34009,0,-360,863,audbn,857,43.035980,-78.822273,1596132705,34,34009,0,3069,
1504,0,0,25003,5,-60,862,front,861,42.953289,-78.890053,1596132917,25,25003,0,3053,
1505,3,19,3013,0,-240,869,frgrt,865,42.947926,-78.891022,1596132953,3,3013,0,3007,
1507,40,20,40010,0,-120,866,giplz,864,42.971767,-78.928429,1596132968,40,40010,0,3082,
1508,35,19,35006,0,60,864,nfbsh,865,42.990990,-78.800529,1596132942,35,35006,0,3074,
1511,35,20,35005,0,0,855,dlwsh,855,42.980679,-78.872704,1596132914,35,35005,0,3072,
1512,5,20,5015,0,0,857,brrtc,857,42.940693,-78.905388,1596132939,5,5015,0,3021,
1514,11,20,11004,0,-180,866,dlwnr,863,42.884289,-78.877174,1596132947,11,11004,0,3106,
1517,55,20,55041,0,-240,857,casno,853,43.091942,-79.059227,1596132933,55,55041,0,3109,
1519,40,19,40012,0,0,855,tcbfl,855,42.883411,-78.872559,1596132924,40,40012,0,3084,
1520,52,19,52028,0,0,858,pnhyd,858,43.092876,-79.006889,1596132927,52,52028,0,3099,
1601,20,20,20013,0,-60,862,elken,861,42.945091,-78.878288,1596132957,20,20013,0,3045,
1603,55,20,40011,0,0,866,nfia,866,43.093151,-78.972946,1596132958,40,40011,0,3083,
1604,52,20,52029,0,0,891,nftc,891,43.100964,-78.980057,1596132964,52,52029,0,3098,
1605,3,19,25006,0,0,885,ellop,885,42.882557,-78.872299,1596132899,25,25006,0,3058,
1606,11,20,25009,0,60,877,tnind,878,43.012192,-78.858414,1596132916,25,25009,0,3059,
1610,0,0,3012,4,300,850,socam,855,42.954884,-78.820480,1596132966,3,3012,0,3009,
1614,55,19,40013,0,0,859,nfb56,859,43.088230,-78.981918,1596132897,40,40013,0,3078,
1615,0,0,34010,4,-240,864,socam,860,42.956146,-78.820374,1596132960,34,34010,0,3065,
1616,0,0,25011,4,-420,855,tnind,848,43.014584,-78.859489,1596132942,25,25011,0,3057,
1617,20,20,20015,0,0,865,elmdv,865,42.903980,-78.877174,1596132920,20,20015,0,3042,
1622,0,0,5007,5,0,860,front,860,42.958679,-78.877991,1596132966,5,5007,0,3020,
1703,5,19,5017,0,0,870,ellop,870,42.882530,-78.872597,1596132941,5,5017,0,3028,
1708,55,19,55038,0,0,880,prtc,880,43.099396,-79.051674,1596132871,55,55038,0,3108,
1711,0,0,35007,4,0,856,orch,856,42.988377,-78.873077,1596132771,35,35007,0,3075,
1714,3,20,3010,0,0,856,tonvl,856,42.960026,-78.908028,1596132926,3,3010,0,3008,
1715,0,0,25012,4,0,855,ellop,855,42.882584,-78.872223,1596132883,25,25012,0,3056,
1716,50,20,50022,0,0,866,prtc,866,43.132229,-79.046829,1596132855,50,50022,0,3094,
1718,24,19,24013,0,0,861,andrw,861,42.925758,-78.761040,1596132946,24,24013,0,2054,
1720,12,19,12021,0,180,857,elmut,860,42.911324,-78.876915,1596132961,12,12021,0,2016,
1801,25,20,25007,0,-120,857,dlwkn,855,42.953480,-78.868980,1596132916,25,25007,0,3054,
1802,50,19,50021,0,0,864,prtc,864,43.084213,-79.060600,1596132943,50,50021,0,3092,
1803,40,20,40008,0,0,875,prtc,875,43.099369,-79.051598,1596132632,40,40008,0,3080,
1806,3,20,20006,0,60,857,sklmt,858,42.956478,-78.889603,1596132964,20,20006,0,3041,
1807,20,19,20016,0,0,860,ellop,860,42.882477,-78.872299,1596132920,20,20016,0,3047,
1808,50,20,50023,0,-420,861,mlnfb,854,43.073902,-78.976410,1596132935,50,50023,0,3093,
1809,40,19,40009,0,-60,858,falls,857,43.084904,-79.059044,1596132933,40,40009,0,3081,
1810,0,0,11001,5,0,854,front,854,42.961483,-78.894035,1596132956,11,11001,0,3031,
1811,34,19,34002,0,180,858,socam,861,42.955872,-78.820709,1596132965,34,34002,0,3064,
1812,25,20,25008,0,0,871,mnngr,871,43.020691,-78.878998,1596132575,25,25008,0,3097,
1815,11,19,11002,0,60,858,dlwnr,859,42.906235,-78.871849,1596132932,11,11002,0,3032,
1816,20,20,5012,0,0,876,orch,876,42.988403,-78.873077,1596132818,5,5012,0,3026,
1817,0,0,16014,4,240,866,mowsh,870,42.885033,-78.867012,1596132919,16,16014,0,1062,
1818,19,20,19008,0,0,859,socam,859,42.955021,-78.820076,1596132933,19,19008,0,1072,
1822,19,19,19012,0,0,864,bagen,864,42.931728,-78.813782,1596132957,19,19012,0,1074,
1824,42,19,42004,0,99999,9999,mohel,848,42.886959,-78.872185,1596132868,42,42004,1,1098,
1902,34,20,34006,0,0,858,nfbma,858,42.986919,-78.821678,1596132936,34,34006,0,3066,
1903,3,20,5018,0,60,857,frgrt,858,42.913631,-78.890686,1596132932,5,5018,0,3025,
1904,5,19,5019,0,0,857,brrtc,857,42.953014,-78.909447,1596132914,5,5019,0,3105,
1905,34,20,34007,0,0,872,hazwd,872,43.028885,-78.814934,1596132912,34,34007,0,3067,
1907,25,19,20014,0,180,862,ellop,865,42.889847,-78.877136,1596132923,20,20014,0,3046,
1908,3,20,3011,0,-180,864,trcem,861,42.883137,-78.874901,1596132919,3,3011,0,3005,
1909,0,0,5020,4,1440,831,ellop,855,42.882557,-78.872108,1596132859,5,5020,0,3023,
1910,20,19,20017,0,60,865,elmdv,866,42.941216,-78.878662,1596132953,20,20017,0,3044,
1912,5,20,34008,0,-120,862,ngfry,860,42.900928,-78.891762,1596132969,34,34008,0,3068,
1914,3,19,40014,0,0,861,trcem,861,42.904064,-78.886703,1596132946,40,40014,0,3085,
1915,20,19,20011,0,0,870,ellop,870,42.901009,-78.877213,1596132965,20,20011,0,3043,
1916,55,19,55039,0,-360,864,nfbwd,858,43.139572,-78.889458,1596132965,55,55039,0,3104,
1918,5,20,5016,0,120,867,socam,869,42.954361,-78.820076,1596132967,5,5016,0,3024,
1920,40,19,5014,0,0,857,ngvln,857,42.965939,-78.922585,1596132951,5,5014,0,3027,
1921,25,19,11003,0,120,857,dlwkn,859,42.962994,-78.870178,1596132920,11,11003,0,3033,
1922,5,19,3009,0,0,865,ellop,865,42.882614,-78.872368,1596132896,3,3009,0,3010,
2011,0,0,26006,4,0,885,twyml,885,99.000000,999.000000,1596132425,26,26006,0,2080,
2015,0,0,13006,4,-180,858,wtfrt,855,42.880825,-78.881233,1596132936,13,13006,0,2036,
2203,5,19,5013,0,-120,864,ngvrg,862,42.914211,-78.899879,1596132886,5,5013,0,3022,
2215,35,19,35004,0,0,890,brrtc,890,42.945339,-78.907394,1596132684,35,35004,0,3073,
2218,5,20,25010,0,0,860,dlwkn,860,42.958622,-78.882309,1596132960,25,25010,0,3060,
2501,6,19,6012,0,60,860,sycmg,861,42.895042,-78.848099,1596132918,6,6012,0,1026,
2503,16,20,16010,0,120,878,mcmal,880,42.782375,-78.808762,1596132938,16,16010,0,1056,
2504,19,20,19010,0,60,856,winsp,857,42.945782,-78.813934,1596132951,19,19010,0,1073,
2512,15,20,14008,0,60,861,sogat,862,42.830059,-78.774101,1596132910,14,14008,0,1040,
2601,48,20,8006,0,240,862,ehmal,866,42.973637,-78.694000,1596132892,8,8006,0,2006,
2602,13,20,8005,0,0,855,socam,855,42.955212,-78.821075,1596132717,8,8005,0,2005,
2604,12,19,12015,0,-240,860,knegt,856,42.948887,-78.803955,1596132927,12,12015,0,2015,
2605,48,19,48004,0,0,855,socam,855,42.954689,-78.821304,1596132931,48,48004,0,2097,
2606,23,20,23013,0,0,864,hrtpk,864,42.938961,-78.839470,1596132937,23,23013,0,2060,
2607,76,19,76003,0,60,860,athpr,861,42.750530,-78.896713,1596132944,76,76003,0,1054,
2612,32,19,32010,0,0,858,brrtc,858,42.938190,-78.890495,1596132949,32,32010,0,1086,
2613,14,20,14009,0,-180,860,spkls,857,42.877773,-78.870621,1596132916,14,14009,0,1036,
2614,6,20,6009,0,-120,860,twyml,858,42.907280,-78.791298,1596132928,6,6009,0,1029,
2617,1,20,1004,0,-60,869,aptml,868,42.888580,-78.751732,1596132877,1,1004,0,1005,
2618,4,19,1006,0,60,864,tcbfl,865,42.886242,-78.870842,1596132911,1,1006,0,1003,
2620,32,19,32015,0,-180,856,knhty,853,42.944294,-78.798637,1596132956,32,32015,0,1084,
2623,16,19,16009,0,0,880,bnmc,880,42.898563,-78.868721,1596132958,16,16009,0,1060,
2624,6,20,6007,0,99999,9999,glrml,861,42.910526,-78.764015,1596132797,6,6007,1,1027,
2625,0,0,32016,4,1200,842,tcbfl,862,42.883575,-78.872894,1596132965,32,32016,0,1088,
2627,0,0,4008,4,0,860,twyml,860,42.884701,-78.823235,1596132947,4,4008,0,1057,
2629,0,0,6010,4,-960,791,wtfrt,775,99.000000,999.000000,1596126234,6,6010,0,1096,
2630,0,0,16013,4,300,855,mowsh,860,42.887398,-78.873154,1596132894,16,16013,0,1061,
2702,47,19,48005,0,99999,9999,eccn,853,42.966293,-78.719986,1596132854,48,48005,1,2096,
2703,12,19,12019,0,60,853,nghmp,854,42.909424,-78.900024,1596132960,12,12019,0,2019,
2704,12,20,12018,0,120,868,ctyli,870,42.958679,-78.814827,1596132710,12,12018,0,2017,
2706,0,0,24014,4,180,862,marmn,865,42.877029,-78.877472,1596132913,24,24014,0,2071,
2707,26,20,22005,0,60,858,gnhar,859,42.921883,-78.793121,1596132962,22,22005,0,2048,
2713,47,20,47003,0,-60,856,mnegt,855,42.963161,-78.804482,1596132955,47,47003,0,2091,
8141,45,99,45094,99,99999,9999,,9999,42.945724,-78.906761,1596131874,45,0,0,45094,
8145,45,99,45145,99,99999,9999,,9999,42.882641,-78.872444,1596132461,45,0,0,45145,
8201,45,99,45201,99,99999,9999,,9999,42.977322,-78.789474,1596132839,45,0,0,45201,
8205,45,99,45205,99,99999,9999,,9999,42.940556,-78.867386,1596132968,45,0,0,45205,
8206,45,99,45206,99,99999,9999,,9999,43.040958,-78.888039,1596132935,45,0,0,45206,
8208,45,99,45208,99,99999,9999,,9999,42.998497,-78.851006,1596132941,45,0,0,45208,
8211,45,99,45211,99,99999,9999,,9999,42.958622,-78.860382,1596132926,45,0,0,45211,
8213,45,99,45213,99,99999,9999,,9999,42.909397,-78.721176,1596128805,45,0,0,45213,
8216,45,99,45216,99,99999,9999,,9999,43.034466,-78.819328,1596132962,45,0,0,45216,
8217,45,99,45217,99,99999,9999,,9999,42.954636,-78.782738,1596132963,45,0,0,45217,
8218,45,99,45218,99,99999,9999,,9999,42.978092,-78.814606,1596132740,45,0,0,45218,
8219,45,99,45219,99,99999,9999,,9999,42.965141,-78.814117,1596132924,45,0,0,45219,
8220,45,99,45220,99,99999,9999,,9999,42.925594,-78.830902,1596132947,45,0,0,45220,
8221,45,99,45221,99,99999,9999,,9999,42.854343,-78.772018,1596132951,45,0,0,45221,
8222,45,99,45222,99,99999,9999,,9999,42.922871,-78.867752,1596132918,45,0,0,45222,
8224,45,99,45224,99,99999,9999,,9999,42.919132,-78.839134,1596132932,45,0,0,45224,
8225,45,99,45225,99,99999,9999,,9999,42.920013,-78.859978,1596132914,45,0,0,45225,
8226,45,99,45226,99,99999,9999,,9999,43.066971,-78.990852,1596132953,45,0,0,45226,
8230,45,99,45230,99,99999,9999,,9999,42.918941,-78.747154,1596132915,45,0,0,45230,
8231,45,99,45231,99,99999,9999,,9999,42.934643,-78.727425,1596132917,45,0,0,45231,
8232,45,99,45232,99,99999,9999,,9999,42.906784,-78.778496,1596132865,45,0,0,45232,
8233,45,99,45233,99,99999,9999,,9999,99.000000,999.000000,1596113295,45,0,0,45233,
8234,45,99,45234,99,99999,9999,,9999,42.946854,-78.767029,1596132961,45,0,0,45234,
8236,45,99,45236,99,99999,9999,,9999,99.000000,999.000000,1596099746,45,0,0,45236,
8238,45,99,45238,99,99999,9999,,9999,42.978561,-78.731224,1596132945,45,0,0,45238,
8239,45,99,45239,99,99999,9999,,9999,42.959446,-78.891129,1596132929,45,0,0,45239,
8240,45,99,45240,99,99999,9999,,9999,42.955791,-78.871292,1596132780,45,0,0,45240,
8241,45,99,45241,99,99999,9999,,9999,42.938877,-78.904755,1596132922,45,0,0,45241,
8301,45,99,45301,99,99999,9999,,9999,42.951832,-78.859489,1596132930,45,0,0,45301,
8306,45,99,45306,99,99999,9999,,9999,42.987469,-78.914246,1596132964,45,0,0,45306,
8307,45,99,45307,99,99999,9999,,9999,42.947651,-78.845161,1596132890,45,0,0,45307,
