1001,67,20,67003,0,0,994,balng,994,42.880825,-78.877213,1596140211,67,67003,0,2095,
1002,0,0,26008,4,-360,986,twyml,980,42.917923,-78.784416,1596140239,26,26008,0,2082,
1003,23,20,23017,0,120,977,hrtpk,979,42.947678,-78.849403,1596140208,23,23017,0,2055,
1004,0,0,12022,6,99999,9999,ellop,1005,42.883190,-78.872894,1596140228,12,12022,0,2028,
1005,48,20,48006,0,-60,975,ehmal,974,42.974461,-78.693703,1596140157,48,48006,0,2098,
1006,0,0,23020,4,-60,976,brrtc,975,42.945614,-78.907356,1596140185,23,23020,0,2062,
1007,24,19,24015,0,0,980,marmn,980,42.877277,-78.877769,1596140092,24,24015,0,2072,
1008,23,19,23015,0,0,980,abtba,980,42.857586,-78.828674,1596139738,23,23015,0,2058,
1010,23,19,66003,0,0,955,abtba,955,42.904804,-78.868240,1596140211,66,66003,0,2056,
1011,0,0,24018,4,240,985,airpt,989,42.921856,-78.843155,1596140212,24,24018,0,2074,
1014,26,19,18005,0,0,986,dlvst,986,42.922596,-78.824165,1596140192,18,18005,0,2043,
1016,24,20,24017,0,0,978,genmn,978,42.891167,-78.866196,1596140232,24,24017,0,2070,
1017,18,20,18004,0,0,980,dlvst,980,42.922569,-78.856514,1596140200,18,18004,0,2041,
1020,2,19,2009,0,0,985,tcbfl,985,42.883659,-78.872742,1596140221,2,2009,0,1012,
1021,32,19,32011,0,-420,977,brrtc,970,42.945587,-78.907356,1596140228,32,32011,0,1083,
1022,19,20,19009,0,0,980,bdyba,980,42.889568,-78.814117,1596140210,19,19009,0,1070,
1023,16,20,16008,0,0,978,mcmal,978,42.782566,-78.808609,1596139778,16,16008,0,1059,
1025,6,19,6011,0,0,985,wtfrt,985,42.880219,-78.882942,1596140156,6,6011,0,1025,
1026,1,19,1003,0,-360,987,nolvj,981,42.883877,-78.761078,1596140218,1,1003,0,1006,
1027,4,20,4007,0,0,980,bdyba,980,42.896034,-78.820335,1596140231,4,4007,0,1017,
1029,32,20,32012,0,-60,982,knhty,981,42.939072,-78.810806,1596140182,32,32012,0,1079,
1032,0,0,76002,6,0,999,ellop,999,42.882530,-78.872040,1596140165,76,76002,0,1103,
1034,0,0,15010,4,300,990,lterr,995,42.875107,-78.843819,1596140184,15,15010,0,1050,
1037,0,0,19014,4,-120,1002,socam,1000,42.889324,-78.814156,1596140187,19,19014,0,1075,
1038,6,19,6008,0,0,982,wldba,982,42.906979,-78.797035,1596140199,6,6008,0,1028,
1039,0,0,69002,4,180,993,lterr,996,42.877388,-78.831833,1596140197,69,69002,0,1097,
1040,15,20,15006,0,-180,989,sensm,986,42.882614,-78.874565,1596140206,15,15006,0,1047,
1042,0,0,16015,4,780,992,mowsh,1005,42.884949,-78.830383,1596140192,16,16015,0,1063,
1043,16,19,14011,0,-60,977,spkls,976,42.871750,-78.864365,1596140227,14,14011,0,1041,
1044,42,20,42005,0,-60,982,sogat,981,42.828796,-78.782478,1596140193,42,42005,0,1035,
1045,15,19,15007,0,-60,992,scl,991,42.826786,-78.754448,1596140236,15,15007,0,1048,
1046,2,20,4009,0,-120,990,clmgm,988,42.883163,-78.872932,1596140240,4,4009,0,1020,
1047,14,20,14007,0,0,981,eccs,981,42.772530,-78.797180,1596139982,14,14007,0,1039,
1048,32,19,32013,0,60,983,amhba,984,42.942398,-78.802917,1596140230,32,32013,0,1087,
1049,4,19,4006,0,-120,980,bdyba,978,42.898975,-78.797852,1596140198,4,4006,0,1019,
1050,70,20,70002,0,-120,992,fern,990,42.884594,-78.869804,1596140194,70,70002,0,1080,
1052,15,19,15008,0,180,987,lterr,990,42.878323,-78.855286,1596140236,15,15008,0,1046,
1055,26,19,26007,0,0,977,ngdlv,977,42.922131,-78.897980,1596140173,26,26007,0,2081,
1057,8,20,13005,0,0,985,amsta,985,42.924770,-78.854469,1596140184,13,13005,0,2035,
1061,0,0,47005,4,1380,982,crspt,1005,43.042030,-78.743362,1596140162,47,47005,0,2092,
1062,13,19,44007,0,0,985,utica,985,42.911736,-78.864853,1596140220,44,44007,0,2088,
1065,8,19,44006,0,99999,9999,wtfrt,985,42.882282,-78.876724,1596140233,44,44006,1,2089,
1066,155,19,155001,0,0,980,hojo,980,43.081604,-78.976036,1596140198,155,155001,0,3112,
1104,49,20,47004,0,0,981,mpltr,981,42.976334,-78.695900,1596140231,47,47004,0,2093,
1105,44,19,44008,0,60,985,flint,986,43.016235,-78.786652,1596140230,44,44008,0,2087,
1106,0,0,23019,4,99999,9999,abtba,960,42.884647,-78.839172,1596140201,23,23019,0,2021,
1107,0,0,13007,4,0,1000,socam,1000,42.917179,-78.860909,1596140226,13,13007,0,2037,
1108,24,20,24011,0,180,978,airpt,981,42.933926,-78.730888,1596140209,24,24011,0,2069,
1109,48,20,8007,0,-120,985,eccn,983,42.961948,-78.749802,1596140237,8,8007,0,2004,
1110,18,19,18006,0,-180,977,spkls,974,42.871475,-78.862808,1596140234,18,18006,0,2042,
1111,23,19,23012,0,-120,982,hrtpk,980,42.947678,-78.868980,1596140185,23,23012,0,2057,
1112,12,20,12020,0,0,978,utica,978,42.911213,-78.867752,1596140185,12,12020,0,2022,
1113,0,0,24020,4,1020,985,airpt,1002,42.921883,-78.842926,1596140203,24,24020,0,2076,
1114,12,19,12016,0,120,1003,nghmp,1005,42.908901,-78.899918,1596140206,12,12016,0,2026,
1115,44,20,44009,0,0,982,mlptr,982,43.054569,-78.726273,1596140191,44,44009,0,2090,
1116,23,20,23014,0,0,990,brrtc,990,42.945671,-78.907097,1596140182,23,23014,0,2061,
1118,23,20,23018,0,60,984,brrtc,985,42.945587,-78.907135,1596140216,23,23018,0,2020,
1119,12,20,12013,0,120,983,badlv,985,42.914486,-78.822601,1596140229,12,12013,0,2024,
1120,12,20,12012,0,0,979,ctyli,979,42.957741,-78.818024,1596140225,12,12012,0,2023,
1124,13,19,8008,0,0,978,winsp,978,42.953094,-78.813896,1596140185,8,8008,0,2007,
1126,23,19,23011,0,180,980,flfry,983,42.924221,-78.839172,1596140212,23,23011,0,2059,
1127,22,19,22006,0,0,979,lkv,979,42.898121,-78.893738,1596140001,22,22006,0,2047,
1128,12,19,12017,0,0,979,utica,979,42.911156,-78.855804,1596140162,12,12017,0,2027,
1129,24,20,24012,0,540,977,holtz,986,42.929886,-78.828560,1596140226,24,24012,0,2018,
1130,22,19,22004,0,-60,978,wldba,977,42.905823,-78.806862,1596140215,22,22004,0,2046,
1201,0,0,42007,4,-120,987,mohel,985,42.885059,-78.843788,1596140196,42,42007,0,1100,
1202,2,19,2008,0,120,988,tcbfl,990,42.884979,-78.868019,1596140223,2,2008,0,1011,
1203,6,20,6013,0,180,982,wldba,985,42.901230,-78.827744,1596140207,6,6013,0,1030,
1204,4,19,46003,0,-240,978,bdmgn,974,42.889076,-78.857597,1596140190,46,46003,0,1102,
1205,1,20,1005,0,120,996,aptml,998,42.888580,-78.751961,1596140238,1,1005,0,1004,
1206,4,20,4005,0,0,983,twyml,983,42.903484,-78.783371,1596140103,4,4005,0,1018,
1207,14,20,16012,0,0,977,shops,977,42.831379,-78.785904,1596140067,16,16012,0,1058,
1208,0,0,14010,6,180,965,lterr,968,42.864601,-78.824837,1596140218,14,14010,0,1037,
1211,46,19,32014,0,-2040,1014,glrml,980,42.907253,-78.753670,1596140191,32,32014,0,1085,
1212,19,19,19011,0,360,958,abtba,964,42.857643,-78.828674,1596140232,19,19011,0,1071,
1213,12,19,12014,0,120,988,nghmp,990,42.910965,-78.899879,1596140148,12,12014,0,2025,
1303,155,20,155002,0,0,978,econo,978,43.092136,-79.004730,1596140202,155,155002,0,3113,
1501,0,0,50024,4,99999,9999,prtc,775,43.009056,-78.957497,1596126076,50,50024,0,3091,
1502,34,19,34009,0,99999,9999,socam,895,42.986286,-78.822906,1596140222,34,34009,0,3069,
1504,0,0,50025,4,-660,993,olopc,982,43.152966,-79.028816,1596140186,50,50025,0,3095,
1505,3,19,3013,0,0,984,frgrt,984,42.932854,-78.888786,1596140234,3,3013,0,3007,
1506,0,0,52030,4,-180,976,tcbfl,973,42.883411,-78.872406,1596140214,52,52030,0,3100,
1507,0,0,40010,6,360,1009,nftc,1015,43.100632,-78.979942,1596140190,40,40010,0,3082,
1508,35,20,35006,0,60,984,dlwsh,985,42.985683,-78.893997,1596140224,35,35006,0,3074,
1511,0,0,35005,6,60,977,tcbfl,978,42.882477,-78.872185,1596140077,35,35005,0,3072,
1512,5,19,5015,0,-120,977,ellop,975,42.882530,-78.872520,1596140222,5,5015,0,3021,
1514,11,19,11004,0,0,1000,ellop,1000,42.882530,-78.872108,1596140229,11,11004,0,3106,
1517,55,19,55041,0,0,1005,prtc,1005,43.099396,-79.051674,1596140215,55,55041,0,3109,
1518,5,19,3016,0,0,981,ellop,981,42.885914,-78.877953,1596140189,3,3016,0,3079,
1519,40,19,40012,0,-60,986,giplz,985,43.074673,-79.004547,1596140206,40,40012,0,3084,
1520,52,19,52028,0,-60,978,mlnfb,977,43.092411,-78.970230,1596140208,52,52028,0,3099,
1601,5,20,20013,0,0,980,ngfry,980,42.909592,-78.899956,1596140239,20,20013,0,3045,
1603,55,19,40011,0,0,993,prtc,993,43.099369,-79.051521,1596140063,40,40011,0,3083,
1604,52,20,52029,0,-60,984,prtc,983,43.107399,-79.053795,1596140186,52,52029,0,3098,
1605,25,20,25006,0,0,986,mnngr,986,43.020527,-78.879738,1596139470,25,25006,0,3058,
1606,25,20,25009,0,120,978,dlwkn,980,42.956505,-78.869316,1596140195,25,25009,0,3059,
1610,3,20,3012,0,0,992,sklmt,992,42.921883,-78.890160,1596140188,3,3012,0,3009,
1612,11,20,11005,0,0,976,clvkn,976,42.958431,-78.858673,1596140191,11,11005,0,3034,
1614,40,19,40013,0,0,997,tcbfl,997,42.883549,-78.872597,1596140237,40,40013,0,3078,
1615,34,19,34010,0,60,974,socam,975,42.955185,-78.820450,1596140182,34,34010,0,3065,
1616,25,20,25011,0,0,1004,mnngr,1004,43.020691,-78.878998,1596139899,25,25011,0,3057,
1617,20,19,20015,0,0,990,ellop,990,42.882584,-78.872299,1596140083,20,20015,0,3042,
1622,0,0,3018,4,60,984,socam,985,42.958183,-78.829010,1596140233,3,3018,0,3012,
1701,3,19,11006,0,-60,976,ellop,975,42.882614,-78.872368,1596140190,11,11006,0,3035,
1703,5,19,5017,0,-60,981,brrtc,980,42.958897,-78.909035,1596140223,5,5017,0,3028,
1708,55,20,55038,0,0,1000,boces,1000,43.145981,-78.864594,1596139442,55,55038,0,3108,
1711,5,20,35007,0,0,981,dlwkn,981,42.958569,-78.883797,1596140228,35,35007,0,3075,
1713,0,0,20020,4,0,1000,ellop,1000,42.959171,-78.890793,1596140223,20,20020,0,3050,
1714,20,20,3010,0,0,982,orch,982,42.988403,-78.873039,1596140156,3,3010,0,3008,
1715,25,19,25012,0,-180,984,dlwdv,981,42.941353,-78.867905,1596140224,25,25012,0,3056,
1716,50,19,50022,0,0,981,bfhyd,981,43.075691,-78.990219,1596140193,50,50022,0,3094,
1718,47,19,24013,0,60,982,eccn,983,42.954086,-78.714920,1596140227,24,24013,0,2054,
1720,12,19,12021,0,60,978,knegt,979,42.943745,-78.803474,1596140183,12,12021,0,2016,
1801,25,19,25007,0,0,980,ellop,980,42.885914,-78.875793,1596140196,25,25007,0,3054,
1802,50,20,50021,0,120,979,nftc,981,43.097469,-78.975143,1596140225,50,50021,0,3092,
1803,40,20,40008,0,0,978,ngvln,978,42.949493,-78.908554,1596140205,40,40008,0,3080,
1806,0,0,3017,4,-420,982,ellop,975,42.877441,-78.871590,1596140181,3,3017,0,3011,
1807,20,19,20016,0,120,988,ellop,990,42.896969,-78.877251,1596140200,20,20016,0,3047,
1808,0,0,34012,4,0,966,hazwd,966,43.045029,-78.810432,1596140160,34,34012,0,3093,
1809,40,20,40009,0,0,977,falls,977,43.081989,-79.051483,1596140147,40,40009,0,3081,
1810,3,20,20018,0,-300,981,trcem,976,42.887177,-78.878845,1596140204,20,20018,0,3048,
1811,0,0,20019,4,0,995,ellop,995,42.945450,-78.893814,1596140227,20,20019,0,3049,
1813,40,19,55042,0,-120,977,ngvln,975,42.957329,-78.913239,1596140217,55,55042,0,3110,
1814,3,19,3015,0,0,979,sklmt,979,42.958843,-78.894478,1596140221,3,3015,0,3006,
1815,11,19,11002,0,0,982,dlwnr,982,42.912724,-78.869949,1596140212,11,11002,0,3032,
1816,3,20,5012,0,0,982,sklmt,982,42.943966,-78.891502,1596140196,5,5012,0,3026,
1817,16,20,16014,0,60,990,spkls,991,42.888802,-78.872070,1596140199,16,16014,0,1062,
1818,19,19,19008,0,60,981,bagen,982,42.922104,-78.813782,1596140214,19,19008,0,1072,
1819,15,20,42006,0,60,983,sogat,984,42.832451,-78.775223,1596140233,42,42006,0,1099,
1820,0,0,2011,4,99999,9999,tcbfl,970,42.883492,-78.872665,1596140189,2,2011,0,1013,
1821,74,20,15009,0,0,977,athpr,977,42.773907,-78.861946,1596140201,15,15009,0,1049,
1822,19,19,19012,0,0,985,abtba,985,42.882614,-78.814041,1596140239,19,19012,0,1074,
1824,42,19,42004,0,0,983,mohel,983,42.878269,-78.868279,1596140207,42,42004,0,1098,
1903,5,20,5018,0,120,978,socam,980,42.957550,-78.818810,1596140213,5,5018,0,3025,
1904,5,20,5019,0,180,977,socam,980,42.955021,-78.820076,1596140194,5,5019,0,3105,
1905,34,20,34007,0,0,978,nfbma,978,42.988022,-78.822533,1596140192,34,34007,0,3067,
1907,20,19,20014,0,120,985,elmdv,987,42.939537,-78.878700,1596140203,20,20014,0,3046,
1908,11,20,3011,0,-240,987,dlwnr,983,42.884041,-78.877251,1596140199,3,3011,0,3005,
1909,5,19,5020,0,99999,9999,dlwkn,946,42.918911,-78.898949,1596140198,5,5020,0,3023,
1910,20,19,20017,0,0,981,dlwsh,981,42.987331,-78.873337,1596140234,20,20017,0,3044,
1911,55,19,40015,0,-60,987,nfb56,986,43.097771,-78.975662,1596140220,40,40015,0,3107,
1912,34,20,34008,0,60,978,hazwd,979,43.027428,-78.814491,1596140191,34,34008,0,3068,
1914,40,20,40014,0,-120,977,prtc,975,43.099396,-79.051636,1596140228,40,40014,0,3085,
1915,3,19,20011,0,0,981,trcem,981,42.901669,-78.887405,1596140187,20,20011,0,3043,
1916,55,20,55039,0,-240,976,nfb56,972,43.090263,-78.996880,1596140188,55,55039,0,3104,
1917,0,0,40016,4,0,998,tcbfl,998,42.959751,-78.890831,1596140234,40,40016,0,3086,
1918,20,20,5016,0,60,981,elken,982,42.950676,-78.878181,1596140235,5,5016,0,3024,
1919,20,20,34011,0,0,985,elmdv,985,42.906567,-78.877136,1596140221,34,34011,0,3070,
1920,5,20,5014,0,60,990,kenml,991,42.950069,-78.908661,1596140232,5,5014,0,3027,
1921,11,19,11003,0,-60,986,prpky,985,43.012772,-78.846870,1596140201,11,11003,0,3033,
1922,3,19,3009,0,0,980,ellop,980,42.882504,-78.872337,1596140237,3,3009,0,3010,
2001,48,19,48005,0,-540,976,socam,967,42.955570,-78.821266,1596140210,48,48005,0,2096,
2011,26,20,26006,0,60,982,gnhar,983,42.922791,-78.798935,1596140193,26,26006,0,2080,
2015,13,20,13006,0,0,989,winsp,989,42.923916,-78.829826,1596140219,13,13006,0,2036,
2203,5,19,5013,0,-360,982,dlwkn,976,42.958569,-78.849327,1596140230,5,5013,0,3022,
2215,35,19,35004,0,120,986,dlwsh,988,42.980816,-78.821304,1596140207,35,35004,0,3073,
2218,25,20,25010,0,0,981,dlwdv,981,42.911678,-78.870476,1596140189,25,25010,0,3060,
2501,6,19,6012,0,60,989,wtfrt,990,42.887672,-78.871849,1596140203,6,6012,0,1026,
2503,16,20,16010,0,0,985,rdgsp,985,42.845268,-78.824097,1596140226,16,16010,0,1056,
2504,19,20,19010,0,0,978,winsp,978,42.941711,-78.813934,1596140180,19,19010,0,1073,
2511,0,0,74003,6,540,991,ellop,1000,42.882477,-78.872597,1596140108,74,74003,0,1081,
2512,0,0,14008,6,120,963,mowsh,965,42.873840,-78.871964,1596140194,14,14008,0,1040,
2601,8,19,8006,0,300,980,wtfrt,985,42.879864,-78.882866,1596140119,8,8006,0,2006,
2602,8,20,8005,0,60,974,socam,975,42.955132,-78.821075,1596140183,8,8005,0,2005,
2604,12,20,12015,0,0,978,ctyli,978,42.958649,-78.814827,1596140209,12,12015,0,2015,
2605,47,20,48004,0,0,985,mnun,985,42.964371,-78.801239,1596140216,48,48004,0,2097,
2606,23,19,23013,0,0,977,bdyfl,977,42.897709,-78.839691,1596140222,23,23013,0,2060,
2607,0,0,14012,4,-60,987,mowsh,986,42.885117,-78.850822,1596140234,14,14012,0,1042,
2608,32,19,32018,0,-240,984,glrml,980,42.908653,-78.772240,1596140228,32,32018,0,1090,
2611,1,20,32017,0,-360,989,wmmgn,983,42.882778,-78.873299,1596140220,32,32017,0,1089,
2612,0,0,32010,6,240,976,glrml,980,42.910221,-78.763947,1596139818,32,32010,0,1086,
2613,14,19,14009,0,60,984,mowsh,985,42.882282,-78.874527,1596140200,14,14009,0,1036,
2614,6,20,6009,0,-180,984,twyml,981,42.906536,-78.801613,1596140213,6,6009,0,1029,
2616,2,20,2010,0,0,978,fltbk,978,42.862728,-78.697350,1596140175,2,2010,0,1082,
2617,2,20,1004,0,0,979,fern,979,42.871365,-78.795433,1596140224,1,1004,0,1005,
2618,1,19,1006,0,60,979,tcbfl,980,42.883163,-78.876762,1596140196,1,1006,0,1003,
2620,32,20,32015,0,180,980,twyml,983,42.907391,-78.777382,1596140182,32,32015,0,1084,
2623,16,20,16009,0,60,976,mnbfl,977,42.715633,-78.827484,1596140125,16,16009,0,1060,
2624,0,0,6007,5,0,990,babck,990,42.904942,-78.784492,1596140141,6,6007,0,1027,
2625,32,19,32016,0,180,987,brrtc,990,42.940308,-78.878777,1596140195,32,32016,0,1088,
2627,0,0,4008,6,540,971,ellop,980,42.882530,-78.872520,1596140056,4,4008,0,1057,
2628,19,19,19013,0,-240,990,baken,986,42.957851,-78.818062,1596140192,19,19013,0,1038,
2629,6,20,6010,0,99999,9999,sycmg,915,99.000000,999.000000,1596136361,6,6010,0,1096,
2630,16,20,16013,0,60,982,spkls,983,42.877716,-78.870621,1596140181,16,16013,0,1061,
2701,24,19,24016,0,-60,973,holtz,972,42.928894,-78.745255,1596140098,24,24016,0,2073,
2703,12,19,12019,0,0,986,filut,986,42.918362,-78.814041,1596140188,12,12019,0,2019,
2704,12,20,12018,0,60,987,knegt,988,42.926613,-78.813896,1596140178,12,12018,0,2017,
2706,24,19,24014,0,60,979,marmn,980,42.879066,-78.875832,1596140197,24,24014,0,2071,
2707,22,20,22005,0,60,986,twyml,987,42.906811,-78.799599,1596140190,22,22005,0,2048,
2713,47,19,47003,0,60,954,socam,955,42.916931,-78.862137,1596139988,47,47003,0,2091,
8133,45,99,45096,99,99999,9999,,9999,43.085232,-79.020294,1596140211,45,0,0,45096,
8141,45,99,45094,99,99999,9999,,9999,42.957603,-78.896416,1596140209,45,0,0,45094,
8145,45,99,45145,99,99999,9999,,9999,42.892841,-78.884171,1596140210,45,0,0,45145,
8206,45,99,45206,99,99999,9999,,9999,42.995281,-78.847992,1596140219,45,0,0,45206,
8208,45,99,45208,99,99999,9999,,9999,42.849998,-78.820183,1596140230,45,0,0,45208,
8211,45,99,45211,99,99999,9999,,9999,42.935989,-78.867012,1596140196,45,0,0,45211,
8213,45,99,45213,99,99999,9999,,9999,42.947624,-78.868721,1596140189,45,0,0,45213,
8216,45,99,45216,99,99999,9999,,9999,42.925156,-78.754448,1596140190,45,0,0,45216,
8218,45,99,45218,99,99999,9999,,9999,43.135529,-79.042328,1596137940,45,0,0,45218,
8222,45,99,45222,99,99999,9999,,9999,42.893696,-78.754784,1596140202,45,0,0,45222,
8224,45,99,45224,99,99999,9999,,9999,42.896088,-78.814415,1596140217,45,0,0,45224,
8225,45,99,45225,99,99999,9999,,9999,42.987854,-78.816200,1596140198,45,0,0,45225,
8227,45,99,45227,99,99999,9999,,9999,42.821316,-78.808167,1596140185,45,0,0,45227,
8229,45,99,45229,99,99999,9999,,9999,43.016621,-78.879372,1596140197,45,0,0,45229,
8231,45,99,45231,99,99999,9999,,9999,42.920204,-78.737923,1596140023,45,0,0,45231,
8232,45,99,45232,99,99999,9999,,9999,42.991154,-78.740196,1596140151,45,0,0,45232,
8237,45,99,45237,99,99999,9999,,9999,43.008121,-78.951096,1596139663,45,0,0,45237,
8238,45,99,45238,99,99999,9999,,9999,42.915447,-78.697388,1596140232,45,0,0,45238,
8239,45,99,45239,99,99999,9999,,9999,42.961979,-78.757133,1596140153,45,0,0,45239,
8240,45,99,45240,99,99999,9999,,9999,42.978340,-78.739304,1596140188,45,0,0,45240,
8241,45,99,45241,99,99999,9999,,9999,43.035458,-78.875458,1596140206,45,0,0,45241,
8301,45,99,45301,99,99999,9999,,9999,42.929363,-78.853645,1596140214,45,0,0,45301,
8307,45,99,45307,99,99999,9999,,9999,42.950264,-78.785789,1596140059,45,0,0,45307,
