1002,22,19,26008,0,-60,1098,wldba,1097,42.906288,-78.803284,1596147302,26,26008,0,2082,
1004,44,19,12022,0,-120,1104,mlptr,1102,43.152527,-78.697014,1596147073,12,12022,0,2028,
1005,48,19,48006,0,60,1096,mnegt,1097,42.963791,-78.803062,1596147338,48,48006,0,2098,
1006,23,20,23020,0,0,1105,brrtc,1105,42.945644,-78.907356,1596147309,23,23020,0,2062,
1007,24,20,24015,0,0,1102,genmn,1102,42.882915,-78.872856,1596147333,24,24015,0,2072,
1011,0,0,24018,6,0,1108,airpt,1108,42.934120,-78.730667,1596147276,24,24018,0,2074,
1013,12,19,13008,0,180,1087,nghmp,1090,42.910881,-78.899879,1596147341,13,13008,0,2038,
1014,26,19,18005,0,-120,1095,badlv,1093,42.922707,-78.814041,1596147315,18,18005,0,2043,
1016,0,0,24017,5,0,1106,colds,1106,42.884979,-78.867981,1596147296,24,24017,0,2070,
1018,12,19,12023,0,0,1099,utica,1099,42.911156,-78.854355,1596147342,12,12023,0,2029,
1020,4,19,2009,0,0,1095,tcbfl,1095,42.883492,-78.872482,1596147225,2,2009,0,1012,
1026,1,19,1003,0,0,1104,wmmgn,1104,42.884922,-78.827293,1596147341,1,1003,0,1006,
1028,32,19,32020,0,0,1105,brrtc,1105,42.940144,-78.878624,1596147333,32,32020,0,1093,
1030,4,20,32021,0,0,1095,twyml,1095,42.902714,-78.783707,1596147320,32,32021,0,1092,
1032,76,20,76002,0,99999,9999,frnhm,1071,42.594688,-79.091049,1596147286,76,76002,0,1103,
1033,32,19,32019,0,0,1095,brrtc,1095,42.945450,-78.906799,1596147170,32,32019,0,1091,
1034,15,19,15010,0,0,1099,sensm,1099,42.868641,-78.829269,1596147307,15,15010,0,1050,
1037,19,20,19014,0,-60,1100,winsp,1099,42.934971,-78.813599,1596147310,19,19014,0,1075,
1038,6,19,6008,0,0,1097,twyml,1097,42.903732,-78.781624,1596147322,6,6008,0,1028,
1040,15,20,15006,0,-60,1105,sensm,1104,42.882336,-78.873337,1596147330,15,15006,0,1047,
1041,16,20,16016,0,0,1101,bgtsp,1101,42.789608,-78.819740,1596147330,16,16016,0,1064,
1042,16,20,16015,0,0,1095,mnbfl,1095,42.715660,-78.826256,1596147316,16,16015,0,1063,
1043,14,20,14011,0,0,1108,eccs,1108,42.772556,-78.797180,1596147144,14,14011,0,1041,
1044,6,19,6014,0,-60,1106,wtfrt,1105,42.888416,-78.872261,1596147316,6,6014,0,1031,
1045,76,20,15007,0,180,1099,evgsp,1102,42.638634,-79.072220,1596147198,15,15007,0,1048,
1046,2,19,4009,0,120,1098,clmgm,1100,42.882229,-78.855881,1596147290,4,4009,0,1020,
1047,14,20,14007,0,-180,1095,mercy,1092,42.847935,-78.812111,1596147341,14,14007,0,1039,
1048,32,20,32013,0,0,1098,glrml,1098,42.907444,-78.754524,1596147294,32,32013,0,1087,
1049,32,19,4006,0,0,1099,knhty,1099,42.944981,-78.783821,1596147305,4,4006,0,1019,
1055,26,19,26007,0,0,1095,ngdlv,1095,42.922131,-78.897980,1596147117,26,26007,0,2081,
1057,0,0,13005,5,-120,1102,colds,1100,42.931011,-78.848099,1596147307,13,13005,0,2035,
1059,23,19,23021,0,-300,1095,abtba,1090,42.857697,-78.829079,1596147313,23,23021,0,2063,
1062,0,0,44007,5,0,1114,colds,1114,42.978668,-78.747345,1596147332,44,44007,0,2088,
1065,44,20,44006,0,-60,1097,crspt,1096,43.037247,-78.750656,1596147297,44,44006,0,2089,
1104,13,19,47004,0,0,1099,utica,1099,42.914841,-78.849701,1596147295,47,47004,0,2093,
1105,0,0,44008,5,0,1112,colds,1112,42.933128,-78.782104,1596147338,44,44008,0,2087,
1106,23,19,23019,0,-300,1101,abtba,1096,42.871037,-78.845047,1596147325,23,23019,0,2021,
1107,8,20,13007,0,0,1095,socam,1095,42.955158,-78.820671,1596146996,13,13007,0,2037,
1110,18,19,18006,0,60,1092,spkls,1093,42.876205,-78.850449,1596147298,18,18006,0,2042,
1112,66,20,12020,0,99999,9999,mntrn,1099,42.915394,-78.862320,1596147309,12,12020,1,2022,
1113,24,20,24020,0,0,1096,andrw,1096,42.918583,-78.798485,1596147326,24,24020,0,2076,
1114,12,19,12016,0,-60,1097,knegt,1096,42.946770,-78.803513,1596147330,12,12016,0,2026,
1115,44,20,44009,0,-300,1098,mlpsh,1093,42.971329,-78.806335,1596147315,44,44009,0,2090,
1116,23,20,23014,0,60,1097,hrtpk,1098,42.947624,-78.844978,1596147304,23,23014,0,2061,
1119,12,19,12013,0,240,1106,nghmp,1110,42.909039,-78.899658,1596147294,12,12013,0,2024,
1120,12,20,12012,0,0,1097,badlv,1097,42.915146,-78.813675,1596147289,12,12012,0,2023,
1124,8,19,8008,0,-120,1098,dlvst,1096,42.931728,-78.847359,1596147307,8,8008,0,2007,
1126,23,19,23011,0,0,1098,hrtpk,1098,42.947678,-78.859230,1596147336,23,23011,0,2059,
1127,22,20,22006,0,-60,1095,wldba,1094,42.904282,-78.817955,1596147301,22,22006,0,2047,
1128,12,20,12017,0,0,1095,ctyli,1095,42.958706,-78.814568,1596146872,12,12017,0,2027,
1129,12,20,12024,0,120,1096,socam,1098,42.955101,-78.821228,1596147291,12,12024,0,2030,
1130,22,19,22004,0,-120,1095,lkv,1093,42.898205,-78.893547,1596147339,22,22004,0,2046,
1201,42,19,42007,0,60,1099,mohel,1100,42.881153,-78.874794,1596147320,42,42007,0,1100,
1202,1,20,2008,0,-240,1101,wmmgn,1097,42.886162,-78.876801,1596147337,2,2008,0,1011,
1203,6,20,6013,0,60,1101,twyml,1102,42.907143,-78.793495,1596147332,6,6013,0,1030,
1204,46,19,46003,0,-60,1101,glrml,1100,42.909012,-78.742203,1596147306,46,46003,0,1102,
1205,1,20,1005,0,120,1096,aptml,1098,42.888386,-78.751396,1596147302,1,1005,0,1004,
1206,2,20,4005,0,-180,1096,fltbk,1093,42.849117,-78.697014,1596147330,4,4005,0,1018,
1213,12,19,12014,0,0,1105,filut,1105,42.917484,-78.813782,1596147328,12,12014,0,2025,
1301,155,19,155003,0,-120,1102,hojo,1100,43.073849,-78.977226,1596147314,155,155003,0,3114,
1502,34,19,34009,0,99999,9999,socam,895,43.043957,-78.811287,1596147286,34,34009,0,3069,
1504,50,19,50025,0,0,1101,prtc,1101,43.091667,-79.059372,1596147310,50,50025,0,3095,
1506,52,20,52030,0,-300,1101,lkhyd,1096,43.135502,-79.038383,1596147338,52,52030,0,3100,
1507,50,20,40010,0,-360,1101,nuniv,1095,43.153625,-79.032089,1596147077,40,40010,0,3082,
1508,35,19,35006,0,0,1105,brrtc,1105,42.945286,-78.907135,1596147288,35,35006,0,3074,
1517,55,20,55041,0,0,1100,boces,1100,43.145817,-78.866005,1596147219,55,55041,0,3109,
1518,0,0,3016,5,60,1115,front,1116,42.880741,-78.872520,1596147312,3,3016,0,3079,
1519,55,19,40012,0,-180,1098,mlnfb,1095,43.093758,-78.957794,1596147329,40,40012,0,3084,
1520,0,0,52028,5,60,1112,front,1113,43.062023,-78.990852,1596147332,52,52028,0,3099,
1601,5,19,20013,0,0,1104,ngvrg,1104,42.913441,-78.899689,1596147303,20,20013,0,3045,
1603,40,20,40011,0,-120,1098,ngvln,1096,42.946606,-78.907806,1596147330,40,40011,0,3083,
1605,25,20,25006,0,60,1103,mnngr,1104,42.999157,-78.874901,1596147303,25,25006,0,3058,
1606,25,19,25009,0,0,1100,ellop,1100,42.882614,-78.872444,1596147140,25,25009,0,3059,
1608,5,20,5021,0,180,1096,socam,1099,42.954609,-78.820709,1596147322,5,5021,0,3029,
1610,3,20,3012,0,0,1109,sklmt,1109,42.919022,-78.890572,1596147312,3,3012,0,3009,
1612,11,20,11005,0,-240,1108,dlwnr,1104,42.883137,-78.873268,1596147321,11,11005,0,3034,
1615,11,20,34010,0,60,1101,prpky,1102,42.964893,-78.858337,1596147305,34,34010,0,3065,
1616,25,20,25011,0,0,1098,dlwkn,1098,42.953564,-78.869057,1596147319,25,25011,0,3057,
1622,20,20,3018,0,120,1097,elken,1099,42.955048,-78.878250,1596147297,3,3018,0,3012,
1701,5,20,11006,0,99999,9999,socam,1065,42.957962,-78.910263,1596147313,11,11006,0,3035,
1702,3,19,3019,0,0,1105,frgrt,1105,42.937996,-78.889900,1596147329,3,3019,0,3013,
1703,3,20,5017,0,60,1098,tonvl,1099,42.959118,-78.894814,1596147287,5,5017,0,3028,
1708,55,20,55038,0,0,1102,casno,1102,43.099148,-79.051262,1596147275,55,55038,0,3108,
1711,5,19,35007,0,120,1102,ellop,1104,42.881401,-78.872070,1596147292,35,35007,0,3075,
1713,5,20,20020,0,60,1084,socam,1085,42.958210,-78.828415,1596147154,20,20020,0,3050,
1715,0,0,25012,5,60,1101,front,1102,42.988350,-78.884171,1596147289,25,25012,0,3056,
1716,50,20,50022,0,-120,1102,bfhyd,1100,43.088943,-79.044861,1596147317,50,50022,0,3094,
1720,18,20,12025,0,240,1096,dlvst,1100,42.922543,-78.856369,1596147305,12,12025,0,2031,
1802,3,19,25014,0,60,1100,trcem,1101,42.903183,-78.888451,1596147289,25,25014,0,3062,
1803,0,0,40008,5,0,1116,front,1116,43.028252,-78.880112,1596147329,40,40008,0,3080,
1806,3,20,3017,0,0,1106,frgrt,1106,42.894409,-78.880486,1596147304,3,3017,0,3011,
1807,11,19,20016,0,0,1104,prpky,1104,43.015411,-78.847916,1596147324,20,20016,0,3047,
1809,0,0,40009,5,-120,1103,front,1101,42.936264,-78.895676,1596147328,40,40009,0,3081,
1810,5,20,20018,0,60,1099,brrtc,1100,42.937309,-78.903641,1596147328,20,20018,0,3048,
1811,20,19,20019,0,-60,1097,elmnr,1096,42.907196,-78.877174,1596147292,20,20019,0,3049,
1812,25,20,25013,0,0,1118,mdcty,1118,43.050610,-78.876129,1596147299,25,25013,0,3061,
1813,40,20,55042,0,0,1098,prtc,1098,43.094746,-79.048729,1596147340,55,55042,0,3110,
1816,5,20,5012,0,0,1099,dlwkn,1099,42.958569,-78.883652,1596147321,5,5012,0,3026,
1817,16,19,16014,0,-540,1097,mowsh,1088,42.883549,-78.872597,1596147322,16,16014,0,1062,
1819,42,20,42006,0,99999,9999,sogat,1101,42.829594,-78.775520,1596147297,42,42006,1,1099,
1820,2,20,2011,0,-120,1098,fern,1096,42.871834,-78.807861,1596147312,2,2011,0,1013,
1821,15,20,15009,0,180,1101,sogat,1104,42.827446,-78.754448,1596147324,15,15009,0,1049,
1822,19,19,19012,0,-60,1101,bagen,1100,42.931782,-78.813782,1596147302,19,19012,0,1074,
1824,0,0,42004,5,-120,1126,babck,1124,42.892704,-78.549286,1596147331,42,42004,0,1098,
1902,155,20,155004,0,0,1098,econo,1098,43.093647,-79.014336,1596147327,155,155004,0,3115,
1903,20,20,5018,0,180,1100,elmdv,1103,42.912479,-78.877098,1596147338,5,5018,0,3025,
1904,35,19,5022,0,60,1101,nfbsh,1102,42.990963,-78.813934,1596147318,5,5022,0,3030,
1905,34,20,34007,0,-60,1105,blvml,1104,42.958458,-78.823761,1596147255,34,34007,0,3067,
1907,20,19,20014,0,-60,1108,elmdv,1107,42.952023,-78.878403,1596147326,20,20014,0,3046,
1910,0,0,20017,5,0,1103,front,1103,42.980980,-78.882050,1596147299,20,20017,0,3044,
1911,40,19,40015,0,-180,1112,tcbfl,1109,42.929611,-78.897835,1596147283,40,40015,0,3107,
1912,34,20,34008,0,420,1103,hazwd,1110,43.039253,-78.811066,1596147314,34,34008,0,3068,
1914,55,19,40014,0,240,1116,prtc,1120,43.099644,-79.051407,1596147334,40,40014,0,3085,
1915,55,20,55043,0,0,1098,mlnfb,1098,43.088066,-78.977303,1596147311,55,55043,0,3111,
1916,40,20,40017,0,-180,1115,brrtc,1112,42.887066,-78.878181,1596147311,40,40017,0,3087,
1917,40,19,40016,0,60,1103,giplz,1104,43.072746,-78.990959,1596147298,40,40016,0,3086,
1919,5,20,34011,0,-120,1102,ngvrg,1100,42.883163,-78.874306,1596147284,34,34011,0,3070,
1920,25,20,5014,0,0,1107,dlwnr,1107,42.883080,-78.873077,1596147328,5,5014,0,3027,
1922,20,19,3009,0,0,1100,ellop,1100,42.882584,-78.872108,1596147181,3,3009,0,3010,
2011,26,20,26006,0,0,1099,gnhar,1099,42.922791,-78.800682,1596147308,26,26006,0,2080,
2015,13,20,13006,0,-60,1107,winsp,1106,42.929199,-78.829414,1596147334,13,13006,0,2036,
2215,0,0,35004,5,180,9999,,9999,42.959091,-78.891090,1596147322,35,35004,0,3073,
2218,25,19,25010,0,-120,1105,dlwdv,1103,42.947926,-78.868950,1596147301,25,25010,0,3060,
2504,0,0,19010,5,60,1113,babck,1114,42.928429,-78.814041,1596147290,19,19010,0,1073,
2512,14,19,14008,0,60,1104,bnmc,1105,42.890450,-78.868164,1596147308,14,14008,0,1040,
2601,8,20,8006,0,0,1094,mnaln,1094,42.898506,-78.870247,1596147291,8,8006,0,2006,
2602,64,20,8005,0,240,1084,lkpt,1088,43.105087,-78.697311,1596147236,8,8005,0,2005,
2605,48,20,48004,0,0,1096,eccn,1096,42.960491,-78.719353,1596147337,48,48004,0,2097,
2606,23,19,23013,0,120,1093,flfry,1095,42.914814,-78.839539,1596147328,23,23013,0,2060,
2607,14,20,14012,0,-420,1114,spkls,1107,42.898781,-78.863846,1596147295,14,14012,0,1042,
2608,32,20,32018,0,0,1101,knhty,1101,42.938133,-78.813972,1596147334,32,32018,0,1090,
2611,1,19,32017,0,99999,9999,tcbfl,1076,42.883492,-78.872665,1596145951,32,32017,0,1089,
2612,0,0,32010,5,0,1110,babck,1110,42.907612,-78.776230,1596147230,32,32010,0,1086,
2614,6,20,6009,0,-300,1109,sycmg,1104,42.879368,-78.882423,1596147318,6,6009,0,1029,
2615,19,19,19015,0,120,1096,abtba,1098,42.857586,-78.828972,1596147208,19,19015,0,1076,
2617,74,20,1004,0,99999,9999,hrmhl,1089,42.798325,-78.776634,1596147288,1,1004,1,1005,
2623,16,20,16009,0,60,1101,rdgsp,1102,42.842079,-78.824135,1596147300,16,16009,0,1060,
2624,4,20,32022,0,0,1101,twyml,1101,42.906868,-78.782700,1596147314,32,32022,0,1094,
2625,4,19,32016,0,-60,1095,michl,1094,42.898674,-78.785011,1596147309,32,32016,0,1088,
2630,16,19,16013,0,180,1103,rdgsp,1106,42.796124,-78.824135,1596147294,16,16013,0,1061,
2701,47,19,24016,0,-180,1105,eccn,1102,42.951832,-78.724937,1596147333,24,24016,0,2073,
2706,24,19,24014,0,-120,1094,bagen,1092,42.913055,-78.813148,1596147312,24,24014,0,2071,
2707,22,20,22005,0,120,1113,twyml,1115,42.902962,-78.783859,1596147246,22,22005,0,2048,
2708,24,19,24019,0,-240,1104,ungen,1100,42.933159,-78.724449,1596147323,24,24019,0,2075,
8145,45,99,45145,99,99999,9999,,9999,42.882694,-78.872635,1596147097,45,0,0,45145,
8208,45,99,45208,99,99999,9999,,9999,42.992008,-78.821487,1596147276,45,0,0,45208,
8211,45,99,45211,99,99999,9999,,9999,42.881348,-78.676880,1596147310,45,0,0,45211,
8213,45,99,45213,99,99999,9999,,9999,42.961182,-78.755348,1596147304,45,0,0,45213,
8222,45,99,45222,99,99999,9999,,9999,42.955898,-78.697014,1596147321,45,0,0,45222,
8224,45,99,45224,99,99999,9999,,9999,42.964836,-78.685104,1596147260,45,0,0,45224,
8233,45,99,45233,99,99999,9999,,9999,99.000000,999.000000,1596138517,45,0,0,45233,
