1001,22,19,22001,0,0,403,lkv,403,42.898151,-78.893700,1596105635,22,22001,0,2044,
1002,22,19,8003,0,0,403,wldba,403,42.905079,-78.812408,1596105745,8,8003,0,2003,
1003,12,20,12002,0,0,407,utica,407,42.911240,-78.873672,1596105750,12,12002,0,2009,
1004,8,20,44001,0,-120,402,socam,400,42.955101,-78.820633,1596105725,44,44001,0,2083,
1006,0,0,12009,4,0,405,ctyli,405,42.958649,-78.814568,1596105546,12,12009,0,2018,
1007,48,19,8002,0,0,405,socam,405,42.962444,-78.806488,1596105730,8,8002,0,2002,
1008,12,20,12001,0,60,408,badlv,409,42.914486,-78.822304,1596105752,12,12001,0,2008,
1010,12,19,12007,0,0,411,filut,411,42.917152,-78.813782,1596105752,12,12007,0,2014,
1011,12,19,12008,0,-240,410,knegt,406,42.951115,-78.825096,1596105680,12,12008,0,2096,
1016,0,0,67001,4,-480,413,eccn,405,42.927246,-78.742836,1596105727,67,67001,0,2017,
1017,26,20,26001,0,60,407,badlv,408,42.922241,-78.827705,1596105743,26,26001,0,2077,
1018,18,19,18003,0,0,403,spkls,403,42.869961,-78.854393,1596105703,18,18003,0,2016,
1020,0,0,2005,4,0,402,fltbk,402,42.848869,-78.698059,1596105630,2,2005,0,1083,
1021,74,19,42001,0,180,406,ellop,409,42.885223,-78.876839,1596105732,42,42001,0,1095,
1022,0,0,6006,4,99999,9999,athpr,410,42.773849,-78.862099,1596105556,6,6006,0,1027,
1025,16,20,14001,0,0,406,mnbfl,406,42.715660,-78.827408,1596105587,14,14001,0,1032,
1026,42,19,42002,0,0,407,lcvtc,407,42.828163,-78.803993,1596105702,42,42002,0,1096,
1027,2,20,2002,0,-60,406,trfrh,405,42.867817,-78.731262,1596105711,2,2002,0,1008,
1030,6,20,6003,0,0,428,glrml,428,42.910332,-78.763641,1596105714,6,6003,0,1023,
1031,76,19,1002,0,0,403,angla,403,42.638523,-79.048393,1596105646,1,1002,0,1002,
1032,0,0,16006,4,-120,401,mcmal,399,42.782566,-78.808609,1596105702,16,16006,0,1057,
1033,14,19,16005,0,-120,405,rdgab,403,42.813751,-78.800049,1596105709,16,16005,0,1025,
1039,19,20,19002,0,0,405,socam,405,42.955021,-78.820114,1596105443,19,19002,0,1066,
1040,6,19,6005,0,-120,409,twyml,407,42.914513,-78.765472,1596105754,6,6005,0,1084,
1044,4,19,32001,0,0,410,tcbfl,410,42.885967,-78.875420,1596105735,32,32001,0,1077,
1045,0,0,19007,4,0,405,abtba,405,42.857643,-78.828636,1596105705,19,19007,0,1085,
1047,70,19,70001,0,0,402,cltun,402,42.855389,-78.752403,1596105750,70,70001,0,1079,
1048,46,19,46002,0,0,402,harlq,402,42.908737,-78.721062,1596105699,46,46002,0,1036,
1049,19,20,19003,0,-120,403,bdyba,401,42.890862,-78.814117,1596105721,19,19003,0,1067,
1050,46,19,32002,0,0,405,twyml,405,42.902714,-78.783707,1596105205,32,32002,0,1078,
1052,2,20,2001,0,99999,9999,fltbk,355,42.872025,-78.814713,1596105703,2,2001,1,1007,
1055,12,19,12005,0,60,405,elmut,406,42.911297,-78.870102,1596105752,12,12005,0,2012,
1056,23,20,23002,0,120,408,brrtc,410,42.946743,-78.888710,1596105701,23,23002,0,2050,
1057,24,19,12006,0,0,416,marmn,416,42.877277,-78.877769,1596105499,12,12006,0,2013,
1061,13,20,8001,0,60,416,winsp,417,42.927162,-78.830421,1596105709,8,8001,0,2001,
1062,24,19,24003,0,60,410,marmn,411,42.889900,-78.871925,1596105700,24,24003,0,2066,
1064,0,0,23007,4,-600,410,abtba,400,42.866249,-78.847435,1596105719,23,23007,0,2069,
1104,49,20,48001,0,120,425,mhosp,427,42.993824,-78.729362,1596105711,48,48001,0,2094,
1105,13,20,49001,0,180,396,socam,399,42.959530,-78.813484,1596105710,49,49001,0,2099,
1106,44,20,44003,0,120,409,crspt,411,43.019123,-78.764687,1596105724,44,44003,0,2085,
1108,24,19,24006,0,-120,406,ungen,404,42.931671,-78.731407,1596105731,24,24006,0,2004,
1110,44,20,24004,0,0,401,lkpt,401,43.169273,-78.690018,1596105701,24,24004,0,2067,
1113,18,20,18002,0,0,411,dlvst,411,42.922241,-78.857071,1596105753,18,18002,0,2040,
1114,48,20,13001,0,0,405,ehmal,405,42.973499,-78.693703,1596105678,13,13001,0,2032,
1115,8,19,44004,0,-60,403,mnaln,402,42.902275,-78.869095,1596105733,44,44004,0,2086,
1116,0,0,44005,4,0,406,socam,406,42.954166,-78.820518,1596105648,44,44005,0,2041,
1118,0,0,23008,4,300,408,brrtc,413,42.945366,-78.906990,1596105722,23,23008,0,2056,
1120,44,20,24005,0,180,411,lkpt,414,43.125793,-78.696754,1596105731,24,24005,0,2068,
1124,23,19,23006,0,60,408,flfry,409,42.929306,-78.839394,1596105732,23,23006,0,2054,
1127,23,20,23005,0,0,404,mnfil,404,42.931343,-78.839241,1596105717,23,23005,0,2053,
1128,0,0,66001,4,0,406,mlptr,406,43.081219,-78.697014,1596105721,66,66001,0,2055,
1129,24,20,24002,0,0,421,airpt,421,42.934120,-78.730705,1596105705,24,24002,0,2065,
1130,0,0,8004,4,-420,411,socam,404,42.936211,-78.842293,1596105721,8,8004,0,2091,
1202,0,0,75001,4,-360,427,fltbk,421,42.881924,-78.825027,1596105744,75,75001,0,1058,
1203,15,20,15003,0,-120,407,sogat,405,42.832672,-78.775185,1596105748,15,15003,0,1045,
1204,14,20,16003,0,0,403,abtba,403,42.858028,-78.832062,1596105728,16,16003,0,1053,
1205,32,19,32005,0,-120,412,ungen,410,42.911816,-78.764275,1596105713,32,32005,0,1081,
1206,16,20,16001,0,-240,411,rdgsp,407,42.854809,-78.827591,1596105699,16,16001,0,1051,
1207,2,19,1001,0,120,408,tcbfl,410,42.883659,-78.872299,1596105723,1,1001,0,1001,
1208,0,0,74001,4,-1020,428,hrmhl,411,42.877113,-78.832695,1596105740,74,74001,0,1071,
1211,42,20,42003,0,-60,403,spkls,402,42.873703,-78.864220,1596105731,42,42003,0,1097,
1212,0,0,76001,4,-600,432,senbg,422,42.755726,-78.829376,1596105753,76,76001,0,1026,
1213,22,20,22002,0,0,420,twyml,420,42.903320,-78.783371,1596105639,22,22002,0,2045,
1502,5,20,5005,0,0,403,kenml,403,42.960903,-78.889122,1596105700,5,5005,0,3018,
1504,25,19,25003,0,240,404,ellop,408,42.883190,-78.876244,1596105740,25,25003,0,3053,
1505,52,19,52027,0,60,402,lkhyd,403,43.114548,-79.033249,1596105712,52,52027,0,3097,
1506,34,20,34001,0,120,412,audbn,414,43.030781,-78.801498,1596105740,34,34001,0,3063,
1507,11,19,20008,0,-300,408,clvkn,403,42.974106,-78.858490,1596105730,20,20008,0,3054,
1508,5,19,5006,0,180,417,ellop,420,42.882530,-78.872520,1596105702,5,5006,0,3019,
1511,3,20,5004,0,-240,407,frgrt,403,42.902634,-78.886513,1596105737,5,5004,0,3017,
1512,3,19,3005,0,0,425,ellop,425,42.882641,-78.872444,1596105704,3,3005,0,3021,
1517,20,20,25001,0,0,405,orch,405,42.988377,-78.873116,1596105576,25,25001,0,3051,
1519,0,0,34005,4,-180,411,orch,408,42.980843,-78.872742,1596105710,34,34005,0,3007,
1520,40,19,40004,0,0,404,casno,404,43.090816,-79.059448,1596105751,40,40004,0,3078,
1601,0,0,5010,4,0,403,tonvl,403,42.959831,-78.908104,1596105480,5,5010,0,3033,
1604,0,0,5009,4,0,403,mdcty,403,43.050419,-78.876053,1596105429,5,5009,0,3072,
1605,25,19,3006,0,-60,409,dlwkn,408,42.987331,-78.873375,1596105718,3,3006,0,3091,
1610,5,19,5001,0,180,410,ngvrg,413,42.909206,-78.899765,1596105727,5,5001,0,3014,
1612,11,19,20004,0,0,407,ellop,407,42.882584,-78.872299,1596105555,20,20004,0,3039,
1614,40,20,40002,0,-300,424,brrtc,419,42.883026,-78.873116,1596105742,40,40002,0,3077,
1615,11,20,3004,0,-60,402,dlwdv,401,42.922104,-78.867271,1596105720,3,3004,0,3004,
1616,5,19,5008,0,60,407,brrtc,408,42.957413,-78.907768,1596105709,5,5008,0,3022,
1622,34,20,5007,0,60,381,advpk,382,42.958679,-78.814568,1596105669,5,5007,0,3020,
1701,20,20,20005,0,-120,403,elmnr,401,42.899799,-78.877174,1596105729,20,20005,0,3040,
1702,20,19,20001,0,0,411,elmdv,411,42.943829,-78.878479,1596105748,20,20001,0,3036,
1708,0,0,60001,4,720,393,nftc,405,43.100578,-78.980537,1596105725,60,60001,0,3092,
1714,55,20,52026,0,0,407,nfb56,407,43.095104,-79.021744,1596105749,52,52026,0,3096,
1715,3,20,3002,0,0,418,tonvl,418,42.960106,-78.907959,1596105643,3,3002,0,3002,
1716,5,19,20009,0,120,404,dlwkn,406,42.958706,-78.865112,1596105737,20,20009,0,3023,
1718,23,20,23004,0,-60,404,bdyfl,403,42.884758,-78.839172,1596105706,23,23004,0,2052,
1720,12,19,12003,0,0,405,nghmp,405,42.910828,-78.899879,1596105722,12,12003,0,2010,
1801,5,20,3001,0,840,386,socam,400,42.955185,-78.821228,1596105739,3,3001,0,3001,
1802,35,20,34004,0,-120,408,dlwsh,406,42.987637,-78.894073,1596105726,34,34004,0,3024,
1803,40,20,40003,0,-180,416,falls,413,43.033039,-78.973503,1596105743,40,40003,0,3104,
1806,20,19,20006,0,0,405,ellop,405,42.882614,-78.872368,1596105725,20,20006,0,3041,
1808,55,19,55034,0,-120,410,nfb56,408,43.100082,-78.979980,1596105697,55,55034,0,3105,
1809,0,0,20010,4,0,422,orch,422,42.959309,-78.891167,1596105747,20,20010,0,3008,
1810,34,19,11001,0,60,404,socam,405,42.955132,-78.820259,1596105478,11,11001,0,3031,
1811,25,19,34002,0,0,405,ellop,405,42.882584,-78.872223,1596105756,34,34002,0,3064,
1812,50,19,50020,0,-180,411,lwstn,408,43.153652,-79.032127,1596105749,50,50020,0,3090,
1813,35,20,35001,0,0,428,covhl,428,43.000011,-78.783371,1596105577,35,35001,0,3071,
1814,52,20,40001,0,0,403,nfb56,403,43.093456,-79.009384,1596105705,40,40001,0,3076,
1815,25,20,5003,0,99999,9999,dlwnr,411,42.882751,-78.871925,1596105753,5,5003,0,3016,
1817,0,0,32008,4,99999,9999,twyml,420,42.882061,-78.824913,1596105736,32,32008,0,1004,
1818,32,19,32004,0,120,408,amhba,410,42.942039,-78.803772,1596105755,32,32004,0,1080,
1819,4,20,4003,0,-180,409,bdmgn,406,42.884457,-78.877136,1596105712,4,4003,0,1016,
1822,6,19,6001,0,120,415,wtfrt,417,42.888111,-78.869652,1596105718,6,6001,0,1021,
1824,15,19,15004,0,0,412,scl,412,42.829399,-78.767593,1596105715,15,15004,0,1070,
1902,0,0,34006,4,0,440,tonvl,440,42.959667,-78.890724,1596105628,34,34006,0,3066,
1903,3,19,5002,0,0,405,trcem,405,42.897022,-78.882980,1596105720,5,5002,0,3015,
1904,55,20,55033,0,-180,408,sbprk,405,43.084408,-78.940712,1596105737,55,55033,0,3103,
1905,20,19,20007,0,60,403,elmnr,404,42.902908,-78.877213,1596105735,20,20007,0,3005,
1907,34,19,34003,0,60,403,nfbma,404,42.993408,-78.822678,1596105746,34,34003,0,3098,
1908,40,19,55032,0,99999,9999,casno,376,42.972237,-78.928688,1596105743,55,55032,0,3102,
1909,11,20,3003,0,0,409,tnind,409,43.013844,-78.859383,1596105741,3,3003,0,3003,
1910,50,20,50019,0,0,414,nftc,414,43.100716,-78.979904,1596105713,50,50019,0,3089,
1912,3,19,3007,0,0,413,frgrt,413,42.941959,-78.891953,1596105733,3,3007,0,3006,
1914,5,20,20002,0,0,404,brrtc,404,42.936291,-78.903076,1596105707,20,20002,0,3037,
1917,5,20,20003,0,0,409,ngfry,409,42.898479,-78.889458,1596105719,20,20003,0,3038,
1918,55,19,55031,0,0,405,prtc,405,43.099396,-79.051559,1596105654,55,55031,0,3101,
1921,25,20,25002,0,60,406,mnngr,407,43.014034,-78.872780,1596105745,25,25002,0,3052,
1922,35,19,35002,0,0,409,dlwsh,409,42.980896,-78.822571,1596105715,35,35002,0,3032,
2001,26,20,26002,0,60,414,twyml,415,42.903126,-78.783783,1596105729,26,26002,0,2079,
2004,8,20,18001,0,-300,407,mnaln,402,42.887234,-78.871964,1596105729,18,18001,0,2039,
2006,47,20,47001,0,240,411,airpt,415,42.934174,-78.730705,1596105750,47,47001,0,2034,
2010,13,19,13002,0,60,402,utica,403,42.911213,-78.865898,1596105736,13,13002,0,2033,
2015,24,20,24001,0,-120,403,genmn,401,42.891136,-78.866562,1596105715,24,24001,0,2064,
2128,2,20,2004,0,-180,404,clmgm,401,42.884483,-78.868797,1596105705,2,2004,0,1010,
2130,19,19,19005,0,180,405,bfind,408,42.877853,-78.814041,1596105697,19,19005,0,1055,
2215,0,0,35003,4,-180,408,brrtc,405,42.944103,-78.898018,1596105732,35,35003,0,3042,
2218,50,20,50018,0,-60,403,prtc,402,43.100082,-79.051521,1596105716,50,50018,0,3088,
2501,0,0,4004,4,240,402,michl,406,42.899113,-78.795212,1596105663,4,4004,0,1017,
2502,1,19,2003,0,-60,407,wmmgn,406,42.885170,-78.854057,1596105707,2,2003,0,1009,
2503,0,0,69001,4,-840,416,alden,402,42.892155,-78.543587,1596105738,69,69001,0,1056,
2507,19,20,19006,0,0,408,winsp,408,42.928070,-78.813934,1596105726,19,19006,0,1069,
2513,42,19,14003,0,60,412,mohel,413,42.874584,-78.869209,1596105745,14,14003,0,1034,
2514,16,19,16002,0,240,398,mowsh,402,42.887589,-78.873039,1596105726,16,16002,0,1052,
2515,16,19,19004,0,0,401,spkls,401,42.871391,-78.862839,1596105699,19,19004,0,1068,
2606,26,19,26004,0,-60,407,badlv,406,42.922791,-78.797142,1596105747,26,26004,0,2015,
2608,32,20,32003,0,0,407,clwbr,407,42.944706,-78.797180,1596105720,32,32003,0,1003,
2610,15,19,15001,0,0,407,sensm,407,42.866386,-78.823647,1596105735,15,15001,0,1043,
2611,6,20,6002,0,-360,408,sycmg,402,42.882092,-78.874939,1596105720,6,6002,0,1022,
2614,0,0,2006,4,-120,417,eaura,415,42.832424,-78.691544,1596105709,2,2006,0,1046,
2615,32,19,4002,0,0,411,brrtc,411,42.940636,-78.883202,1596105729,4,4002,0,1015,
2616,1,20,46001,0,-60,405,nolvj,404,42.888142,-78.814415,1596105721,46,46001,0,1101,
2617,32,20,32006,0,-180,412,bflst,409,42.935387,-78.899803,1596105744,32,32006,0,1082,
2618,14,20,14002,0,0,403,mcmal,403,42.788425,-78.811325,1596105744,14,14002,0,1033,
2620,19,19,19001,0,0,411,bagen,411,42.934422,-78.813972,1596105690,19,19001,0,1065,
2625,15,20,15002,0,-300,412,sensm,407,42.883354,-78.877731,1596105706,15,15002,0,1044,
2627,4,20,4001,0,240,396,twyml,400,42.902988,-78.783966,1596105742,4,4001,0,1014,
2628,14,19,14004,0,0,406,bnmc,406,42.898506,-78.864067,1596105738,14,14004,0,1035,
2629,0,0,16004,4,-960,379,mnbfl,363,99.000000,999.000000,1596101036,16,16004,0,1054,
2630,32,20,6004,0,-240,402,twyml,398,42.903511,-78.783669,1596105738,6,6004,0,1024,
2701,26,19,26003,0,60,403,ngdlv,404,42.922131,-78.898163,1596105736,26,26003,0,2078,
2702,48,20,48002,0,0,407,eccn,407,42.966019,-78.725159,1596105748,48,48002,0,2095,
2703,23,19,23001,0,0,412,abtba,412,42.882336,-78.839539,1596105754,23,23001,0,2049,
2706,12,20,12004,0,60,419,ctyli,420,42.958733,-78.815269,1596105746,12,12004,0,2011,
2707,23,19,23003,0,-240,412,hrtpk,408,42.947788,-78.872002,1596105700,23,23003,0,2051,
2713,44,19,44002,0,-540,408,mlptr,399,43.083912,-78.697281,1596105663,44,44002,0,2084,
8144,45,99,45091,99,99999,9999,,9999,42.959614,-78.890160,1596105616,45,0,0,45091,
8201,45,99,45201,99,99999,9999,,9999,42.959530,-78.890312,1596105649,45,0,0,45201,
8205,45,99,45205,99,99999,9999,,9999,42.872082,-78.754227,1596105707,45,0,0,45205,
8206,45,99,45206,99,99999,9999,,9999,43.054955,-78.900215,1596105483,45,0,0,45206,
8208,45,99,45208,99,99999,9999,,9999,42.979496,-78.799751,1596105717,45,0,0,45208,
8211,45,99,45211,99,99999,9999,,9999,43.034496,-78.822159,1596105734,45,0,0,45211,
8213,45,99,45213,99,99999,9999,,9999,42.959641,-78.890495,1596105719,45,0,0,45213,
8216,45,99,45216,99,99999,9999,,9999,42.866772,-78.709785,1596105727,45,0,0,45216,
8218,45,99,45218,99,99999,9999,,9999,43.028831,-78.861053,1596105701,45,0,0,45218,
8219,45,99,45219,99,99999,9999,,9999,42.959557,-78.890236,1596105434,45,0,0,45219,
8220,45,99,45220,99,99999,9999,,9999,42.763042,-78.825172,1596105595,45,0,0,45220,
8222,45,99,45222,99,99999,9999,,9999,42.927219,-78.742989,1596105639,45,0,0,45222,
8224,45,99,45224,99,99999,9999,,9999,42.902634,-78.766472,1596105703,45,0,0,45224,
8225,45,99,45225,99,99999,9999,,9999,42.959366,-78.890312,1596105602,45,0,0,45225,
8227,45,99,45227,99,99999,9999,,9999,42.959942,-78.890312,1596105713,45,0,0,45227,
8229,45,99,45229,99,99999,9999,,9999,42.959446,-78.890572,1596105726,45,0,0,45229,
8230,45,99,45230,99,99999,9999,,9999,42.959694,-78.891426,1596105753,45,0,0,45230,
8231,45,99,45231,99,99999,9999,,9999,42.959969,-78.890236,1596105725,45,0,0,45231,
8232,45,99,45232,99,99999,9999,,9999,43.010597,-78.945999,1596105713,45,0,0,45232,
8233,45,99,45233,99,99999,9999,,9999,99.000000,999.000000,1596098131,45,0,0,45233,
8234,45,99,45234,99,99999,9999,,9999,42.971081,-78.814117,1596105733,45,0,0,45234,
8236,45,99,45236,99,99999,9999,,9999,99.000000,999.000000,1596099746,45,0,0,45236,
8237,45,99,45237,99,99999,9999,,9999,42.969761,-78.696983,1596105566,45,0,0,45237,
8238,45,99,45238,99,99999,9999,,9999,42.796455,-78.824654,1596105696,45,0,0,45238,
8239,45,99,45239,99,99999,9999,,9999,42.959694,-78.890274,1596105485,45,0,0,45239,
8240,45,99,45240,99,99999,9999,,9999,42.959862,-78.890198,1596105341,45,0,0,45240,
8241,45,99,45241,99,99999,9999,,9999,42.959888,-78.890350,1596105670,45,0,0,45241,
8302,45,99,45302,99,99999,9999,,9999,42.943417,-78.808495,1596105731,45,0,0,45302,
8306,45,99,45306,99,99999,9999,,9999,42.857754,-78.830681,1596105682,45,0,0,45306,
8308,45,99,45308,99,99999,9999,,9999,42.893227,-78.791489,1596105732,45,0,0,45308,
8309,45,99,45309,99,99999,9999,,9999,42.815788,-78.845680,1596105592,45,0,0,45309,
8310,45,99,45310,99,99999,9999,,9999,42.940006,-78.891357,1596105751,45,0,0,45310,
