1002,26,19,26008,0,0,1229,dlvst,1229,42.921799,-78.833473,1596154971,26,26008,0,2082,
1004,12,19,12022,0,0,1222,nghmp,1222,42.911461,-78.899841,1596154979,12,12022,0,2028,
1005,48,20,48006,0,0,1224,mnun,1224,42.961731,-78.778351,1596154830,48,48006,0,2098,
1006,23,20,23020,0,0,1244,brrtc,1244,42.945644,-78.907356,1596154927,23,23020,0,2062,
1007,24,20,24015,0,120,1224,airpt,1226,42.933434,-78.721992,1596154944,24,24015,0,2072,
1011,24,20,24018,0,0,1228,airpt,1228,42.934120,-78.730667,1596154278,24,24018,0,2074,
1013,47,19,13008,0,-60,1232,mnun,1231,42.965168,-78.719200,1596154976,13,13008,0,2038,
1014,18,20,18005,0,-120,1222,dlvst,1220,42.922352,-78.856438,1596154928,18,18005,0,2043,
1018,12,20,12023,0,-420,1222,ctyli,1215,42.958706,-78.814568,1596154953,12,12023,0,2029,
1020,2,19,2009,0,99999,9999,cltun,1196,42.885914,-78.874161,1596154955,2,2009,0,1012,
1028,32,20,32020,0,0,1250,twyml,1250,42.902523,-78.783745,1596154051,32,32020,0,1093,
1030,32,20,32021,0,60,1227,clwbr,1228,42.944927,-78.796402,1596154934,32,32021,0,1092,
1033,46,19,32019,0,-240,1229,dckbd,1225,42.901093,-78.681717,1596154959,32,32019,0,1091,
1034,15,20,15010,0,-180,1232,sensm,1229,42.881897,-78.870918,1596154977,15,15010,0,1050,
1037,19,19,19014,0,-60,1227,bdyba,1226,42.911186,-78.813820,1596154980,19,19014,0,1075,
1041,0,0,16016,6,-120,1222,tcbfl,1220,42.883438,-78.872665,1596154943,16,16016,0,1064,
1042,16,20,16015,0,-180,1232,spkls,1229,42.887344,-78.872856,1596154929,16,16015,0,1063,
1043,14,20,14011,0,60,1224,eccs,1225,42.773960,-78.790596,1596154963,14,14011,0,1041,
1044,6,19,6014,0,-240,1229,wtfrt,1225,42.880878,-78.874825,1596154975,6,6014,0,1031,
1046,4,19,4009,0,-120,1224,bdyba,1222,42.898453,-78.802208,1596154960,4,4009,0,1020,
1055,26,20,26007,0,-60,1229,badlv,1228,42.921799,-78.839798,1596154966,26,26007,0,2081,
1059,23,19,23021,0,0,1230,abtba,1230,42.857559,-78.828674,1596154745,23,23021,0,2063,
1104,13,20,47004,0,0,1237,winsp,1237,42.928757,-78.830009,1596154967,47,47004,0,2093,
1107,13,19,13007,0,0,1249,utica,1249,42.911709,-78.864815,1596154961,13,13007,0,2037,
1113,24,20,24020,0,0,1227,genmn,1227,42.885719,-78.871964,1596154940,24,24020,0,2076,
1115,44,19,44009,0,0,1230,socam,1230,42.954166,-78.820557,1596154748,44,44009,0,2090,
1119,0,0,12013,5,99999,9999,,9999,42.916191,-78.860649,1596154726,12,12013,0,2024,
1124,8,19,8008,0,0,1225,wtfrt,1225,42.880112,-78.882790,1596154680,8,8008,0,2007,
1128,12,20,12017,0,60,1226,socam,1227,42.949051,-78.817543,1596154894,12,12017,0,2027,
1129,12,20,12024,0,-120,1231,badlv,1229,42.911186,-78.832359,1596154962,12,12024,0,2030,
1201,42,19,42007,0,0,1224,spkls,1224,42.862564,-78.867455,1596154933,42,42007,0,1100,
1203,6,20,6013,0,0,1237,glrml,1237,42.910664,-78.763641,1596154824,6,6013,0,1030,
1301,155,19,155003,0,180,1228,ltity,1231,43.090595,-78.998558,1596154969,155,155003,0,3114,
1502,34,19,34009,0,99999,9999,socam,895,43.027729,-78.806969,1596154777,34,34009,0,3069,
1504,50,19,50025,0,120,1224,bfhyd,1226,43.080914,-79.013298,1596154980,50,50025,0,3095,
1506,52,19,52030,0,0,1227,olopc,1227,43.154312,-79.034584,1596154889,52,52030,0,3100,
1508,35,20,35006,0,0,1236,ens,1236,42.941544,-78.908142,1596154958,35,35006,0,3074,
1517,55,20,55041,0,60,1235,nfia,1236,43.094391,-78.972946,1596154890,55,55041,0,3109,
1519,55,19,40012,0,99999,9999,prtc,1137,42.994453,-78.883057,1596154942,40,40012,1,3084,
1606,20,19,25009,0,-120,1222,ellop,1220,42.882584,-78.872299,1596154932,25,25009,0,3059,
1608,5,20,5021,0,60,1226,kenml,1227,42.956421,-78.897499,1596154934,5,5021,0,3029,
1612,11,20,11005,0,0,1226,dlwnr,1226,42.892788,-78.876053,1596154928,11,11005,0,3034,
1622,3,20,3018,0,0,1235,sklmt,1235,42.923836,-78.889862,1596154968,3,3018,0,3012,
1701,5,20,11006,0,99999,9999,socam,1065,43.012852,-78.846840,1596154925,11,11006,0,3035,
1702,3,19,3019,0,0,1230,ellop,1230,42.882614,-78.872368,1596154882,3,3019,0,3013,
1703,3,19,5017,0,120,1226,frgrt,1228,42.924332,-78.889900,1596154958,5,5017,0,3028,
1711,35,19,35007,0,120,1228,ens,1230,42.981064,-78.883461,1596154964,35,35007,0,3075,
1713,20,19,20020,0,0,1229,elken,1229,42.980927,-78.875275,1596154967,20,20020,0,3050,
1720,12,19,12025,0,60,1228,utica,1229,42.911076,-78.848030,1596154976,12,12025,0,2031,
1802,25,19,25014,0,120,1223,dlwnr,1225,42.901917,-78.873268,1596154960,25,25014,0,3062,
1806,40,20,3017,0,0,1226,brrtc,1226,42.935936,-78.902931,1596154974,3,3017,0,3011,
1807,5,19,20016,0,-120,1236,dlwkn,1234,42.954636,-78.820671,1596154937,20,20016,0,3047,
1810,5,19,20018,0,0,1229,ellop,1229,42.882584,-78.872223,1596154642,20,20018,0,3048,
1811,20,19,20019,0,-60,1231,ellop,1230,42.896362,-78.876839,1596154963,20,20019,0,3049,
1812,25,20,25013,0,-120,1227,orch,1225,42.970173,-78.870918,1596154970,25,25013,0,3061,
1813,55,19,55042,0,-180,1229,nfbwd,1226,43.136024,-78.889084,1596154951,55,55042,0,3110,
1817,16,19,16014,0,0,1228,abtba,1228,42.844196,-78.823685,1596154935,16,16014,0,1062,
1819,42,20,42006,0,120,1224,shops,1226,42.830967,-78.787766,1596154969,42,42006,0,1099,
1820,1,20,2011,0,-60,1226,wmbck,1225,42.885033,-78.845718,1596154924,2,2011,0,1013,
1821,15,20,15009,0,-120,1222,sogat,1220,42.827446,-78.754448,1596154937,15,15009,0,1049,
1822,19,19,19012,0,0,1228,abtba,1228,42.857643,-78.828636,1596154912,19,19012,0,1074,
1902,155,20,155004,0,0,1222,ngfom,1222,43.096645,-78.981956,1596154940,155,155004,0,3115,
1904,5,19,5022,0,0,1222,ngfry,1222,42.917648,-78.899132,1596154931,5,5022,0,3030,
1914,20,20,40014,0,0,1232,elken,1232,42.932579,-78.876984,1596154964,40,40014,0,3085,
1915,55,19,55043,0,0,1240,prtc,1240,43.099339,-79.051674,1596154861,55,55043,0,3111,
1916,40,19,40017,0,0,1225,tcbfl,1225,42.885914,-78.875687,1596154981,40,40017,0,3087,
1917,40,20,40016,0,60,1229,prtc,1230,43.087021,-79.059074,1596154980,40,40016,0,3086,
1919,34,20,34011,0,0,1230,audbn,1230,43.016842,-78.822159,1596154954,34,34011,0,3070,
2011,22,20,26006,0,-60,1225,twyml,1224,42.903706,-78.783783,1596154957,26,26006,0,2080,
2015,44,19,13006,0,-60,1232,flint,1231,43.034222,-78.748573,1596154937,13,13006,0,2036,
2218,40,19,25010,0,-180,1223,casno,1220,43.085976,-79.059341,1596154926,25,25010,0,3060,
2601,13,19,8006,0,0,1235,dlvgr,1235,42.941158,-78.814003,1596154941,8,8006,0,2006,
2607,14,19,14012,0,-60,1229,mowsh,1228,42.878132,-78.870140,1596154948,14,14012,0,1042,
2608,32,19,32018,0,240,1228,brrtc,1232,42.945560,-78.907028,1596154872,32,32018,0,1090,
2611,4,19,32017,0,99999,9999,tcbfl,1207,42.902084,-78.784119,1596154928,32,32017,1,1089,
2615,19,20,19015,0,0,1233,winsp,1233,42.923889,-78.813896,1596154971,19,19015,0,1076,
2624,32,19,32022,0,0,1223,amhba,1223,42.938164,-78.813599,1596154960,32,32022,0,1094,
2625,4,20,32016,0,180,1228,bdyba,1231,42.895069,-78.827705,1596154960,32,32016,0,1088,
2630,16,20,16013,0,120,1223,mnbfl,1225,42.719398,-78.828857,1596154886,16,16013,0,1061,
2701,13,20,24016,0,120,1223,socam,1225,42.954857,-78.820747,1596154923,24,24016,0,2073,
2706,24,19,24014,0,0,1235,marmn,1235,42.877304,-78.878029,1596154955,24,24014,0,2071,
2707,22,19,22005,0,0,1226,bstgn,1226,42.904171,-78.819366,1596154951,22,22005,0,2048,
2708,24,19,24019,0,0,1225,bagen,1225,42.917316,-78.802544,1596154974,24,24019,0,2075,
8211,45,99,45211,99,99999,9999,,9999,43.091530,-78.966621,1596154785,45,0,0,45211,
8222,45,99,45222,99,99999,9999,,9999,42.906895,-78.784378,1596154913,45,0,0,45222,
