1002,26,20,26008,0,60,1070,gnhar,1071,42.921223,-78.787910,1596145718,26,26008,0,2082,
1003,0,0,23017,5,60,1081,colds,1082,42.886162,-78.839241,1596145689,23,23017,0,2055,
1004,64,20,12022,0,0,1084,lkpt,1084,43.169739,-78.689941,1596145549,12,12022,0,2028,
1005,48,20,48006,0,-60,1068,ehmal,1067,42.973663,-78.693703,1596145695,48,48006,0,2098,
1006,23,20,23020,0,0,1070,mnfil,1070,42.937092,-78.839241,1596145724,23,23020,0,2062,
1007,24,19,24015,0,60,1089,marmn,1090,42.877277,-78.877731,1596145689,24,24015,0,2072,
1010,66,20,66003,0,120,1061,mlptr,1063,43.011093,-78.803360,1596145721,66,66003,0,2056,
1011,24,20,24018,0,300,1074,holtz,1079,42.933434,-78.732414,1596145692,24,24018,0,2074,
1013,12,19,13008,0,240,1070,elmut,1074,42.911297,-78.875275,1596145722,13,13008,0,2038,
1014,26,20,18005,0,0,1075,twyml,1075,42.903126,-78.783524,1596145613,18,18005,0,2043,
1016,24,19,24017,0,60,1069,bagen,1070,42.912918,-78.813187,1596145712,24,24017,0,2070,
1018,12,19,12023,0,-180,1072,knegt,1069,42.948860,-78.806969,1596145699,12,12023,0,2029,
1020,4,19,2009,0,0,1070,bdyfl,1070,42.894329,-78.833397,1596145701,2,2009,0,1012,
1021,0,0,32011,5,-720,1077,babck,1065,42.884811,-78.813446,1596145709,32,32011,0,1083,
1023,72,20,16008,0,240,1076,4cors,1080,42.794861,-78.751808,1596145732,16,16008,0,1059,
1026,1,20,1003,0,-60,1070,aptml,1069,42.883766,-78.758209,1596145698,1,1003,0,1006,
1027,4,20,4007,0,-60,1075,bdyba,1074,42.894356,-78.832283,1596145711,4,4007,0,1017,
1028,32,19,32020,0,-60,1073,amhba,1072,42.942287,-78.803177,1596145690,32,32020,0,1093,
1030,4,20,32021,0,120,1070,twyml,1072,42.903732,-78.781624,1596145677,32,32021,0,1092,
1032,76,20,76002,0,60,1070,frnhm,1071,42.594662,-79.113091,1596145644,76,76002,0,1103,
1033,32,19,32019,0,-60,1077,brrtc,1076,42.940609,-78.883202,1596145705,32,32019,0,1091,
1034,15,19,15010,0,0,1084,scl,1084,42.826897,-78.754417,1596145731,15,15010,0,1050,
1037,19,20,19014,0,-120,1077,wlmba,1075,42.859676,-78.826103,1596145726,19,19014,0,1075,
1038,6,20,6008,0,0,1087,glrml,1087,42.910496,-78.763641,1596145710,6,6008,0,1028,
1040,15,19,15006,0,60,1079,lterr,1080,42.876892,-78.850784,1596145687,15,15006,0,1047,
1041,16,20,16016,0,360,1071,rdgsp,1077,42.832123,-78.823982,1596145687,16,16016,0,1064,
1042,16,20,16015,0,120,1070,bgtsp,1072,42.775143,-78.823944,1596145732,16,16015,0,1063,
1043,14,20,14011,0,0,1070,rdgab,1070,42.830364,-78.805183,1596145708,14,14011,0,1041,
1044,6,19,6014,0,-180,1070,twyml,1067,42.903732,-78.781624,1596145732,6,6014,0,1031,
1045,76,20,15007,0,0,1075,lkrt5,1075,42.751934,-78.893997,1596145734,15,15007,0,1048,
1046,2,19,4009,0,0,1074,cltun,1074,42.867954,-78.729774,1596145706,4,4009,0,1020,
1047,14,20,14007,0,-120,1080,spkls,1078,42.886269,-78.873192,1596145697,14,14007,0,1039,
1048,32,20,32013,0,60,1075,knhty,1076,42.939316,-78.810287,1596145710,32,32013,0,1087,
1049,4,20,4006,0,-240,1068,twyml,1064,42.902851,-78.783669,1596145721,4,4006,0,1019,
1055,26,19,26007,0,0,1076,dlvst,1076,42.922104,-78.830498,1596145710,26,26007,0,2081,
1057,13,20,13005,0,-240,1080,winsp,1076,42.925236,-78.829155,1596145723,13,13005,0,2035,
1059,23,19,23021,0,0,1069,bdyfl,1069,42.892815,-78.839394,1596145728,23,23021,0,2063,
1061,47,20,47005,0,-120,1077,eccn,1075,42.955486,-78.754898,1596145699,47,47005,0,2092,
1062,49,20,44007,0,0,1076,mpltr,1076,42.977680,-78.723557,1596145642,44,44007,0,2088,
1065,44,20,44006,0,-120,1077,mlpsh,1075,42.957687,-78.818253,1596145713,44,44006,0,2089,
1104,49,19,47004,0,0,1065,socam,1065,42.954002,-78.820038,1596145711,47,47004,0,2093,
1105,0,0,44008,5,0,1112,colds,1112,43.164955,-78.696983,1596145711,44,44008,0,2087,
1106,23,19,23019,0,-420,1075,mnfil,1068,42.947540,-78.844009,1596145681,23,23019,0,2021,
1107,8,20,13007,0,0,1069,utica,1069,42.910828,-78.866043,1596145707,13,13007,0,2037,
1110,18,20,18006,0,120,1068,dlvst,1070,42.922569,-78.856369,1596145479,18,18006,0,2042,
1111,23,20,23012,0,0,1083,brrtc,1083,42.947788,-78.863106,1596145724,23,23012,0,2057,
1112,66,20,12020,0,-120,1091,mnun,1089,42.896885,-78.855247,1596145725,12,12020,0,2022,
1113,24,20,24020,0,-120,1079,genmn,1077,42.878761,-78.875648,1596145683,24,24020,0,2076,
1114,12,20,12016,0,0,1080,ctyli,1080,42.958649,-78.814568,1596145686,12,12016,0,2026,
1115,44,19,44009,0,-120,1071,mlpsh,1069,42.985435,-78.793571,1596145730,44,44009,0,2090,
1116,23,20,23014,0,-60,1074,bdyfl,1073,42.873951,-78.844193,1596145720,23,23014,0,2061,
1118,66,20,23018,0,480,1065,ehmal,1073,42.947239,-78.697243,1596145696,23,23018,0,2020,
1119,12,19,12013,0,0,1076,filut,1076,42.914734,-78.813820,1596145710,12,12013,0,2024,
1120,12,19,12012,0,240,1056,nghmp,1060,42.911297,-78.881119,1596145705,12,12012,0,2023,
1124,13,20,8008,0,0,1080,socam,1080,42.955212,-78.820374,1596145606,8,8008,0,2007,
1126,23,20,23011,0,60,1079,brrtc,1080,42.945671,-78.907097,1596145693,23,23011,0,2059,
1127,22,19,22006,0,0,1068,lkv,1068,42.898121,-78.893738,1596145717,22,22006,0,2047,
1128,12,20,12017,0,60,1069,knegt,1070,42.941986,-78.803177,1596145700,12,12017,0,2027,
1129,12,20,12024,0,0,1077,badlv,1077,42.911983,-78.832397,1596145707,12,12024,0,2030,
1130,22,19,22004,0,-180,1071,wldba,1068,42.906593,-78.801353,1596145696,22,22004,0,2046,
1201,42,19,42007,0,-60,1072,lcvtc,1071,42.828300,-78.807861,1596145735,42,42007,0,1100,
1202,2,19,2008,0,0,1069,clmgm,1069,42.883411,-78.862877,1596145694,2,2008,0,1011,
1203,6,20,6013,0,120,1078,sycmg,1080,42.879505,-78.875275,1596145688,6,6013,0,1030,
1204,46,19,46003,0,-360,1079,wldtr,1073,42.907005,-78.753853,1596145722,46,46003,0,1102,
1205,1,20,1005,0,0,1079,wmbck,1079,42.884838,-78.863739,1596145718,1,1005,0,1004,
1206,2,20,4005,0,120,1076,cltun,1078,42.864407,-78.787094,1596145700,4,4005,0,1018,
1207,0,0,16012,5,0,1098,babck,1098,42.804100,-78.640739,1596145724,16,16012,0,1058,
1211,15,20,32014,0,0,1073,sogat,1073,42.829979,-78.773773,1596145730,32,32014,0,1085,
1212,19,19,19011,0,120,1069,wlmba,1071,42.885803,-78.814308,1596145712,19,19011,0,1071,
1213,12,20,12014,0,-180,1068,ctyli,1065,42.958706,-78.814529,1596145685,12,12014,0,2025,
1301,155,20,155003,0,0,1080,nfia,1080,43.100990,-78.940933,1596145670,155,155003,0,3114,
1501,0,0,50024,4,99999,9999,prtc,775,43.009056,-78.957497,1596126076,50,50024,0,3091,
1502,34,19,34009,0,99999,9999,socam,895,43.028858,-78.815010,1596145423,34,34009,0,3069,
1504,50,19,50025,0,0,1080,bfhyd,1080,43.082069,-78.960999,1596145726,50,50025,0,3095,
1505,5,20,3013,0,0,1071,dlwkn,1071,42.958622,-78.876389,1596145714,3,3013,0,3007,
1506,52,19,52030,0,240,1076,olopc,1080,43.154285,-79.034584,1596145694,52,52030,0,3100,
1507,50,19,40010,0,0,1071,nuniv,1071,43.126015,-79.050255,1596145612,40,40010,0,3082,
1508,35,19,35006,0,180,1070,wtrgt,1073,42.941296,-78.905830,1596145704,35,35006,0,3074,
1511,0,0,35005,5,-360,1086,front,1080,43.011147,-78.963303,1596145733,35,35005,0,3072,
1517,55,20,55041,0,0,1069,nfbwd,1069,43.089851,-78.893921,1596145695,55,55041,0,3109,
1518,3,19,3016,0,60,1074,frgrt,1075,42.927879,-78.889458,1596145728,3,3016,0,3079,
1519,60,20,40012,0,0,1073,nftc,1073,43.100193,-78.979607,1596145694,40,40012,0,3084,
1520,52,20,52028,0,-60,1072,pnhyd,1071,43.108582,-79.043594,1596145572,52,52028,0,3099,
1601,5,19,20013,0,0,1071,kenml,1071,42.958679,-78.878326,1596145660,20,20013,0,3045,
1603,40,19,40011,0,0,1070,tcbfl,1070,42.883381,-78.872337,1596145602,40,40011,0,3083,
1605,25,20,25006,0,0,1070,dlwdv,1070,42.915558,-78.869095,1596145660,25,25006,0,3058,
1606,25,19,25009,0,60,1071,dlwdv,1072,42.926201,-78.867722,1596145734,25,25009,0,3059,
1608,5,20,5021,0,60,1080,kenml,1081,42.954609,-78.910080,1596145679,5,5021,0,3029,
1610,3,19,3012,0,0,1070,ellop,1070,42.882584,-78.872223,1596144684,3,3012,0,3009,
1612,11,19,11005,0,-240,1070,dlwdv,1066,42.927601,-78.867828,1596145731,11,11005,0,3034,
1615,11,20,34010,0,-180,1076,dlwnr,1073,42.888691,-78.877396,1596145721,34,34010,0,3065,
1616,25,19,25011,0,-180,1068,ellop,1065,42.882557,-78.872108,1596145735,25,25011,0,3057,
1617,25,20,20015,0,60,1060,mdcty,1061,43.020664,-78.880447,1596145680,20,20015,0,3042,
1622,20,20,3018,0,-180,1079,elmnr,1076,42.886326,-78.877174,1596145713,3,3018,0,3012,
1701,5,20,11006,0,99999,9999,socam,1065,42.954578,-78.820747,1596145729,11,11006,0,3035,
1702,3,20,3019,0,60,1071,tonvl,1072,42.962471,-78.900177,1596145685,3,3019,0,3013,
1703,3,20,5017,0,0,1079,frgrt,1079,42.896832,-78.882759,1596145704,5,5017,0,3028,
1708,55,19,55038,0,180,1091,prtc,1094,43.099369,-79.051674,1596145690,55,55038,0,3108,
1711,5,19,35007,0,0,1070,brrtc,1070,42.956806,-78.911903,1596145591,35,35007,0,3075,
1713,5,20,20020,0,60,1084,socam,1085,42.954361,-78.820892,1596145705,20,20020,0,3050,
1714,0,0,3010,5,60,1077,front,1078,43.003036,-78.881454,1596145687,3,3010,0,3008,
1715,25,20,25012,0,-60,1068,mnngr,1067,43.020691,-78.879074,1596145705,25,25012,0,3056,
1716,50,20,50022,0,-240,1068,nuniv,1064,43.137867,-79.037567,1596145733,50,50022,0,3094,
1720,18,19,12025,0,0,1070,spkls,1070,42.871696,-78.863922,1596145722,12,12025,0,2031,
1802,0,0,25014,4,0,1068,tonvl,1068,42.960079,-78.907959,1596145647,25,25014,0,3062,
1803,55,20,40008,0,0,1069,mlnfb,1069,43.088943,-78.973022,1596145627,40,40008,0,3080,
1806,3,19,3017,0,0,1071,trcem,1071,42.896446,-78.882492,1596145720,3,3017,0,3011,
1807,11,20,20016,0,0,1074,prpky,1074,42.968109,-78.858376,1596145680,20,20016,0,3047,
1808,34,20,34012,0,60,1074,hazwd,1075,43.039665,-78.811066,1596145580,34,34012,0,3093,
1809,40,19,40009,0,0,1080,tcbfl,1080,42.909206,-78.899765,1596145684,40,40009,0,3081,
1810,3,19,20018,0,0,1070,ellop,1070,42.882584,-78.872299,1596145508,20,20018,0,3048,
1811,20,19,20019,0,-120,1073,elken,1071,42.976688,-78.878777,1596145708,20,20019,0,3049,
1812,25,20,25013,0,60,1070,orch,1071,42.987083,-78.873116,1596145715,25,25013,0,3061,
1813,40,20,55042,0,-60,1075,giplz,1074,42.995144,-78.932892,1596145697,55,55042,0,3110,
1815,0,0,11002,5,99999,9999,,9999,42.960575,-78.889046,1596145717,11,11002,0,3032,
1816,5,20,5012,0,0,1080,brrtc,1080,42.916962,-78.899132,1596145677,5,5012,0,3026,
1817,16,19,16014,0,0,1069,abtba,1069,42.854893,-78.827515,1596145679,16,16014,0,1062,
1819,42,20,42006,0,-180,1075,tpodl,1072,42.856434,-78.865562,1596145713,42,42006,0,1099,
1820,4,19,2011,0,-180,1068,tcbfl,1065,42.883492,-78.872597,1596145728,2,2011,0,1013,
1821,15,20,15009,0,240,1073,basen,1077,42.874088,-78.843750,1596145701,15,15009,0,1049,
1822,19,20,19012,0,1920,1048,socam,1080,42.955021,-78.820038,1596145601,19,19012,0,1074,
1824,69,20,42004,0,0,1069,ctrbd,1069,42.900623,-78.673454,1596145688,42,42004,0,1098,
1902,155,19,155004,0,0,1080,falls,1080,43.084187,-79.060638,1596145684,155,155004,0,3115,
1903,5,19,5018,0,0,1080,ellop,1080,42.882584,-78.872444,1596145694,5,5018,0,3025,
1904,0,0,5022,4,180,1078,covhl,1081,42.994976,-78.804962,1596145674,5,5022,0,3030,
1905,34,19,34007,0,0,1082,socam,1082,42.986591,-78.822418,1596145731,34,34007,0,3067,
1907,20,20,20014,0,180,1077,orch,1080,42.988571,-78.873299,1596145683,20,20014,0,3046,
1910,20,20,20017,0,0,1081,elken,1081,42.932167,-78.876984,1596145715,20,20017,0,3044,
1911,40,19,40015,0,-120,1072,giplz,1070,43.048546,-78.990662,1596145700,40,40015,0,3107,
1912,34,20,34008,0,-240,1078,blvml,1074,42.962994,-78.823570,1596145730,34,34008,0,3068,
1914,55,19,40014,0,-120,1076,nfb56,1074,43.093868,-78.976555,1596145708,40,40014,0,3085,
1915,55,20,55043,0,0,1072,casno,1072,43.094471,-79.056435,1596145726,55,55043,0,3111,
1916,0,0,40017,4,-60,1085,tcbfl,1084,42.942947,-78.900475,1596145727,40,40017,0,3087,
1917,40,20,40016,0,0,1077,prtc,1077,43.099369,-79.051598,1596145596,40,40016,0,3086,
1919,20,19,34011,0,180,1088,ellop,1091,42.882584,-78.872337,1596145699,34,34011,0,3070,
1920,5,19,5014,0,0,1075,ngvrg,1075,42.906044,-78.896713,1596145712,5,5014,0,3027,
1921,3,20,11003,0,0,1082,sklmt,1082,42.926064,-78.889603,1596145681,11,11003,0,3033,
1922,20,19,3009,0,0,1076,elmnr,1076,42.919765,-78.877060,1596145716,3,3009,0,3010,
2011,26,19,26006,0,180,1062,ngdlv,1065,42.922104,-78.896935,1596145692,26,26006,0,2080,
2015,13,19,13006,0,0,1067,utica,1067,42.911461,-78.866226,1596145721,13,13006,0,2036,
2215,35,20,35004,0,60,1072,flint,1073,42.998032,-78.785866,1596145722,35,35004,0,3073,
2218,25,19,25010,0,99999,9999,mnngr,1068,43.029655,-78.872368,1596145710,25,25010,1,3060,
2504,19,20,19010,0,0,1069,badlv,1069,42.916878,-78.814003,1596145678,19,19010,0,1073,
2512,14,19,14008,0,120,1071,mercy,1073,42.838036,-78.807716,1596145693,14,14008,0,1040,
2601,8,19,8006,0,240,1076,wtfrt,1080,42.880165,-78.883057,1596145734,8,8006,0,2006,
2602,64,20,8005,0,240,1068,mlptr,1072,43.082153,-78.697540,1596145562,8,8005,0,2005,
2605,47,19,48004,0,60,1069,socam,1070,42.957302,-78.819550,1596145717,48,48004,0,2097,
2606,23,19,23013,0,-180,1082,hrtpk,1079,42.947704,-78.881454,1596145716,23,23013,0,2060,
2607,14,19,14012,0,-360,1068,spkls,1062,42.871529,-78.863548,1596145719,14,14012,0,1042,
2608,32,20,32018,0,-180,1078,bflst,1075,42.938164,-78.890427,1596145721,32,32018,0,1090,
2611,1,19,32017,0,120,1074,tcbfl,1076,42.886600,-78.879105,1596145723,32,32017,0,1089,
2612,6,20,32010,0,-180,1073,wldba,1070,42.901478,-78.827255,1596145733,32,32010,0,1086,
2614,6,19,6009,0,0,1069,sycmg,1069,42.889294,-78.866264,1596145708,6,6009,0,1029,
2615,19,19,19015,0,0,1075,bagen,1075,42.926144,-78.813934,1596145654,19,19015,0,1076,
2617,74,20,1004,0,120,1075,sccmp,1077,42.772587,-78.861053,1596145725,1,1004,0,1005,
2623,16,20,16009,0,-180,1086,spkls,1083,42.890919,-78.867455,1596145683,16,16009,0,1060,
2624,4,20,32022,0,-240,1077,bdmgn,1073,42.886162,-78.877174,1596145699,32,32022,0,1094,
2625,32,20,32016,0,120,1078,twyml,1080,42.911213,-78.763870,1596145634,32,32016,0,1088,
2628,19,20,19013,0,0,1072,socam,1072,42.958237,-78.817505,1596145691,19,19013,0,1038,
2630,16,19,16013,0,60,1081,bgtsp,1082,42.719154,-78.828972,1596145678,16,16013,0,1061,
2701,24,20,24016,0,360,1079,airpt,1085,42.934174,-78.730515,1596145719,24,24016,0,2073,
2704,12,19,12018,0,180,1070,nghmp,1073,42.915310,-78.890533,1596145673,12,12018,0,2017,
2706,24,20,24014,0,120,1071,airpt,1073,42.934147,-78.730743,1596145696,24,24014,0,2071,
2707,22,20,22005,0,0,1077,twyml,1077,42.906979,-78.797112,1596145690,22,22005,0,2048,
2708,0,0,24019,6,900,1073,airpt,1088,42.934231,-78.731003,1596145711,24,24019,0,2075,
2713,67,20,47003,0,-60,1057,eccn,1056,42.933022,-78.782257,1596145727,47,47003,0,2091,
8145,45,99,45145,99,99999,9999,,9999,42.882694,-78.872635,1596145514,45,0,0,45145,
8206,45,99,45206,99,99999,9999,,9999,42.938793,-78.890495,1596145713,45,0,0,45206,
8208,45,99,45208,99,99999,9999,,9999,42.992008,-78.821487,1596145662,45,0,0,45208,
8211,45,99,45211,99,99999,9999,,9999,42.880661,-78.725533,1596145694,45,0,0,45211,
8213,45,99,45213,99,99999,9999,,9999,42.996021,-78.739746,1596145689,45,0,0,45213,
8222,45,99,45222,99,99999,9999,,9999,42.881210,-78.698914,1596145223,45,0,0,45222,
8224,45,99,45224,99,99999,9999,,9999,42.947376,-78.790741,1596145709,45,0,0,45224,
8225,45,99,45225,99,99999,9999,,9999,43.000477,-78.852310,1596145697,45,0,0,45225,
8229,45,99,45229,99,99999,9999,,9999,42.941929,-78.868385,1596145695,45,0,0,45229,
8231,45,99,45231,99,99999,9999,,9999,42.806961,-78.846207,1596145700,45,0,0,45231,
8233,45,99,45233,99,99999,9999,,9999,99.000000,999.000000,1596138517,45,0,0,45233,
