1002,22,20,26008,0,0,1200,twyml,1200,42.903019,-78.783562,1596151998,26,26008,0,2082,
1004,12,19,12022,0,60,1192,filut,1193,42.915062,-78.813820,1596152598,12,12022,0,2028,
1005,8,20,48006,0,-60,1184,bstmn,1183,42.900185,-78.869614,1596152574,48,48006,0,2098,
1006,23,20,23020,0,-120,1185,bdyfl,1183,42.884674,-78.839172,1596152598,23,23020,0,2062,
1007,24,19,24015,0,0,1190,marmn,1190,42.877304,-78.877693,1596152564,24,24015,0,2072,
1011,24,20,24018,0,0,1187,bagen,1187,42.904778,-78.833214,1596152567,24,24018,0,2074,
1013,0,0,13008,6,0,1205,airpt,1205,42.934174,-78.730408,1596152596,13,13008,0,2038,
1014,18,19,18005,0,-180,1185,spkls,1182,42.869797,-78.852570,1596152606,18,18005,0,2043,
1018,12,20,12023,0,-120,1192,socam,1190,42.943222,-78.803398,1596152584,12,12023,0,2029,
1020,2,20,2009,0,99999,9999,fltbk,1147,42.847496,-78.697128,1596152575,2,2009,0,1012,
1028,32,20,32020,0,120,1186,ungen,1188,42.942066,-78.754379,1596152505,32,32020,0,1093,
1030,32,19,32021,0,0,1184,brrtc,1184,42.945396,-78.906876,1596151697,32,32021,0,1092,
1033,32,20,32019,0,0,1190,twyml,1190,42.902550,-78.783745,1596151449,32,32019,0,1091,
1034,15,19,15010,0,0,1189,basen,1189,42.856129,-78.810654,1596152597,15,15010,0,1050,
1037,19,20,19014,0,60,1191,winsp,1192,42.929417,-78.813599,1596152600,19,19014,0,1075,
1038,6,20,6008,0,120,1185,glrml,1187,42.909454,-78.763237,1596152612,6,6008,0,1028,
1041,16,19,16016,0,0,1180,spkls,1180,42.882530,-78.874268,1596152612,16,16016,0,1064,
1042,16,19,16015,0,0,1210,bnmc,1210,42.898590,-78.868385,1596152547,16,16015,0,1063,
1043,14,20,14011,0,0,1183,spkls,1183,42.871723,-78.864777,1596152582,14,14011,0,1041,
1044,6,19,6014,0,-420,1195,twyml,1188,42.914211,-78.765579,1596152618,6,6014,0,1031,
1045,76,19,15007,0,480,1198,ellop,1206,42.818508,-78.847244,1596152609,15,15007,0,1048,
1046,4,20,4009,0,60,1185,bdyba,1186,42.896473,-78.816833,1596152580,4,4009,0,1020,
1048,2,20,32013,0,120,1182,fern,1184,42.871971,-78.812592,1596152584,32,32013,0,1087,
1055,26,19,26007,0,0,1186,dlvst,1186,42.921993,-78.844048,1596152585,26,26007,0,2081,
1059,23,19,23021,0,0,1183,hrtpk,1183,42.947624,-78.850227,1596152603,23,23021,0,2063,
1065,44,19,44006,0,60,1179,socam,1180,42.939785,-78.838684,1596152587,44,44006,0,2089,
1104,13,19,47004,0,0,1187,utica,1187,42.914871,-78.851189,1596152585,47,47004,0,2093,
1106,0,0,23013,5,-120,1192,colds,1190,42.934231,-78.873375,1596152615,23,23013,0,2060,
1107,13,20,13007,0,60,1184,socam,1185,42.955048,-78.820145,1596152581,13,13007,0,2037,
1113,24,19,24020,0,-60,1185,genmn,1184,42.895317,-78.856178,1596152617,24,24020,0,2076,
1115,44,19,44009,0,0,1182,flint,1182,42.998386,-78.789406,1596152605,44,44009,0,2090,
1116,0,0,23014,5,0,1197,colds,1197,42.874115,-78.844086,1596152594,23,23014,0,2061,
1119,0,0,12013,5,99999,9999,,9999,42.918198,-78.861580,1596152584,12,12013,0,2024,
1120,0,0,12012,5,99999,9999,,9999,42.917099,-78.860535,1596152282,12,12012,0,2023,
1124,8,19,8008,0,-180,1188,dlvst,1185,42.935356,-78.843452,1596152599,8,8008,0,2007,
1128,12,19,12017,0,240,1166,nghmp,1170,42.915421,-78.882492,1596152573,12,12017,0,2027,
1129,12,19,12024,0,60,1192,nghmp,1193,42.910469,-78.900024,1596152588,12,12024,0,2030,
1201,42,20,42007,0,0,1185,sogat,1185,42.827614,-78.754448,1596151203,42,42007,0,1100,
1203,6,20,6013,0,0,1190,sycfl,1190,42.889462,-78.865189,1596152592,6,6013,0,1030,
1301,155,20,155003,0,0,1200,nfia,1200,43.101017,-78.940933,1596152544,155,155003,0,3114,
1502,34,19,34009,0,99999,9999,socam,895,43.036144,-78.821114,1596152576,34,34009,0,3069,
1504,50,20,50025,0,60,1207,nftc,1208,43.100716,-78.979866,1596152599,50,50025,0,3095,
1506,52,19,52030,0,-420,1186,nfb56,1179,43.087955,-78.979233,1596152568,52,52030,0,3100,
1508,35,19,35006,0,60,1185,dlwsh,1186,42.981033,-78.857857,1596152579,35,35006,0,3074,
1517,55,19,55041,0,0,1184,prtc,1184,43.099396,-79.051521,1596152569,55,55041,0,3109,
1519,55,19,40012,0,99999,9999,prtc,1137,43.088779,-78.973801,1596152501,40,40012,1,3084,
1601,0,0,20013,5,0,1192,front,1192,42.958706,-78.873230,1596152592,20,20013,0,3045,
1606,20,19,25009,0,120,1187,elmnr,1189,42.909344,-78.877174,1596152609,25,25009,0,3059,
1608,5,19,5021,0,0,1187,ellop,1187,42.882584,-78.872299,1596151720,5,5021,0,3029,
1612,11,19,11005,0,-180,1183,dlwdv,1180,42.924137,-78.867531,1596152610,11,11005,0,3034,
1622,20,19,3018,0,0,1200,ellop,1200,42.882557,-78.872108,1596152586,3,3018,0,3012,
1701,5,20,11006,0,99999,9999,socam,1065,42.947731,-78.859230,1596152604,11,11006,0,3035,
1702,3,19,3019,0,-180,1185,sklmt,1182,42.961151,-78.898430,1596152559,3,3019,0,3013,
1703,3,20,5017,0,0,1195,sklmt,1195,42.921387,-78.890198,1596152578,5,5017,0,3028,
1711,35,20,35007,0,60,1199,covhl,1200,42.999844,-78.782593,1596152611,35,35007,0,3075,
1713,20,20,20020,0,0,1191,elmdv,1191,42.903431,-78.877098,1596152604,20,20020,0,3050,
1720,0,0,12025,6,0,1185,ctyli,1185,42.958649,-78.814789,1596152596,12,12025,0,2031,
1802,25,20,25014,0,0,1185,mnngr,1185,43.020691,-78.879105,1596152520,25,25014,0,3062,
1806,3,19,3017,0,-60,1186,ellop,1185,42.887508,-78.875053,1596152594,3,3017,0,3011,
1807,5,20,20016,0,0,1195,kenml,1195,42.947514,-78.908066,1596152614,20,20016,0,3047,
1810,5,19,20018,0,-60,1188,ngfry,1187,42.934589,-78.902412,1596152559,20,20018,0,3048,
1811,20,20,20019,0,0,1189,orch,1189,42.988377,-78.873077,1596151570,20,20019,0,3049,
1812,25,19,25013,0,0,1187,ellop,1187,42.882584,-78.872337,1596152589,25,25013,0,3061,
1813,55,20,55042,0,-60,1189,nfbwd,1188,43.099476,-78.932892,1596152570,55,55042,0,3110,
1817,16,19,16014,0,-60,1197,bgtsp,1196,42.717476,-78.825958,1596152612,16,16014,0,1062,
1819,42,19,42006,0,99999,9999,mohel,1158,42.882557,-78.872223,1596151576,42,42006,1,1099,
1820,2,19,2011,0,0,1205,tcbfl,1205,42.883492,-78.872597,1596152602,2,2011,0,1013,
1821,15,20,15009,0,60,1190,sogat,1191,42.839767,-78.782967,1596152614,15,15009,0,1049,
1822,19,19,19012,0,120,1188,bagen,1190,42.924686,-78.813782,1596152591,19,19012,0,1074,
1902,155,19,155004,0,120,1198,falls,1200,43.084187,-79.060677,1596152605,155,155004,0,3115,
1904,0,0,5022,6,99999,9999,socam,1180,42.958073,-78.819252,1596152608,5,5022,0,3030,
1907,20,20,20014,0,180,1182,orch,1185,42.980896,-78.885178,1596152616,20,20014,0,3046,
1912,34,19,34008,0,120,1184,socam,1186,42.955322,-78.821266,1596152604,34,34008,0,3068,
1914,40,19,40014,0,120,1184,tcbfl,1186,42.883026,-78.875572,1596152583,40,40014,0,3085,
1915,55,19,55043,0,0,1194,nfb56,1194,43.100769,-78.978752,1596152600,55,55043,0,3111,
1916,40,19,40017,0,120,1187,giplz,1189,43.048576,-78.988243,1596152600,40,40017,0,3087,
1917,40,19,40016,0,0,1170,tcbfl,1170,42.901203,-78.892059,1596152588,40,40016,0,3086,
1919,5,20,34011,0,99999,9999,socam,1200,42.958649,-78.814568,1596152574,34,34011,1,3070,
2011,22,19,26006,0,-240,1185,lkv,1181,42.898067,-78.894112,1596152568,26,26006,0,2080,
2015,44,20,13006,0,0,1186,lkpt,1186,43.167210,-78.697166,1596152583,13,13006,0,2036,
2218,40,20,25010,0,-60,1194,falls,1193,43.035816,-78.976372,1596152505,25,25010,0,3060,
2512,0,0,14008,5,0,1205,babck,1205,42.777866,-78.789589,1596152567,14,14008,0,1040,
2601,48,19,8006,0,99999,9999,eccn,1184,42.966019,-78.719612,1596152606,8,8006,1,2006,
2605,47,20,48004,0,0,1176,eccn,1176,42.945122,-78.724861,1596152587,48,48004,0,2097,
2607,14,19,14012,0,-240,1188,mcmal,1184,42.789249,-78.793831,1596152558,14,14012,0,1042,
2608,32,19,32018,0,60,1190,dlwam,1191,42.940308,-78.837975,1596152604,32,32018,0,1090,
2611,4,19,32017,0,-60,1208,tcbfl,1207,42.882092,-78.872406,1596152595,32,32017,0,1089,
2614,6,19,6009,0,0,1195,wtfrt,1195,42.888111,-78.869911,1596152572,6,6009,0,1029,
2615,19,19,19015,0,0,1186,abtba,1186,42.860283,-78.825989,1596152585,19,19015,0,1076,
2624,46,19,32022,0,0,1185,twyml,1185,42.902851,-78.783966,1596152452,32,32022,0,1094,
2625,1,19,32016,0,60,1189,wmmgn,1190,42.885059,-78.838943,1596152570,32,32016,0,1088,
2630,16,20,16013,0,0,1192,rdgsp,1192,42.847054,-78.824059,1596152610,16,16013,0,1061,
2701,13,19,24016,0,120,1180,utica,1182,42.911488,-78.865524,1596152591,24,24016,0,2073,
2706,24,20,24014,0,99999,9999,airpt,1179,42.932579,-78.734093,1596152618,24,24014,1,2071,
2707,26,20,22005,0,0,1188,badlv,1188,42.921745,-78.833992,1596152563,22,22005,0,2048,
2708,24,20,24019,0,60,1200,airpt,1201,42.934204,-78.730515,1596152526,24,24019,0,2075,
8211,45,99,45211,99,99999,9999,,9999,43.019836,-78.880035,1596152574,45,0,0,45211,
8222,45,99,45222,99,99999,9999,,9999,42.784081,-78.812889,1596152282,45,0,0,45222,
8233,45,99,45233,99,99999,9999,,9999,99.000000,999.000000,1596138517,45,0,0,45233,
