1001,67,20,67003,0,99999,9999,eccn,1026,42.926697,-78.838799,1596142743,67,67003,1,2095,
1002,26,19,26008,0,60,1021,elmdv,1022,42.922295,-78.872406,1596142769,26,26008,0,2082,
1003,23,19,23017,0,0,1025,hrtpk,1025,42.947731,-78.866898,1596142739,23,23017,0,2055,
1004,0,0,12022,6,99999,9999,ellop,1005,42.953232,-78.909813,1596142716,12,12022,0,2028,
1005,48,19,48006,0,0,1020,socam,1020,42.954636,-78.821045,1596142686,48,48006,0,2098,
1006,23,19,23020,0,0,1020,bdyfl,1020,42.892624,-78.839394,1596142775,23,23020,0,2062,
1007,24,20,24015,0,-540,1024,holtz,1015,42.934120,-78.730667,1596142740,24,24015,0,2072,
1008,23,20,23015,0,240,1033,brrtc,1037,42.947815,-78.864143,1596142743,23,23015,0,2058,
1010,66,20,66003,0,360,1023,mnun,1029,42.947155,-78.764015,1596142743,66,66003,0,2056,
1011,24,19,24018,0,-60,1021,genfl,1020,42.908436,-78.824394,1596142743,24,24018,0,2074,
1013,0,0,13008,4,0,1020,ctyli,1020,42.958706,-78.814568,1596142596,13,13008,0,2038,
1014,26,20,18005,0,-180,1022,dlvst,1019,42.922241,-78.871292,1596142722,18,18005,0,2043,
1016,24,20,24017,0,0,1021,airpt,1021,42.934147,-78.730408,1596142291,24,24017,0,2070,
1017,18,20,18004,0,60,1024,genjf,1025,42.882641,-78.853912,1596142730,18,18004,0,2041,
1018,12,20,12023,0,-180,1029,knegt,1026,42.929802,-78.813599,1596142750,12,12023,0,2029,
1020,4,20,2009,0,99999,9999,twyml,1028,42.900295,-78.785530,1596142753,2,2009,0,1012,
1021,32,20,32011,0,-1320,1022,amsta,1000,42.940334,-78.850410,1596142760,32,32011,0,1083,
1022,19,20,19009,0,0,1017,socam,1017,42.957634,-78.818398,1596142742,19,19009,0,1070,
1023,16,19,16008,0,240,1021,mowsh,1025,42.885693,-78.872040,1596142723,16,16008,0,1059,
1025,6,20,6011,0,0,1026,twyml,1026,42.906921,-78.796921,1596142744,6,6011,0,1025,
1026,1,19,1003,0,0,1025,tcbfl,1025,42.883492,-78.872932,1596142689,1,1003,0,1006,
1027,4,19,4007,0,120,1022,bdmgn,1024,42.888966,-78.858078,1596142762,4,4007,0,1017,
1029,32,20,32012,0,120,1014,twyml,1016,42.884838,-78.817917,1596142771,32,32012,0,1079,
1030,0,0,32021,4,300,1025,tcbfl,1030,42.884426,-78.872482,1596142753,32,32021,0,1092,
1032,76,20,76002,0,-60,1028,athpr,1027,42.832756,-78.853462,1596142754,76,76002,0,1103,
1033,32,19,32019,0,-180,1025,ungen,1022,42.907089,-78.754936,1596142696,32,32019,0,1091,
1034,15,20,15010,0,60,1030,scl,1031,42.864407,-78.821709,1596142774,15,15010,0,1050,
1037,19,19,19014,0,-120,1022,baken,1020,42.944378,-78.813782,1596142717,19,19014,0,1075,
1038,6,19,6008,0,0,1020,wtfrt,1020,42.879890,-78.882530,1596142317,6,6008,0,1028,
1039,69,20,69002,0,180,1025,aptml,1028,42.876865,-78.782593,1596142727,69,69002,0,1097,
1040,15,20,15006,0,0,1037,sogat,1037,42.827778,-78.754486,1596142444,15,15006,0,1047,
1042,16,20,16015,0,0,1023,spkls,1023,42.878159,-78.870178,1596142723,16,16015,0,1063,
1043,16,19,14011,0,0,1035,mowsh,1035,42.887535,-78.872818,1596142640,14,14011,0,1041,
1045,15,19,15007,0,180,1022,lterr,1025,42.883301,-78.877098,1596142724,15,15007,0,1048,
1046,2,20,4009,0,60,1028,trfrh,1029,42.865921,-78.754189,1596142757,4,4009,0,1020,
1047,14,19,14007,0,0,1019,abtba,1019,42.857094,-78.829010,1596142749,14,14007,0,1039,
1048,32,19,32013,0,0,1030,brrtc,1030,42.945503,-78.906761,1596142761,32,32013,0,1087,
1049,4,19,4006,0,-240,1019,tcbfl,1015,42.883575,-78.872520,1596142772,4,4006,0,1019,
1050,70,20,70002,0,99999,9999,fern,990,42.776299,-78.620934,1596142725,70,70002,1,1080,
1052,75,20,15008,0,-180,1026,baelk,1023,42.874336,-78.860756,1596142767,15,15008,0,1046,
1055,26,20,26007,0,0,1023,twyml,1023,42.907471,-78.784302,1596142761,26,26007,0,2081,
1057,13,19,13005,0,60,1022,dlvgr,1023,42.924797,-78.830421,1596142773,13,13005,0,2035,
1059,0,0,23021,4,-300,1025,brrtc,1020,42.933022,-78.893219,1596142719,23,23021,0,2063,
1061,44,19,47005,0,-60,1021,flint,1020,42.997452,-78.781364,1596142750,47,47005,0,2092,
1062,13,20,44007,0,300,1020,socam,1025,42.955597,-78.821007,1596142752,44,44007,0,2088,
1065,8,19,44006,0,0,1020,wtfrt,1020,42.880192,-78.882904,1596142764,44,44006,0,2089,
1066,0,0,155001,5,0,1034,front,1034,43.005539,-78.949791,1596142728,155,155001,0,3112,
1104,49,19,47004,0,-720,1026,shhop,1014,42.984749,-78.697090,1596142762,47,47004,0,2093,
1105,44,19,44008,0,60,1010,socam,1011,42.971493,-78.806229,1596142761,44,44008,0,2087,
1106,23,20,23019,0,0,1040,brrtc,1040,42.945671,-78.907356,1596142715,23,23019,0,2021,
1107,8,19,13007,0,-60,1023,dlvst,1022,42.931068,-78.848030,1596142757,13,13007,0,2037,
1109,48,20,8007,0,-120,1019,ehmal,1017,42.973583,-78.693703,1596142767,8,8007,0,2004,
1110,18,20,18006,0,0,1010,dlvst,1010,42.900322,-78.854057,1596142765,18,18006,0,2042,
1111,23,19,23012,0,0,1027,abtba,1027,42.857559,-78.828674,1596142774,23,23012,0,2057,
1112,12,20,12020,0,240,1027,ctyli,1031,42.958706,-78.814751,1596142775,12,12020,0,2022,
1113,24,19,24020,0,0,1020,ungen,1020,42.927219,-78.753784,1596142734,24,24020,0,2076,
1114,12,20,12016,0,-180,1026,utica,1023,42.911240,-78.876244,1596142751,12,12016,0,2026,
1115,44,20,44009,0,0,1020,lkpt,1020,43.169659,-78.689941,1596142721,44,44009,0,2090,
1116,23,19,23014,0,60,1026,flfry,1027,42.933239,-78.839317,1596142771,23,23014,0,2061,
1118,0,0,23018,6,180,1022,mnaln,1025,42.900131,-78.869804,1596142747,23,23018,0,2020,
1119,12,20,12013,0,0,1035,ctyli,1035,42.958649,-78.814568,1596142700,12,12013,0,2024,
1120,12,19,12012,0,0,1020,badlv,1020,42.922791,-78.813782,1596142756,12,12012,0,2023,
1124,13,20,8008,0,0,1023,flfry,1023,42.914982,-78.854172,1596142774,8,8008,0,2007,
1126,23,20,23011,0,0,1027,bdyfl,1027,42.868313,-78.846016,1596142744,23,23011,0,2059,
1127,22,20,22006,0,-60,1022,twyml,1021,42.903927,-78.780281,1596142768,22,22006,0,2047,
1128,12,19,12017,0,0,1020,nghmp,1020,42.910801,-78.899879,1596142691,12,12017,0,2027,
1129,0,0,12024,4,0,1035,nghmp,1035,42.916931,-78.861877,1596142638,12,12024,0,2030,
1130,22,20,22004,0,0,1022,bstmn,1022,42.904724,-78.877357,1596142747,22,22004,0,2046,
1201,42,20,42007,0,0,1022,lcvtc,1022,42.825878,-78.832359,1596142726,42,42007,0,1100,
1202,2,20,2008,0,-300,1023,clmgm,1018,42.885746,-78.874641,1596142745,2,2008,0,1011,
1203,6,19,6013,0,-60,1021,twyml,1020,42.905437,-78.780655,1596142739,6,6013,0,1030,
1204,4,20,46003,0,60,1020,bdyfl,1021,42.892101,-78.843185,1596142719,46,46003,0,1102,
1205,1,19,1005,0,60,1023,wmbck,1024,42.885883,-78.814308,1596142769,1,1005,0,1004,
1206,4,19,4005,0,60,1022,tcbfl,1023,42.883659,-78.877434,1596142751,4,4005,0,1018,
1207,14,19,16012,0,-240,1020,mowsh,1016,42.887836,-78.871368,1596142774,16,16012,0,1058,
1208,75,20,14010,0,60,1009,fltbk,1010,42.873016,-78.819328,1596142750,14,14010,0,1037,
1211,0,0,32014,6,480,1022,lterr,1030,42.883080,-78.879669,1596142544,32,32014,0,1085,
1212,19,20,19011,0,-120,1023,winsp,1021,42.940609,-78.813675,1596142763,19,19011,0,1071,
1213,12,20,12014,0,0,1028,badlv,1028,42.911625,-78.832397,1596142735,12,12014,0,2025,
1301,0,0,155003,4,-1020,1032,falls,1015,43.042469,-78.988281,1596142661,155,155003,0,3114,
1303,0,0,155002,5,60,1028,front,1029,42.996433,-78.882683,1596142733,155,155002,0,3113,
1501,0,0,50024,4,99999,9999,prtc,775,43.009056,-78.957497,1596126076,50,50024,0,3091,
1502,34,19,34009,0,99999,9999,socam,895,42.997425,-78.822304,1596142753,34,34009,0,3069,
1504,50,20,50025,0,0,1020,casno,1020,43.091969,-79.059227,1596142716,50,50025,0,3095,
1505,3,19,3013,0,0,1020,ellop,1020,42.882530,-78.872040,1596142647,3,3013,0,3007,
1506,60,20,52030,0,0,1019,nftc,1019,43.100769,-78.979942,1596142746,52,52030,0,3100,
1507,50,19,40010,0,-60,1023,mlnfb,1022,43.097801,-78.975700,1596142720,40,40010,0,3082,
1508,35,20,35006,0,0,1023,covhl,1023,43.000011,-78.783371,1596142519,35,35006,0,3074,
1511,40,20,35005,0,-240,1026,giplz,1022,42.987690,-78.935799,1596142724,35,35005,0,3072,
1512,25,20,5015,0,120,1030,mnngr,1032,42.991760,-78.873825,1596142753,5,5015,0,3021,
1514,61,20,11004,0,240,1022,cantn,1026,42.994537,-78.878922,1596142760,11,11004,0,3106,
1517,55,20,55041,0,-240,1031,pnhyd,1027,43.084408,-79.060829,1596142746,55,55041,0,3109,
1518,3,20,3016,0,0,1021,frgrt,1021,42.911957,-78.893959,1596142719,3,3016,0,3079,
1519,40,19,40012,0,0,1023,tcbfl,1023,42.890450,-78.882126,1596142736,40,40012,0,3084,
1520,52,19,52028,0,-180,1021,nuniv,1018,43.130333,-79.039459,1596142740,52,52028,0,3099,
1601,5,20,20013,0,0,1025,socam,1025,42.958263,-78.832542,1596142770,20,20013,0,3045,
1603,40,19,40011,0,0,1021,giplz,1021,43.031582,-78.972015,1596142771,40,40011,0,3083,
1604,52,20,52029,0,180,1007,nftc,1010,42.982658,-78.911194,1596142776,52,52029,0,3098,
1605,25,19,25006,0,60,1020,dlwdv,1021,42.922459,-78.867455,1596142770,25,25006,0,3058,
1606,25,20,25009,0,0,1037,mnngr,1037,43.020554,-78.879593,1596141664,25,25009,0,3059,
1608,0,0,5021,4,-120,1032,ellop,1030,42.925652,-78.898834,1596142728,5,5021,0,3029,
1610,3,19,3012,0,0,1030,frgrt,1030,42.940968,-78.891762,1596142718,3,3012,0,3009,
1612,11,20,11005,0,0,1032,tnind,1032,43.012962,-78.859421,1596142722,11,11005,0,3034,
1614,60,20,40013,0,420,1028,nftc,1035,43.040573,-78.980652,1596142768,40,40013,0,3078,
1615,5,19,34010,0,0,1020,ngfry,1020,42.918884,-78.898949,1596142772,34,34010,0,3065,
1616,25,19,25011,0,-120,1026,dlwkn,1024,42.980843,-78.872482,1596142726,25,25011,0,3057,
1617,25,20,20015,0,60,1024,dlwkn,1025,42.947651,-78.868423,1596142730,20,20015,0,3042,
1622,5,19,3018,0,0,1025,brrtc,1025,42.956837,-78.907509,1596142764,3,3018,0,3012,
1701,5,20,11006,0,0,1021,kenml,1021,42.961182,-78.892097,1596142720,11,11006,0,3035,
1702,0,0,3019,4,60,1024,ellop,1025,42.882530,-78.872147,1596142736,3,3019,0,3013,
1703,5,19,5017,0,0,1055,ellop,1055,42.882614,-78.872444,1596142682,5,5017,0,3028,
1708,55,19,55038,0,180,1027,mlnfb,1030,43.101212,-78.940559,1596142757,55,55038,0,3108,
1711,5,20,35007,0,2460,994,socam,1035,42.954525,-78.819702,1596142524,35,35007,0,3075,
1713,5,20,20020,0,0,1025,ngfry,1025,42.894409,-78.885658,1596142556,20,20020,0,3050,
1714,25,19,3010,0,180,1024,ellop,1027,42.886959,-78.878250,1596142738,3,3010,0,3008,
1715,25,20,25012,0,-240,1027,dlwnr,1023,42.887314,-78.877808,1596142756,25,25012,0,3056,
1716,50,19,50022,0,-60,1024,olopc,1023,43.137592,-79.037041,1596142665,50,50022,0,3094,
1718,0,0,24013,5,0,1027,colds,1027,42.927986,-78.851303,1596142758,24,24013,0,2054,
1720,12,19,12021,0,240,1020,nghmp,1024,42.909836,-78.900063,1596142772,12,12021,0,2016,
1801,5,20,25007,0,60,1021,brrtc,1022,42.939758,-78.904900,1596142726,25,25007,0,3054,
1803,40,20,40008,0,0,1035,prtc,1035,43.099396,-79.051636,1596142736,40,40008,0,3080,
1806,3,20,3017,0,0,1022,sklmt,1022,42.952847,-78.890129,1596142771,3,3017,0,3011,
1807,20,19,20016,0,0,1030,ellop,1030,42.882584,-78.872223,1596142671,20,20016,0,3047,
1808,34,19,34012,0,0,1025,socam,1025,42.955132,-78.820930,1596142572,34,34012,0,3093,
1809,40,19,40009,0,0,1022,casno,1022,43.093979,-79.056808,1596142734,40,40009,0,3081,
1810,3,20,20018,0,0,1023,tonvl,1023,42.959942,-78.908142,1596142735,20,20018,0,3048,
1811,20,20,20019,0,0,1025,elmdv,1025,42.912449,-78.877060,1596142759,20,20019,0,3049,
1812,0,0,25013,4,0,1025,ellop,1025,42.882584,-78.872261,1596142766,25,25013,0,3061,
1813,40,19,55042,0,0,1035,tcbfl,1035,42.883354,-78.872780,1596142748,55,55042,0,3110,
1814,0,0,3015,5,0,1039,front,1039,42.880878,-78.872444,1596142693,3,3015,0,3006,
1815,11,20,11002,0,99999,9999,dlwnr,1013,42.917316,-78.868576,1596142744,11,11002,0,3032,
1816,3,19,5012,0,-60,1018,frgrt,1017,42.915668,-78.890495,1596142727,5,5012,0,3026,
1817,16,20,16014,0,60,1020,splke,1021,42.799095,-78.823982,1596142729,16,16014,0,1062,
1819,42,19,42006,0,0,1019,tpodl,1019,42.820930,-78.847282,1596142764,42,42006,0,1099,
1820,4,20,2011,0,0,1019,twyml,1019,42.903511,-78.783333,1596142718,2,2011,0,1013,
1821,15,19,15009,0,0,1021,scl,1021,42.845242,-78.796104,1596142731,15,15009,0,1049,
1822,19,20,19012,0,0,1021,bdyba,1021,42.893475,-78.814041,1596142769,19,19012,0,1074,
1824,0,0,42004,6,60,1026,lterr,1027,42.883438,-78.879890,1596142620,42,42004,0,1098,
1902,0,0,155004,4,-480,1023,nfia,1015,43.086166,-78.940559,1596142734,155,155004,0,3115,
1903,5,19,5018,0,60,1020,dlwkn,1021,42.958733,-78.868576,1596142745,5,5018,0,3025,
1905,34,20,34007,0,0,1033,hazwd,1033,43.028831,-78.815010,1596142663,34,34007,0,3067,
1907,20,19,20014,0,0,1020,ellop,1020,42.882530,-78.872520,1596142498,20,20014,0,3046,
1908,11,20,3011,0,99999,9999,dlwnr,983,43.014641,-78.851677,1596142729,3,3011,0,3005,
1909,3,20,5020,0,-180,1024,trcem,1021,42.886353,-78.877281,1596142728,5,5020,0,3023,
1910,20,19,20017,0,180,1028,ellop,1031,42.891659,-78.878212,1596142766,20,20017,0,3044,
1911,55,19,40015,0,0,1042,prtc,1042,43.099422,-79.051559,1596142751,40,40015,0,3107,
1912,34,19,34008,0,-60,1029,nfbma,1028,43.031059,-78.821899,1596142721,34,34008,0,3068,
1914,55,20,40014,0,0,1031,nfia,1031,43.093044,-78.972794,1596142759,40,40014,0,3085,
1915,0,0,55043,4,0,1059,prtc,1059,42.959202,-78.890984,1596142705,55,55043,0,3111,
1916,55,20,55039,0,120,1000,nfia,1002,42.991951,-78.883575,1596142717,55,55039,0,3104,
1917,40,20,40016,0,-120,1028,brrtc,1026,42.919682,-78.898727,1596142765,40,40016,0,3086,
1918,20,19,5016,0,0,1031,elmdv,1031,42.947899,-78.878365,1596142766,5,5016,0,3024,
1919,20,20,34011,0,0,1022,orch,1022,42.988377,-78.873077,1596142692,34,34011,0,3070,
1920,5,20,5014,0,0,1020,socam,1020,42.954578,-78.820747,1596142763,5,5014,0,3027,
1921,11,19,11003,0,120,1023,ellop,1025,42.886654,-78.878777,1596142731,11,11003,0,3033,
1922,20,20,3009,0,120,1020,elken,1022,42.957439,-78.878288,1596142767,3,3009,0,3010,
2001,48,20,48005,0,120,1011,eccn,1013,42.973499,-78.694038,1596142718,48,48005,0,2096,
2011,26,20,26006,0,0,1015,twyml,1015,42.903156,-78.783783,1596142762,26,26006,0,2080,
2015,13,20,13006,0,180,1027,socam,1030,42.955101,-78.820450,1596142668,13,13006,0,2036,
2203,5,19,5013,0,-60,1025,ellop,1024,42.887039,-78.879074,1596142740,5,5013,0,3022,
2215,35,19,35004,0,240,1021,brrtc,1025,42.945339,-78.907433,1596142538,35,35004,0,3073,
2218,25,20,25010,0,99999,9999,mdcty,1030,43.019619,-78.878662,1596142760,25,25010,1,3060,
2501,6,20,6012,0,-60,1023,sycfl,1022,42.894135,-78.851189,1596142771,6,6012,0,1026,
2503,16,20,16010,0,99999,9999,mnbfl,1026,42.725231,-78.827591,1596142759,16,16010,1,1056,
2504,19,19,19010,0,-60,1023,bdyba,1022,42.908272,-78.814079,1596142748,19,19010,0,1073,
2511,74,20,74003,0,60,1029,athpr,1030,42.838585,-78.857224,1596142737,74,74003,0,1081,
2512,14,20,14008,0,240,1039,eccs,1043,42.772667,-78.797440,1596142763,14,14008,0,1040,
2601,8,20,8006,0,60,1025,socam,1026,42.941216,-78.837158,1596142747,8,8006,0,2006,
2602,8,19,8005,0,0,1020,wtfrt,1020,42.882393,-78.872818,1596142753,8,8005,0,2005,
2604,12,19,12015,0,60,1026,utica,1027,42.911018,-78.843452,1596142775,12,12015,0,2015,
2605,47,20,48004,0,0,1025,airpt,1025,42.934204,-78.730515,1596142487,48,48004,0,2097,
2606,23,20,23013,0,-180,1022,flfry,1019,42.905739,-78.839317,1596142728,23,23013,0,2060,
2607,14,20,14012,0,0,1027,rdgab,1027,42.847275,-78.811401,1596142743,14,14012,0,1042,
2608,32,19,32018,0,60,1026,dlwam,1027,42.940334,-78.840698,1596142734,32,32018,0,1090,
2611,1,20,32017,0,60,1029,aptml,1030,42.888580,-78.751511,1596142431,32,32017,0,1089,
2612,6,19,32010,0,-360,1022,sycmg,1016,42.893253,-78.853683,1596142745,32,32010,0,1086,
2613,72,20,14009,0,-60,1029,4cors,1028,42.752289,-78.762230,1596142769,14,14009,0,1036,
2614,6,20,6009,0,99999,9999,glrml,1033,42.910526,-78.763908,1596142599,6,6009,1,1029,
2615,0,0,19015,4,-120,1047,socam,1045,42.884869,-78.821938,1596142723,19,19015,0,1076,
2616,2,19,2010,0,-60,1021,fern,1020,42.865589,-78.787392,1596142741,2,2010,0,1082,
2617,2,19,1004,0,0,1020,tcbfl,1020,42.882584,-78.872444,1596142732,1,1004,0,1005,
2618,1,20,1006,0,0,1019,wmbck,1019,42.884838,-78.824730,1596142765,1,1006,0,1003,
2620,46,19,32015,0,-240,1026,ctrbd,1022,42.913494,-78.686890,1596142751,32,32015,0,1084,
2623,16,19,16009,0,60,1027,abtba,1028,42.843369,-78.824020,1596142753,16,16009,0,1060,
2625,32,20,32016,0,180,1027,amsta,1030,42.940529,-78.867233,1596142763,32,32016,0,1088,
2627,74,20,4008,0,180,1023,mnbfl,1026,42.716431,-78.836975,1596142744,4,4008,0,1057,
2628,19,19,19013,0,60,1021,abtba,1022,42.857697,-78.828896,1596142583,19,19013,0,1038,
2630,16,20,16013,0,60,1021,mcmal,1022,42.782017,-78.809990,1596142749,16,16013,0,1061,
2701,24,19,24016,0,60,1024,marmn,1025,42.877609,-78.877876,1596142726,24,24016,0,2073,
2703,0,0,12019,5,-60,1024,colds,1023,42.911324,-78.868912,1596142756,12,12019,0,2019,
2704,12,19,12018,0,-420,1022,socam,1015,42.956421,-78.820374,1596142745,12,12018,0,2017,
2706,24,20,24014,0,0,1022,andrw,1022,42.916740,-78.803658,1596142766,24,24014,0,2071,
2707,22,19,22005,0,-60,1023,bstmn,1022,42.903843,-78.852272,1596142759,22,22005,0,2048,
2708,24,20,24019,0,-120,1044,holtz,1042,42.910030,-78.843674,1596142723,24,24019,0,2075,
2713,67,20,47003,0,-240,1028,balng,1024,42.882393,-78.871071,1596142735,47,47003,0,2091,
8145,45,99,45145,99,99999,9999,,9999,42.882694,-78.872597,1596142742,45,0,0,45145,
8206,45,99,45206,99,99999,9999,,9999,42.989559,-78.697281,1596142725,45,0,0,45206,
8208,45,99,45208,99,99999,9999,,9999,42.929253,-78.833397,1596142736,45,0,0,45208,
8211,45,99,45211,99,99999,9999,,9999,42.979053,-78.793121,1596142764,45,0,0,45211,
8213,45,99,45213,99,99999,9999,,9999,42.984718,-78.796738,1596142757,45,0,0,45213,
8216,45,99,45216,99,99999,9999,,9999,42.959339,-78.890274,1596142700,45,0,0,45216,
8218,45,99,45218,99,99999,9999,,9999,43.094830,-78.971718,1596142494,45,0,0,45218,
8222,45,99,45222,99,99999,9999,,9999,42.881264,-78.698914,1596142354,45,0,0,45222,
8224,45,99,45224,99,99999,9999,,9999,42.872410,-78.754601,1596142722,45,0,0,45224,
8225,45,99,45225,99,99999,9999,,9999,43.060730,-78.898315,1596142707,45,0,0,45225,
8229,45,99,45229,99,99999,9999,,9999,42.996876,-78.821266,1596142706,45,0,0,45229,
8231,45,99,45231,99,99999,9999,,9999,42.914898,-78.684921,1596142651,45,0,0,45231,
8233,45,99,45233,99,99999,9999,,9999,99.000000,999.000000,1596138517,45,0,0,45233,
8237,45,99,45237,99,99999,9999,,9999,42.862675,-78.825287,1596142768,45,0,0,45237,
8238,45,99,45238,99,99999,9999,,9999,42.949493,-78.828896,1596142680,45,0,0,45238,
8239,45,99,45239,99,99999,9999,,9999,42.968082,-78.759361,1596142662,45,0,0,45239,
8240,45,99,45240,99,99999,9999,,9999,43.043434,-78.820145,1596142637,45,0,0,45240,
8241,45,99,45241,99,99999,9999,,9999,42.907528,-78.785088,1596142775,45,0,0,45241,
8301,45,99,45301,99,99999,9999,,9999,42.927162,-78.898834,1596142724,45,0,0,45301,
8307,45,99,45307,99,99999,9999,,9999,42.871475,-78.847435,1596142747,45,0,0,45307,
