1001,22,19,22001,0,0,378,bstgn,378,42.903706,-78.838127,1596104272,22,22001,0,2044,
1002,0,0,8003,4,-420,394,twyml,387,42.917400,-78.860718,1596104205,8,8003,0,2003,
1003,12,19,12002,0,120,388,nghmp,390,42.908985,-78.899765,1596104268,12,12002,0,2009,
1004,8,20,44001,0,0,379,mnmgn,379,42.915943,-78.863770,1596104303,44,44001,0,2083,
1007,0,0,8002,4,0,378,ehmal,378,42.973583,-78.693665,1596103952,8,8002,0,2002,
1008,12,19,12001,0,0,375,nghmp,375,42.910881,-78.899879,1596104093,12,12001,0,2008,
1010,0,0,12007,4,-120,377,ctyli,375,42.958706,-78.814529,1596104270,12,12007,0,2014,
1011,0,0,12008,4,-360,392,ctyli,386,42.927437,-78.851639,1596104317,12,12008,0,2096,
1017,26,19,26001,0,0,384,ngdlv,384,42.922131,-78.897980,1596104262,26,26001,0,2077,
1018,18,19,18003,0,99999,9999,genjf,391,99.000000,999.000000,1596104219,18,18003,0,2016,
1020,0,0,2005,4,-360,403,fltbk,397,42.880138,-78.827553,1596104291,2,2005,0,1083,
1021,74,19,42001,0,-60,380,athpr,379,42.762329,-78.862877,1596104310,42,42001,0,1095,
1022,0,0,6006,4,840,391,athpr,405,42.822224,-78.849297,1596104312,6,6006,0,1027,
1025,16,20,14001,0,180,379,bgtsp,382,42.775665,-78.823944,1596104284,14,14001,0,1032,
1026,0,0,42002,4,240,383,sogat,387,42.827614,-78.754486,1596104221,42,42002,0,1096,
1027,2,20,2002,0,0,382,cltba,382,42.878269,-78.836304,1596104288,2,2002,0,1008,
1030,6,20,6003,0,0,379,sycfl,379,42.895786,-78.845016,1596104292,6,6003,0,1023,
1031,0,0,1002,4,99999,9999,senbg,381,42.575630,-79.104301,1596104300,1,1002,0,1002,
1032,0,0,16006,4,-600,404,mcmal,394,42.880302,-78.827446,1596104297,16,16006,0,1057,
1033,0,0,16005,4,-420,392,mcmal,385,42.793652,-78.818886,1596104287,16,16005,0,1025,
1039,19,20,19002,0,-120,384,badlv,382,42.903431,-78.813782,1596104318,19,19002,0,1066,
1040,0,0,6005,4,-180,397,glrml,394,42.882668,-78.824913,1596104272,6,6005,0,1084,
1044,4,19,32001,0,-60,382,michl,381,42.905739,-78.784225,1596104313,32,32001,0,1077,
1047,70,19,70001,0,-120,390,elma,388,42.768047,-78.623207,1596104268,70,70001,0,1079,
1048,0,0,46002,4,99999,9999,twyml,382,42.902523,-78.783745,1596104277,46,46002,0,1036,
1049,19,19,19003,0,60,383,abtba,384,42.872246,-78.819962,1596104299,19,19003,0,1067,
1050,46,19,32002,0,0,385,glrml,385,42.909481,-78.729881,1596104257,32,32002,0,1078,
1052,2,20,2001,0,99999,9999,fltbk,355,42.867844,-78.715370,1596104281,2,2001,1,1007,
1055,12,19,12005,0,120,384,badlv,386,42.929913,-78.800423,1596104270,12,12005,0,2012,
1056,23,20,23002,0,0,380,flfry,380,42.910332,-78.839058,1596104278,23,23002,0,2050,
1057,0,0,12006,4,99999,9999,holtz,365,42.932362,-78.814194,1596104301,12,12006,0,2013,
1061,13,19,8001,0,0,385,utica,385,42.911789,-78.864891,1596103870,8,8001,0,2001,
1062,24,19,24003,0,180,380,andrw,383,42.922020,-78.785156,1596104277,24,24003,0,2066,
1104,49,20,48001,0,-60,382,mlpsh,381,42.977268,-78.813705,1596104289,48,48001,0,2094,
1105,13,20,49001,0,60,383,winsp,384,42.938244,-78.813599,1596104288,49,49001,0,2099,
1106,44,20,44003,0,-120,385,mlpsh,383,42.958347,-78.816460,1596104243,44,44003,0,2085,
1108,0,0,24006,4,99999,9999,airpt,388,99.000000,999.000000,1596104246,24,24006,0,2004,
1110,44,20,24004,0,60,379,lkpt,380,43.167870,-78.695755,1596104279,24,24004,0,2067,
1113,18,19,18002,0,-360,378,spkls,372,42.871475,-78.862732,1596104292,18,18002,0,2040,
1114,48,20,13001,0,360,382,ehmal,388,42.965248,-78.697205,1596104314,13,13001,0,2032,
1115,8,19,44004,0,99999,9999,amsta,386,42.927547,-78.851563,1596104311,44,44004,0,2086,
1118,0,0,23008,4,0,408,brrtc,408,42.917206,-78.860756,1596104300,23,23008,0,2056,
1120,44,20,24005,0,-60,392,crspt,391,42.998001,-78.787842,1596104309,24,24005,0,2068,
1124,0,0,23006,4,-180,378,brrtc,375,42.945587,-78.907394,1596104309,23,23006,0,2054,
1127,0,0,23005,4,-180,378,abtba,375,42.857586,-78.828674,1596104295,23,23005,0,2053,
1128,0,0,66001,4,-60,402,mlptr,401,42.922157,-78.856255,1596104276,66,66001,0,2055,
1129,24,20,24002,0,-60,380,andrw,379,42.915695,-78.806007,1596104283,24,24002,0,2065,
1203,15,20,15003,0,-240,386,sensm,382,42.882145,-78.872040,1596104265,15,15003,0,1045,
1204,14,19,16003,0,60,384,mowsh,385,42.887589,-78.872780,1596104306,16,16003,0,1053,
1205,0,0,32005,4,540,381,twyml,390,42.902164,-78.783821,1596104275,32,32005,0,1081,
1206,16,20,16001,0,-120,390,spkls,388,42.890781,-78.867233,1596104276,16,16001,0,1051,
1207,2,19,1001,0,-60,384,cltba,383,42.871803,-78.801987,1596104301,1,1001,0,1001,
1211,0,0,42003,4,360,384,mohel,390,42.886929,-78.872299,1596104308,42,42003,0,1097,
1213,22,20,22002,0,-60,384,bstgn,383,42.903954,-78.864891,1596104261,22,22002,0,2045,
1502,5,20,5005,0,-60,380,ngfry,379,42.909561,-78.899918,1596104278,5,5005,0,3018,
1504,25,19,25003,0,-180,381,dlwkn,378,42.971439,-78.871178,1596104318,25,25003,0,3053,
1505,52,19,52027,0,0,382,pnhyd,382,43.091778,-79.003098,1596104290,52,52027,0,3097,
1506,34,19,34001,0,0,380,socam,380,42.954277,-78.820747,1596103977,34,34001,0,3063,
1507,0,0,20008,4,-540,385,tnind,376,42.998249,-78.852348,1596104307,20,20008,0,3054,
1508,5,19,5006,0,-60,387,ngfry,386,42.943031,-78.906693,1596104280,5,5006,0,3019,
1511,25,19,5004,0,60,384,ellop,385,42.882614,-78.872368,1596104315,5,5004,0,3017,
1512,3,19,3005,0,60,389,trcem,390,42.913937,-78.890350,1596104282,3,3005,0,3021,
1517,20,20,25001,0,60,389,elken,390,42.924824,-78.876984,1596104273,25,25001,0,3051,
1520,0,0,40004,4,840,383,prtc,397,43.099449,-79.051407,1596104269,40,40004,0,3078,
1604,0,0,5009,4,-60,399,mdcty,398,42.970474,-78.887077,1596104304,5,5009,0,3072,
1605,0,0,3006,4,0,379,mdcty,379,43.051296,-78.876244,1596104000,3,3006,0,3091,
1610,5,19,5001,0,60,391,brrtc,392,42.960987,-78.889236,1596104304,5,5001,0,3014,
1612,11,19,20004,0,60,381,dlwdv,382,42.928951,-78.866264,1596104311,20,20004,0,3039,
1614,40,19,40002,0,180,380,tcbfl,383,42.885883,-78.875793,1596104294,40,40002,0,3077,
1615,5,19,3004,0,0,385,ellop,385,42.882584,-78.872299,1596104120,3,3004,0,3004,
1616,0,0,5008,4,-180,378,socam,375,42.954884,-78.820480,1596104286,5,5008,0,3022,
1622,34,20,5007,0,60,381,advpk,382,42.985794,-78.822868,1596104305,5,5007,0,3020,
1701,3,19,20005,0,60,389,ellop,390,42.882336,-78.872932,1596104311,20,20005,0,3040,
1702,20,20,20001,0,0,387,orch,387,42.988403,-78.873077,1596104266,20,20001,0,3036,
1708,0,0,60001,4,0,400,nftc,400,43.007904,-78.954742,1596104303,60,60001,0,3092,
1714,40,20,52026,0,0,384,prtc,384,43.099396,-79.051521,1596104267,52,52026,0,3096,
1715,3,20,3002,0,-60,379,frgrt,378,42.912369,-78.893219,1596104280,3,3002,0,3002,
1716,0,0,20009,4,360,384,socam,390,42.954140,-78.820518,1596104314,20,20009,0,3023,
1718,23,19,23004,0,0,379,abtba,379,42.858028,-78.832283,1596104284,23,23004,0,2052,
1720,12,19,12003,0,-660,381,badlv,370,42.929886,-78.813484,1596104300,12,12003,0,2010,
1801,5,20,3001,0,0,386,socam,386,42.958595,-78.853874,1596104258,3,3001,0,3001,
1802,0,0,34004,4,0,381,brrtc,381,42.945313,-78.907173,1596104303,34,34004,0,3024,
1803,40,20,40003,0,-60,384,brrtc,383,42.925869,-78.897797,1596104263,40,40003,0,3104,
1806,20,19,20006,0,60,380,elmdv,381,42.926144,-78.877098,1596104302,20,20006,0,3041,
1808,0,0,55034,4,420,383,nfia,390,43.100906,-78.941086,1596104275,55,55034,0,3105,
1810,34,19,11001,0,0,382,nfbma,382,43.017883,-78.822380,1596104236,11,11001,0,3031,
1811,25,19,34002,0,0,385,dlwnr,385,42.920837,-78.868050,1596104274,34,34002,0,3064,
1812,50,19,50020,0,-120,381,prtc,379,43.094196,-79.056549,1596104267,50,50020,0,3090,
1813,35,20,35001,0,0,380,dlwsh,380,42.980759,-78.885773,1596104274,35,35001,0,3071,
1814,52,20,40001,0,0,389,prtc,389,43.112732,-79.041550,1596104283,40,40001,0,3076,
1815,5,19,5003,0,60,388,ellop,389,42.892677,-78.883949,1596104310,5,5003,0,3016,
1818,0,0,32004,4,180,367,twyml,370,42.906811,-78.779243,1596104273,32,32004,0,1080,
1819,1,19,4003,0,300,380,tcbfl,385,42.882889,-78.874901,1596104289,4,4003,0,1016,
1822,6,19,6001,0,-120,382,twyml,380,42.908764,-78.772171,1596104295,6,6001,0,1021,
1824,0,0,15004,4,300,388,sogat,393,42.843452,-78.767960,1596104293,15,15004,0,1070,
1903,3,20,5002,0,-420,378,tonvl,371,42.959915,-78.907921,1596104298,5,5002,0,3015,
1904,55,20,55033,0,-180,382,nfb56,379,43.095104,-79.020363,1596104315,55,55033,0,3103,
1905,20,19,20007,0,0,383,elken,383,42.970997,-78.878807,1596104313,20,20007,0,3005,
1907,0,0,34003,4,-240,381,audbn,377,43.029518,-78.822121,1596104206,34,34003,0,3098,
1908,40,19,55032,0,0,393,giplz,393,43.083721,-79.058891,1596104304,55,55032,0,3102,
1909,11,20,3003,0,-180,385,clvkn,382,42.935440,-78.866196,1596104260,3,3003,0,3003,
1910,50,20,50019,0,60,383,mlnfb,384,43.075718,-78.968216,1596104290,50,50019,0,3089,
1912,0,0,3007,4,240,384,tonvl,388,42.960052,-78.907921,1596104310,3,3007,0,3006,
1914,11,19,20002,0,-180,378,ellop,375,42.882584,-78.872108,1596104285,20,20002,0,3037,
1917,20,19,20003,0,-120,387,ellop,385,42.897324,-78.877213,1596104297,20,20003,0,3038,
1918,55,19,55031,0,0,382,pnhyd,382,43.091503,-79.002090,1596104313,55,55031,0,3101,
1921,25,20,25002,0,0,389,dlwkn,389,42.924084,-78.867386,1596104263,25,25002,0,3052,
1922,0,0,35002,4,360,384,covhl,390,43.000038,-78.783371,1596104293,35,35002,0,3032,
2001,26,20,26002,0,-180,386,badlv,383,42.921993,-78.847359,1596104313,26,26002,0,2079,
2004,8,19,18001,0,0,383,wtfrt,383,42.883492,-78.876503,1596104294,18,18001,0,2039,
2006,47,20,47001,0,-60,382,mnun,381,42.960686,-78.775703,1596104258,47,47001,0,2034,
2010,13,19,13002,0,0,390,dlvgr,390,42.944321,-78.814003,1596104302,13,13002,0,2033,
2015,24,19,24001,0,60,380,marmn,381,42.878929,-78.878510,1596104298,24,24001,0,2064,
2128,4,19,2004,0,60,379,tcbfl,380,42.883053,-78.875648,1596104269,2,2004,0,1010,
2130,19,19,19005,0,-300,386,baken,381,42.957386,-78.819183,1596104202,19,19005,0,1055,
2218,50,19,50018,0,60,380,olopc,381,43.154369,-79.035477,1596104283,50,50018,0,3088,
2502,1,20,2003,0,120,379,goeth,381,42.889652,-78.799866,1596104303,2,2003,0,1009,
2503,0,0,69001,4,-840,416,alden,402,42.887039,-78.814491,1596104315,69,69001,0,1056,
2507,0,0,19006,4,720,365,abtba,377,42.857697,-78.829117,1596104305,19,19006,0,1069,
2513,42,19,14003,0,-120,382,lcvtc,380,42.827339,-78.817322,1596104262,14,14003,0,1034,
2514,16,19,16002,0,120,390,mowsh,392,42.871750,-78.864594,1596104291,16,16002,0,1052,
2515,16,19,19004,0,-300,380,splke,375,42.789360,-78.821899,1596104279,19,19004,0,1068,
2606,0,0,26004,4,-300,390,twyml,385,42.930382,-78.819550,1596104315,26,26004,0,2015,
2608,32,20,32003,0,0,384,dlwam,384,42.932056,-78.878212,1596104284,32,32003,0,1003,
2610,15,20,15001,0,60,378,sogat,379,42.827503,-78.754715,1596104301,15,15001,0,1043,
2611,6,19,6002,0,0,385,wtfrt,385,42.882858,-78.874565,1596104303,6,6002,0,1022,
2614,0,0,2006,4,0,415,eaura,415,42.882751,-78.825172,1596104288,2,2006,0,1046,
2615,32,19,4002,0,0,384,amsta,384,42.940254,-78.813896,1596104307,4,4002,0,1015,
2616,2,19,46001,0,120,376,tcbfl,378,42.883492,-78.873192,1596104286,46,46001,0,1101,
2617,0,0,32006,4,120,388,brrtc,390,42.912369,-78.901703,1596104260,32,32006,0,1082,
2618,14,20,14002,0,0,378,abtba,378,42.858082,-78.832657,1596104312,14,14002,0,1033,
2620,19,20,19001,0,60,384,socam,385,42.951859,-78.814003,1596104209,19,19001,0,1065,
2625,15,19,15002,0,60,389,lterr,390,42.878735,-78.858116,1596104292,15,15002,0,1044,
2627,4,20,4001,0,120,380,michl,382,42.897572,-78.808762,1596104258,4,4001,0,1014,
2628,14,19,14004,0,-240,379,mercy,375,42.844799,-78.809875,1596104246,14,14004,0,1035,
2629,0,0,16004,4,-960,379,mnbfl,363,99.000000,999.000000,1596101036,16,16004,0,1054,
2630,32,20,6004,0,-300,380,clwbr,375,42.944954,-78.787018,1596104300,6,6004,0,1024,
2701,26,19,26003,0,-60,382,badlv,381,42.922817,-78.804741,1596104311,26,26003,0,2078,
2702,0,0,48002,4,-420,387,socam,380,42.955074,-78.821785,1596104317,48,48002,0,2095,
2703,23,19,23001,0,-60,377,hrtpk,376,42.947704,-78.856850,1596104275,23,23001,0,2049,
2706,12,20,12004,0,0,379,badlv,379,42.914677,-78.814194,1596104253,12,12004,0,2011,
2707,23,20,23003,0,420,383,brrtc,390,42.945644,-78.907623,1596104042,23,23003,0,2051,
2713,0,0,44002,4,-180,378,lkpt,375,43.167786,-78.696457,1596104263,44,44002,0,2084,
8205,45,99,45205,99,99999,9999,,9999,42.875134,-78.796181,1596104113,45,0,0,45205,
8206,45,99,45206,99,99999,9999,,9999,43.094582,-78.986977,1596104288,45,0,0,45206,
8208,45,99,45208,99,99999,9999,,9999,42.927631,-78.808571,1596104282,45,0,0,45208,
8211,45,99,45211,99,99999,9999,,9999,43.034496,-78.822159,1596104187,45,0,0,45211,
8216,45,99,45216,99,99999,9999,,9999,42.866745,-78.709747,1596104292,45,0,0,45216,
8218,45,99,45218,99,99999,9999,,9999,42.981915,-78.896301,1596104266,45,0,0,45218,
8220,45,99,45220,99,99999,9999,,9999,42.887012,-78.879890,1596104279,45,0,0,45220,
8222,45,99,45222,99,99999,9999,,9999,42.969456,-78.798187,1596104265,45,0,0,45222,
8224,45,99,45224,99,99999,9999,,9999,42.911846,-78.721252,1596104148,45,0,0,45224,
8232,45,99,45232,99,99999,9999,,9999,42.980896,-78.889046,1596104218,45,0,0,45232,
8233,45,99,45233,99,99999,9999,,9999,99.000000,999.000000,1596098131,45,0,0,45233,
8234,45,99,45234,99,99999,9999,,9999,43.002155,-78.854652,1596104299,45,0,0,45234,
8236,45,99,45236,99,99999,9999,,9999,99.000000,999.000000,1596099746,45,0,0,45236,
8237,45,99,45237,99,99999,9999,,9999,42.990330,-78.713135,1596104245,45,0,0,45237,
8238,45,99,45238,99,99999,9999,,9999,42.883659,-78.878067,1596104259,45,0,0,45238,
8302,45,99,45302,99,99999,9999,,9999,43.002842,-78.881676,1596104295,45,0,0,45302,
8306,45,99,45306,99,99999,9999,,9999,42.959393,-78.890312,1596104191,45,0,0,45306,
8308,45,99,45308,99,99999,9999,,9999,42.949989,-78.890945,1596104297,45,0,0,45308,
8309,45,99,45309,99,99999,9999,,9999,42.960079,-78.889534,1596104276,45,0,0,45309,
