777,888,99,888888,99,99999,9999,,9999,42.916191,-78.861053,1596121059,888,0,0,888888,
1001,22,20,22001,0,0,660,twyml,660,42.903267,-78.783371,1596120998,22,22001,0,2044,
1002,8,19,8003,0,0,680,wtfrt,680,42.880112,-78.882790,1596120973,8,8003,0,2003,
1003,12,19,12002,0,-120,660,utica,658,42.911186,-78.856255,1596121039,12,12002,0,2009,
1004,44,20,44001,0,-180,666,crspt,663,42.998032,-78.783928,1596120837,44,44001,0,2083,
1006,12,20,12009,0,-60,662,badlv,661,42.914402,-78.824539,1596121014,12,12009,0,2018,
1007,8,19,8002,0,-120,665,dlvst,663,42.938465,-78.840065,1596121020,8,8002,0,2002,
1008,12,19,12001,0,120,668,nghmp,670,42.910854,-78.899879,1596120983,12,12001,0,2008,
1010,12,20,12007,0,0,660,ctyli,660,42.958733,-78.814529,1596121041,12,12007,0,2014,
1017,26,20,26001,0,0,685,twyml,685,42.903156,-78.783485,1596121031,26,26001,0,2077,
1023,16,20,16008,0,0,660,spkls,660,42.874306,-78.871437,1596121024,16,16008,0,1059,
1025,14,20,14001,0,120,659,abtba,661,42.858166,-78.832695,1596121056,14,14001,0,1032,
1027,2,20,2002,0,99999,9999,fltbk,659,42.859291,-78.697090,1596121060,2,2002,0,1008,
1029,15,19,15005,0,99999,9999,lterr,660,42.876671,-78.869911,1596121028,15,15005,1,1019,
1030,6,20,6003,0,99999,9999,glrml,667,42.910030,-78.763641,1596120236,6,6003,0,1023,
1031,2,19,1002,0,0,660,tcbfl,660,42.883518,-78.872635,1596120877,1,1002,0,1002,
1040,0,0,15006,4,-300,670,lterr,665,42.879284,-78.839134,1596121037,15,15006,0,1047,
1044,32,20,32001,0,0,670,twyml,670,42.902798,-78.783669,1596120432,32,32001,0,1077,
1047,0,0,14007,4,-600,669,brrtc,659,42.887066,-78.886475,1596121063,14,14007,0,1039,
1049,19,20,19003,0,180,657,socam,660,42.954964,-78.820000,1596120977,19,19003,0,1067,
1050,32,19,32002,0,-240,664,ungen,660,42.907143,-78.756271,1596121027,32,32002,0,1078,
1052,2,20,2001,0,99999,9999,fltbk,355,42.881348,-78.850746,1596121054,2,2001,1,1007,
1055,12,19,12005,0,60,659,knegt,660,42.944267,-78.803474,1596121040,12,12005,0,2012,
1056,23,20,23002,0,60,658,mnfil,659,42.939209,-78.839058,1596121050,23,23002,0,2050,
1057,12,20,12006,0,0,657,utica,657,42.911488,-78.865227,1596121013,12,12006,0,2013,
1061,24,20,24005,0,-60,661,genmn,660,42.885502,-78.872040,1596121048,24,24005,0,2068,
1062,24,19,24003,0,0,663,genfl,663,42.911926,-78.815643,1596121062,24,24003,0,2066,
1066,155,19,155001,0,0,660,falls,660,43.084213,-79.060638,1596120852,155,155001,0,3112,
1104,8,20,48001,0,-240,668,mnaln,664,42.879230,-78.875351,1596121061,48,48001,0,2094,
1105,49,19,49001,0,-120,657,shhop,655,42.978725,-78.740082,1596121060,49,49001,0,2099,
1106,13,19,44003,0,120,659,dlvgr,661,42.926338,-78.830421,1596121014,44,44003,0,2085,
1109,8,20,8001,0,480,655,socam,663,42.958649,-78.814713,1596121005,8,8001,0,2001,
1110,47,20,24004,0,99999,9999,airpt,652,42.934147,-78.730476,1596120991,24,24004,1,2067,
1112,22,20,22003,0,0,664,bstgn,664,42.903870,-78.859604,1596121043,22,22003,0,2022,
1114,48,20,13001,0,0,658,mnun,658,42.959778,-78.762863,1596120967,13,13001,0,2032,
1115,13,19,44004,0,0,655,utica,655,42.911434,-78.865227,1596121039,44,44004,0,2086,
1118,26,19,22002,0,-120,659,elmdv,657,42.922352,-78.867088,1596121012,22,22002,0,2045,
1120,0,0,12012,4,180,667,ctyli,670,42.940609,-78.837532,1596121053,12,12012,0,2023,
1126,0,0,23011,4,0,700,abtba,700,99.000000,999.000000,1596121038,23,23011,0,2059,
1127,23,20,23005,0,-60,659,bdyfl,658,42.884674,-78.839172,1596121007,23,23005,0,2053,
1128,23,19,23010,0,0,664,hrtpk,664,42.947731,-78.874496,1596121049,23,23010,0,2042,
1129,24,20,24002,0,0,658,airpt,658,42.934093,-78.730667,1596120995,24,24002,0,2065,
1203,1,20,15003,0,0,664,aptml,664,42.884289,-78.783707,1596121035,15,15003,0,1045,
1204,16,20,16003,0,120,659,splke,661,42.803387,-78.823982,1596121018,16,16003,0,1053,
1206,16,19,16001,0,60,663,bnmc,664,42.890396,-78.868050,1596121049,16,16001,0,1051,
1207,4,20,1001,0,0,659,michl,659,42.897243,-78.810730,1596120965,1,1001,0,1001,
1211,42,20,42003,0,-180,660,spkls,657,42.874912,-78.871033,1596121020,42,42003,0,1097,
1303,155,20,155002,0,0,660,nfia,660,43.101624,-78.939598,1596120560,155,155002,0,3113,
1501,3,20,20012,0,99999,9999,frgrt,631,42.915173,-78.890350,1596119358,20,20012,0,3025,
1502,5,19,5005,0,0,667,ngvrg,667,42.913219,-78.899689,1596121050,5,5005,0,3018,
1504,25,19,25003,0,-120,657,dlwkn,655,42.958870,-78.869728,1596121029,25,25003,0,3053,
1506,3,20,34001,0,0,661,sklmt,661,42.945423,-78.891243,1596121027,34,34001,0,3063,
1507,0,0,40010,4,-240,676,tcbfl,672,42.959530,-78.889977,1596121019,40,40010,0,3082,
1508,5,20,5006,0,0,690,socam,690,42.954334,-78.820816,1596120933,5,5006,0,3019,
1511,5,20,5004,0,-300,665,brrtc,660,42.922047,-78.898315,1596121026,5,5004,0,3017,
1514,40,19,55035,0,0,673,tcbfl,673,42.928181,-78.897568,1596121023,55,55035,0,3106,
1517,25,20,25001,0,0,658,dlwdv,658,42.922020,-78.867271,1596121045,25,25001,0,3051,
1520,0,0,52028,4,0,658,nftc,658,43.100658,-78.979866,1596120979,52,52028,0,3099,
1605,0,0,25006,4,0,660,socam,660,42.955158,-78.820335,1596120890,25,25006,0,3058,
1610,5,19,5001,0,-300,664,dlwkn,659,42.958347,-78.833549,1596120958,5,5001,0,3014,
1612,20,20,20004,0,0,664,elmdv,664,42.908794,-78.877098,1596121022,20,20004,0,3039,
1614,20,19,40002,0,-180,656,elken,653,42.957603,-78.878479,1596121006,40,40002,0,3077,
1615,3,20,3004,0,120,659,frgrt,661,42.911404,-78.894852,1596121011,3,3004,0,3004,
1616,40,19,40007,0,-120,658,casno,656,43.088699,-79.059303,1596121058,40,40007,0,3057,
1622,34,19,5007,0,-240,667,audbn,663,43.035484,-78.822906,1596121018,5,5007,0,3020,
1701,11,20,20005,0,-120,657,clvkn,655,42.956890,-78.858856,1596121018,20,20005,0,3040,
1702,20,20,20001,0,0,662,orch,662,42.988403,-78.873077,1596121036,20,20001,0,3036,
1708,0,0,55038,4,0,715,prtc,715,42.959034,-78.890129,1596121041,55,55038,0,3108,
1711,40,19,40005,0,0,643,tcbfl,643,42.914898,-78.899391,1596121057,40,40005,0,3079,
1714,52,20,52026,0,-60,659,nfb56,658,43.093758,-79.010765,1596121037,52,52026,0,3096,
1715,3,19,3002,0,-120,668,trcem,666,42.913853,-78.890388,1596121053,3,3002,0,3002,
1716,0,0,50022,4,480,691,olopc,699,42.980595,-78.908363,1596121026,50,50022,0,3094,
1718,23,19,23004,0,0,665,abtba,665,42.857643,-78.828636,1596121056,23,23004,0,2052,
1720,12,19,12003,0,-60,666,filut,665,42.919876,-78.813744,1596121013,12,12003,0,2010,
1801,3,19,3001,0,0,669,frgrt,669,42.945972,-78.891319,1596121028,3,3001,0,3001,
1802,0,0,50021,4,120,661,nftc,663,43.100742,-78.979942,1596120934,50,50021,0,3092,
1803,40,20,40008,0,60,658,falls,659,43.084766,-79.061722,1596121036,40,40008,0,3080,
1806,25,19,20006,0,0,675,ellop,675,42.882530,-78.872559,1596120896,20,20006,0,3041,
1807,55,19,55036,0,0,657,nfia,657,43.099506,-78.940636,1596121031,55,55036,0,3107,
1809,55,20,40009,0,-60,663,pnhyd,662,43.094719,-79.048950,1596121035,40,40009,0,3081,
1810,11,19,11001,0,-60,658,dlwdv,657,42.927658,-78.867828,1596121007,11,11001,0,3031,
1811,34,20,34002,0,-180,663,hazwd,660,43.035980,-78.810432,1596121047,34,34002,0,3064,
1812,50,20,50020,0,60,668,mlnfb,669,43.077782,-79.002052,1596121038,50,50020,0,3090,
1813,35,19,35001,0,0,665,brrtc,665,42.945313,-78.907135,1596121046,35,35001,0,3071,
1814,0,0,40001,6,1560,634,ellop,660,42.882557,-78.872223,1596121055,40,40001,0,3076,
1815,3,20,5003,0,99999,9999,trcem,665,42.882614,-78.872299,1596121043,5,5003,0,3016,
1816,5,20,5012,0,0,664,ngfry,664,42.901230,-78.892059,1596121028,5,5012,0,3026,
1817,19,19,19002,0,0,667,abtba,667,42.857586,-78.828674,1596121060,19,19002,0,1066,
1818,32,20,32004,0,-300,660,dlwam,655,42.940117,-78.878510,1596121045,32,32004,0,1080,
1819,4,19,4003,0,-120,660,bdyba,658,42.898617,-78.801018,1596121062,4,4003,0,1016,
1822,6,19,6001,0,-360,663,wldba,657,42.907333,-78.791039,1596121007,6,6001,0,1021,
1824,0,0,42004,4,-420,647,sogat,640,42.841774,-78.754341,1596121052,42,42004,0,1098,
1902,5,20,34006,0,0,658,kenml,658,42.960876,-78.889084,1596121035,34,34006,0,3066,
1904,3,19,55033,0,60,659,ellop,660,42.883026,-78.875572,1596121027,55,55033,0,3103,
1905,0,0,34007,4,120,658,socam,660,42.955158,-78.820969,1596121024,34,34007,0,3067,
1908,55,19,55032,0,0,664,casno,664,43.095131,-79.038086,1596121030,55,55032,0,3102,
1909,5,20,3003,0,120,659,socam,661,42.957798,-78.818886,1596121029,3,3003,0,3003,
1910,55,19,50019,0,0,660,prtc,660,43.099396,-79.051559,1596120707,50,50019,0,3089,
1912,5,19,3007,0,-240,666,brrtc,662,42.954716,-78.899132,1596121021,3,3007,0,3006,
1914,20,19,20002,0,0,680,ellop,680,42.882557,-78.872070,1596120878,20,20002,0,3037,
1915,20,20,20011,0,120,666,dlwsh,668,42.959969,-78.878700,1596121016,20,20011,0,3043,
1916,55,20,40006,0,-180,668,nfia,665,43.093014,-78.973763,1596121016,40,40006,0,3009,
1917,3,19,20003,0,0,660,ellop,660,42.882584,-78.872368,1596121011,20,20003,0,3038,
1918,55,20,55031,0,0,688,nfia,688,43.101540,-78.939369,1596120885,55,55031,0,3101,
1921,5,19,25002,0,120,659,ellop,661,42.883053,-78.875725,1596121032,25,25002,0,3052,
1922,0,0,3009,4,-360,662,tonvl,656,42.959255,-78.890053,1596121057,3,3009,0,3010,
2001,26,20,26002,0,60,654,twyml,655,42.903046,-78.783821,1596120620,26,26002,0,2079,
2004,18,19,18001,0,99999,9999,spkls,642,42.861740,-78.848625,1596121022,18,18001,1,2039,
2010,44,20,13002,0,0,653,lkpt,653,43.170235,-78.690544,1596121037,13,13002,0,2033,
2015,24,20,24001,0,60,658,ungen,659,42.926723,-78.755829,1596121017,24,24001,0,2064,
2128,1,19,2004,0,0,655,tcbfl,655,42.883492,-78.873268,1596121058,2,2004,0,1010,
2130,16,20,16007,0,240,671,mcmal,675,42.782597,-78.808868,1596120983,16,16007,0,1055,
2215,35,20,35004,0,300,665,covhl,670,43.000038,-78.783630,1596120851,35,35004,0,3073,
2218,50,19,50018,0,60,661,olopc,662,43.154396,-79.035439,1596121006,50,50018,0,3088,
2502,4,19,2003,0,120,653,tcbfl,655,42.883438,-78.872635,1596120757,2,2003,0,1009,
2507,19,19,19006,0,0,660,bagen,660,42.922241,-78.814041,1596121026,19,19006,0,1069,
2513,14,19,14003,0,0,657,mowsh,657,42.887562,-78.873039,1596121000,14,14003,0,1034,
2514,16,19,16002,0,-120,661,rdgsp,659,42.816227,-78.824280,1596121008,16,16002,0,1052,
2515,19,20,19004,0,-180,661,winsp,658,42.939896,-78.813896,1596121062,19,19004,0,1068,
2610,15,20,15001,0,0,664,scl,664,42.861687,-78.818657,1596121027,15,15001,0,1043,
2611,6,20,6002,0,-240,659,wldba,655,42.903511,-78.821045,1596121022,6,6002,0,1022,
2612,32,19,32010,0,0,660,dlwam,660,42.941463,-78.854950,1596121050,32,32010,0,1086,
2613,14,19,14006,0,-60,661,mercy,660,42.838585,-78.807938,1596121023,14,14006,0,1038,
2615,1,19,4002,0,-180,660,nolvj,657,42.885254,-78.801239,1596121027,4,4002,0,1015,
2616,46,19,46001,0,-300,667,wldtr,662,42.907555,-78.758362,1596121011,46,46001,0,1101,
2617,32,20,32006,0,0,659,ungen,659,42.931808,-78.754524,1596121041,32,32006,0,1082,
2618,14,20,14002,0,60,658,eccs,659,42.773987,-78.792679,1596121035,14,14002,0,1033,
2620,19,20,19001,0,0,659,bdyba,659,42.889984,-78.814377,1596121055,19,19001,0,1065,
2625,15,19,15002,0,-180,668,scl,665,42.830143,-78.753853,1596121008,15,15002,0,1044,
2627,2,20,4001,0,0,658,cltba,658,42.872051,-78.820518,1596121040,4,4001,0,1014,
2630,6,19,6004,0,-60,655,wtfrt,654,42.881596,-78.882126,1596121054,6,6004,0,1024,
2701,26,20,26003,0,0,668,badlv,668,42.922104,-78.854576,1596121037,26,26003,0,2078,
2702,48,19,48002,0,-180,663,mnegt,660,42.960274,-78.761002,1596121042,48,48002,0,2095,
2703,23,19,23001,0,-60,659,flfry,658,42.921692,-78.839729,1596121061,23,23001,0,2049,
2706,12,20,12004,0,0,664,elmut,664,42.915226,-78.890831,1596121038,12,12004,0,2011,
2707,23,20,23003,0,300,660,brrtc,665,42.945671,-78.907623,1596120766,23,23003,0,2051,
2709,12,20,12011,0,-180,659,knegt,656,42.932636,-78.799263,1596121049,12,12011,0,2021,
2713,13,20,44002,0,0,664,socam,664,42.950840,-78.813934,1596121045,44,44002,0,2084,
6015,444,99,444444,99,99999,9999,,9999,42.883797,-78.871666,1596119503,444,0,0,444444,
8141,45,99,45094,99,99999,9999,,9999,42.945724,-78.906731,1596120921,45,0,0,45094,
8149,45,99,45991,99,99999,9999,,9999,42.938602,-78.890129,1596121039,45,0,0,45991,
8152,45,99,45990,99,99999,9999,,9999,42.943554,-78.815941,1596120962,45,0,0,45990,
8201,45,99,45201,99,99999,9999,,9999,42.926971,-78.838242,1596121058,45,0,0,45201,
8205,45,99,45205,99,99999,9999,,9999,42.875351,-78.791336,1596120950,45,0,0,45205,
8206,45,99,45206,99,99999,9999,,9999,42.994068,-78.879852,1596121061,45,0,0,45206,
8208,45,99,45208,99,99999,9999,,9999,42.906181,-78.877396,1596121009,45,0,0,45208,
8211,45,99,45211,99,99999,9999,,9999,42.958595,-78.878922,1596121033,45,0,0,45211,
8216,45,99,45216,99,99999,9999,,9999,42.996902,-78.728394,1596121031,45,0,0,45216,
8217,45,99,45217,99,99999,9999,,9999,42.947128,-78.802391,1596121006,45,0,0,45217,
8218,45,99,45218,99,99999,9999,,9999,42.945946,-78.868980,1596121050,45,0,0,45218,
8219,45,99,45219,99,99999,9999,,9999,42.959999,-78.890160,1596121031,45,0,0,45219,
8220,45,99,45220,99,99999,9999,,9999,42.914017,-78.766884,1596121013,45,0,0,45220,
8221,45,99,45221,99,99999,9999,,9999,42.962196,-78.749237,1596121052,45,0,0,45221,
8222,45,99,45222,99,99999,9999,,9999,42.973721,-78.694000,1596121048,45,0,0,45222,
8224,45,99,45224,99,99999,9999,,9999,42.933102,-78.781364,1596120993,45,0,0,45224,
8225,45,99,45225,99,99999,9999,,9999,42.959202,-78.891541,1596121014,45,0,0,45225,
8226,45,99,45226,99,99999,9999,,9999,43.103931,-79.052040,1596121051,45,0,0,45226,
8227,45,99,45227,99,99999,9999,,9999,42.983261,-78.906357,1596120774,45,0,0,45227,
8229,45,99,45229,99,99999,9999,,9999,42.934780,-78.842072,1596120833,45,0,0,45229,
8232,45,99,45232,99,99999,9999,,9999,42.868698,-78.701225,1596120640,45,0,0,45232,
8233,45,99,45233,99,99999,9999,,9999,99.000000,999.000000,1596113295,45,0,0,45233,
8236,45,99,45236,99,99999,9999,,9999,99.000000,999.000000,1596099746,45,0,0,45236,
8237,45,99,45237,99,99999,9999,,9999,43.018822,-78.797775,1596121021,45,0,0,45237,
8240,45,99,45240,99,99999,9999,,9999,42.959694,-78.890236,1596121025,45,0,0,45240,
8241,45,99,45241,99,99999,9999,,9999,42.891521,-78.867569,1596121029,45,0,0,45241,
