1003,23,19,23017,0,0,940,abtba,940,42.857479,-78.828743,1596137188,23,23017,0,2055,
1004,26,20,12022,0,0,928,dlvst,928,42.922184,-78.860199,1596137227,12,12022,0,2028,
1005,0,0,48006,4,0,928,socam,928,42.954636,-78.821045,1596137194,48,48006,0,2098,
1007,24,19,24015,0,0,930,andrw,930,42.923641,-78.778610,1596137188,24,24015,0,2072,
1008,23,19,23015,0,-240,935,hrtpk,931,42.947678,-78.876320,1596137191,23,23015,0,2058,
1010,23,19,66003,0,0,928,flfry,928,42.922020,-78.839500,1596137191,66,66003,0,2056,
1014,22,20,18005,0,0,955,twyml,955,42.903156,-78.783447,1596137173,18,18005,0,2043,
1016,0,0,24010,5,-720,888,colds,876,42.877277,-78.877769,1596137094,24,24010,0,2070,
1017,18,20,18004,0,240,916,dlvst,920,42.904804,-78.854057,1596137180,18,18004,0,2041,
1018,47,20,13004,0,-60,926,mnun,925,42.960712,-78.757240,1596137199,13,13004,0,2034,
1020,2,20,2009,0,0,929,fern,929,42.871338,-78.795357,1596137202,2,2009,0,1012,
1021,32,19,32011,0,0,930,amsta,930,42.940170,-78.827965,1596137208,32,32011,0,1083,
1022,19,19,19009,0,0,933,bdyba,933,42.911846,-78.813820,1596137228,19,19009,0,1070,
1023,16,20,16008,0,120,929,spkls,931,42.872299,-78.868240,1596137234,16,16008,0,1059,
1025,6,19,6011,0,0,927,wldba,927,42.904888,-78.813705,1596137193,6,6011,0,1025,
1026,1,20,1003,0,180,929,nolvj,932,42.889736,-78.809837,1596137198,1,1003,0,1006,
1027,1,19,4007,0,0,934,wmmgn,934,42.885033,-78.838608,1596137211,4,4007,0,1017,
1029,32,19,32012,0,0,935,brrtc,935,42.945423,-78.906799,1596137221,32,32012,0,1079,
1032,4,19,76002,0,0,927,bdyfl,927,42.893116,-78.839020,1596137203,76,76002,0,1103,
1038,6,20,6008,0,99999,9999,wldba,889,42.903458,-78.820747,1596134672,6,6008,0,1028,
1040,15,19,15006,0,-60,932,scl,931,42.837952,-78.778122,1596137186,15,15006,0,1047,
1043,16,19,14011,0,-120,934,bgtsp,932,42.740463,-78.825134,1596137207,14,14011,0,1041,
1044,42,19,42005,0,0,930,mohel,930,42.886929,-78.872147,1596137056,42,42005,0,1035,
1045,15,20,15007,0,60,930,basen,931,42.870567,-78.834625,1596137236,15,15007,0,1048,
1047,14,20,14007,0,-120,927,abtba,925,42.857697,-78.831276,1596137198,14,14007,0,1039,
1048,32,20,32013,0,0,942,twyml,942,42.902798,-78.783707,1596137210,32,32013,0,1087,
1049,4,20,4006,0,180,930,twyml,933,42.904724,-78.780617,1596137222,4,4006,0,1019,
1052,15,20,15008,0,0,946,sogat,946,42.827778,-78.754486,1596137039,15,15008,0,1046,
1057,8,19,13005,0,0,950,wtfrt,950,42.880302,-78.882980,1596137164,13,13005,0,2035,
1061,26,20,26005,0,720,890,twyml,902,43.042030,-78.743362,1596136133,26,26005,0,2092,
1062,44,19,44007,0,60,932,socam,933,42.969540,-78.808167,1596137201,44,44007,0,2088,
1065,13,20,44006,0,60,928,winsp,929,42.948006,-78.813637,1596137213,44,44006,0,2089,
1066,155,20,155001,0,0,930,4pts,930,43.084545,-78.981804,1596137179,155,155001,0,3112,
1104,0,0,47004,4,0,945,socam,945,42.917042,-78.861877,1596136975,47,47004,0,2093,
1105,44,20,44008,0,60,928,lkpt,929,43.155521,-78.696831,1596137092,44,44008,0,2087,
1108,24,19,24011,0,0,930,marmn,930,42.877331,-78.877953,1596137189,24,24011,0,2069,
1109,8,20,8007,0,-60,934,socam,933,42.940472,-78.837646,1596137224,8,8007,0,2004,
1110,18,20,18006,0,-180,938,genjf,935,42.869991,-78.854767,1596137214,18,18006,0,2042,
1111,23,20,23012,0,0,937,brrtc,937,42.947788,-78.877251,1596137224,23,23012,0,2057,
1112,12,19,12020,0,-60,932,utica,931,42.911049,-78.847099,1596137226,12,12020,0,2022,
1114,12,19,12016,0,-120,936,knegt,934,42.949245,-78.821823,1596137186,12,12016,0,2026,
1116,23,20,23014,0,-300,927,flfry,922,42.914349,-78.839058,1596137221,23,23014,0,2061,
1118,23,20,23018,0,-180,936,bdyfl,933,42.863197,-78.842926,1596137196,23,23018,0,2020,
1119,12,19,12013,0,360,941,nghmp,947,42.910912,-78.899879,1596137150,12,12013,0,2024,
1120,12,20,12012,0,0,933,utica,933,42.911240,-78.875420,1596137205,12,12012,0,2023,
1124,13,19,8008,0,-120,927,utica,925,42.911404,-78.865227,1596137224,8,8008,0,2007,
1126,23,20,23011,0,0,945,brrtc,945,42.945587,-78.906761,1596137192,23,23011,0,2059,
1127,26,20,22006,0,0,929,twyml,929,42.903732,-78.781662,1596137218,22,22006,0,2047,
1128,12,20,12017,0,0,930,ctyli,930,42.958679,-78.814751,1596137141,12,12017,0,2027,
1129,24,19,24012,0,-180,928,genmn,925,42.895374,-78.856033,1596137206,24,24012,0,2018,
1130,22,20,22004,0,0,928,bstmn,928,42.904640,-78.871773,1596137195,22,22004,0,2046,
1202,2,20,2008,0,0,935,fltbk,935,42.847496,-78.697311,1596137075,2,2008,0,1011,
1204,46,19,46003,0,180,933,twyml,936,42.908379,-78.773170,1596137230,46,46003,0,1102,
1205,2,19,1005,0,-240,932,tcbfl,928,42.886326,-78.877396,1596137219,1,1005,0,1004,
1206,4,19,4005,0,0,930,tcbfl,930,42.883602,-78.872444,1596137201,4,4005,0,1018,
1207,14,20,16012,0,0,943,spkls,943,42.890339,-78.868385,1596137225,16,16012,0,1058,
1208,14,19,14010,0,180,934,mowsh,937,42.886822,-78.871887,1596137234,14,14010,0,1037,
1211,32,20,32014,0,-120,927,twyml,925,42.902386,-78.783783,1596137231,32,32014,0,1085,
1212,19,20,19011,0,0,918,socam,918,42.956177,-78.813934,1596137212,19,19011,0,1071,
1213,12,19,12014,0,0,930,badlv,930,42.929886,-78.807121,1596137185,12,12014,0,2025,
1303,155,19,155002,0,-60,927,econo,926,43.089634,-78.989586,1596137183,155,155002,0,3113,
1501,0,0,50024,4,99999,9999,prtc,775,43.009056,-78.957497,1596126076,50,50024,0,3091,
1502,34,19,34009,0,99999,9999,socam,895,43.027538,-78.815460,1596137159,34,34009,0,3069,
1505,3,20,3013,0,0,937,sklmt,937,42.931671,-78.888901,1596137214,3,3013,0,3007,
1507,55,20,40010,0,-60,933,pnhyd,932,43.094692,-79.048805,1596137231,40,40010,0,3082,
1508,35,19,35006,0,0,960,brrtc,960,42.945313,-78.907135,1596136552,35,35006,0,3074,
1511,35,19,35005,0,-60,928,dlwsh,927,42.981033,-78.863770,1596137235,35,35005,0,3072,
1512,5,19,5015,0,-180,940,brrtc,937,42.960686,-78.894257,1596137202,5,5015,0,3021,
1514,11,19,11004,0,0,935,clvkn,935,42.984749,-78.858711,1596137225,11,11004,0,3106,
1517,55,19,55041,0,-180,937,mlnfb,934,43.073929,-78.933716,1596137206,55,55041,0,3109,
1518,0,0,3016,4,1200,895,socam,915,42.958679,-78.858414,1596137170,3,3016,0,3079,
1519,40,20,40012,0,0,957,prtc,957,43.099644,-79.051445,1596137238,40,40012,0,3084,
1520,52,20,52028,0,0,936,prtc,936,43.110641,-79.049103,1596137129,52,52028,0,3099,
1601,20,19,20013,0,0,936,elmnr,936,42.918858,-78.877098,1596137219,20,20013,0,3045,
1603,55,19,40011,0,-120,930,casno,928,43.094501,-79.056099,1596137221,40,40011,0,3083,
1604,52,19,52029,0,-120,934,lkhyd,932,43.102585,-79.052116,1596137227,52,52029,0,3098,
1605,25,20,25006,0,180,928,orch,931,42.985931,-78.872963,1596137220,25,25006,0,3058,
1606,11,19,25009,0,120,943,ellop,945,42.882530,-78.872482,1596137237,25,25009,0,3059,
1610,5,19,3012,0,0,950,ellop,950,42.882557,-78.872597,1596137229,3,3012,0,3009,
1612,3,19,11005,0,120,938,ellop,940,42.882557,-78.872108,1596137232,11,11005,0,3034,
1614,40,19,40013,0,0,935,ngvln,935,42.999596,-78.939148,1596137158,40,40013,0,3078,
1615,34,19,34010,0,-240,941,audbn,937,43.031059,-78.821899,1596137222,34,34010,0,3065,
1616,25,20,25011,0,-240,932,dlwnr,928,42.893532,-78.875687,1596137237,25,25011,0,3057,
1617,20,19,20015,0,-180,932,elken,929,42.976799,-78.878777,1596137181,20,20015,0,3042,
1701,3,19,11006,0,0,939,frgrt,939,42.942371,-78.891876,1596137230,11,11006,0,3035,
1702,3,19,3014,0,-60,926,ellop,925,42.882614,-78.872368,1596137185,3,3014,0,3090,
1703,5,20,5017,0,180,932,socam,935,42.958237,-78.832581,1596137204,5,5017,0,3028,
1708,55,20,55038,0,60,935,nfia,936,43.089275,-78.972763,1596137072,55,55038,0,3108,
1711,20,19,35007,0,0,930,ellop,930,42.882530,-78.872070,1596137149,35,35007,0,3075,
1714,20,20,3010,0,-120,937,elmnr,935,42.886269,-78.877060,1596137187,3,3010,0,3008,
1715,25,20,25012,0,0,933,mdcty,933,43.050636,-78.876129,1596137208,25,25012,0,3056,
1716,50,20,50022,0,0,960,nftc,960,43.100658,-78.979942,1596137235,50,50022,0,3094,
1718,24,20,24013,0,60,932,andrw,933,42.913277,-78.812035,1596137225,24,24013,0,2054,
1720,12,20,12021,0,0,936,knegt,936,42.929829,-78.808723,1596137223,12,12021,0,2016,
1801,25,19,25007,0,-60,927,mnngr,926,43.020828,-78.880371,1596137237,25,25007,0,3054,
1802,50,20,50021,0,60,927,nuniv,928,43.137703,-79.037003,1596137206,50,50021,0,3092,
1803,40,19,40008,0,300,938,tcbfl,943,42.910332,-78.900024,1596137185,40,40008,0,3080,
1807,20,20,20016,0,0,936,orch,936,42.988377,-78.873077,1596136708,20,20016,0,3047,
1808,0,0,34012,4,99999,9999,hazwd,961,42.959034,-78.890053,1596137221,34,34012,0,3093,
1809,40,19,40009,0,-240,926,tcbfl,922,42.883438,-78.872742,1596137184,40,40009,0,3081,
1812,0,0,25008,5,0,946,front,946,42.881569,-78.871964,1596137216,25,25008,0,3097,
1813,0,0,55042,4,120,932,prtc,934,43.099369,-79.051598,1596137197,55,55042,0,3110,
1814,3,20,3015,0,-60,935,frgrt,934,42.900349,-78.884392,1596137202,3,3015,0,3006,
1815,11,20,11002,0,99999,9999,dlwnr,891,43.007133,-78.846802,1596137192,11,11002,0,3032,
1816,20,19,5012,0,120,938,ellop,940,42.882557,-78.872223,1596137238,5,5012,0,3026,
1817,14,19,16014,0,-60,932,mercy,931,42.831379,-78.805374,1596137180,16,16014,0,1062,
1818,19,20,19008,0,-120,934,badlv,932,42.903072,-78.813744,1596137194,19,19008,0,1072,
1819,0,0,42006,4,480,932,lterr,940,42.883137,-78.879707,1596137213,42,42006,0,1099,
1821,0,0,15009,4,-180,940,ellop,937,42.880276,-78.827446,1596137184,15,15009,0,1049,
1822,19,20,19012,0,-120,932,socam,930,42.950867,-78.813675,1596137159,19,19012,0,1074,
1824,42,20,42004,0,0,930,sogat,930,42.827614,-78.754486,1596137128,42,42004,0,1098,
1902,34,19,34006,0,60,932,nfbma,933,43.010323,-78.822495,1596137184,34,34006,0,3066,
1903,5,20,5018,0,-60,926,ngvrg,925,42.893036,-78.884392,1596137194,5,5018,0,3025,
1904,5,20,5019,0,120,930,brrtc,932,42.940308,-78.905205,1596137235,5,5019,0,3105,
1905,34,19,34007,0,0,960,socam,960,42.955101,-78.820259,1596137233,34,34007,0,3067,
1907,20,20,20014,0,120,930,dlwsh,932,42.976112,-78.878624,1596137184,20,20014,0,3046,
1908,3,19,3011,0,-360,930,frgrt,924,42.926037,-78.889717,1596137180,3,3011,0,3005,
1909,5,20,5020,0,0,930,socam,930,42.954361,-78.820930,1596137238,5,5020,0,3023,
1910,20,20,20017,0,120,940,elken,942,42.931396,-78.876984,1596137214,20,20017,0,3044,
1911,0,0,40015,4,540,949,nfia,958,42.984169,-78.884804,1596137200,40,40015,0,3107,
1912,5,20,34008,0,0,930,socam,930,42.954277,-78.820778,1596137172,34,34008,0,3068,
1914,40,20,40014,0,0,932,giplz,932,43.001110,-78.941048,1596137208,40,40014,0,3085,
1915,3,20,20011,0,0,945,tonvl,945,42.960079,-78.907959,1596137168,20,20011,0,3043,
1916,55,19,55039,0,0,945,prtc,945,43.099396,-79.051674,1596136755,55,55039,0,3104,
1918,5,19,5016,0,120,931,ellop,933,42.885914,-78.875725,1596137215,5,5016,0,3024,
1919,25,19,34011,0,-120,937,dlwdv,935,42.947952,-78.868652,1596137201,34,34011,0,3070,
1920,0,0,5014,6,99999,9999,ellop,945,42.882477,-78.872444,1596137153,5,5014,0,3027,
1921,11,20,11003,0,0,931,dlwdv,931,42.910664,-78.870506,1596137182,11,11003,0,3033,
1922,3,20,3009,0,0,930,tonvl,930,42.959888,-78.907990,1596137157,3,3009,0,3010,
2001,48,20,48005,0,-1920,933,mnun,901,42.963352,-78.784302,1596137166,48,48005,0,2096,
2004,0,0,26007,4,-60,926,twyml,925,42.903622,-78.783295,1596137181,26,26007,0,2081,
2011,26,19,26006,0,-180,931,elmdv,928,42.922352,-78.860794,1596137209,26,26006,0,2080,
2015,13,19,13006,0,-180,937,dlvgr,934,42.935963,-78.818848,1596137235,13,13006,0,2036,
2203,5,20,5013,0,0,931,kenml,931,42.958569,-78.895744,1596137186,5,5013,0,3022,
2215,35,20,35004,0,0,938,flint,938,42.980568,-78.817802,1596137224,35,35004,0,3073,
2218,5,19,25010,0,120,930,ngfry,932,42.929527,-78.898056,1596137200,25,25010,0,3060,
2501,6,20,6012,0,180,937,glrml,940,42.911652,-78.765770,1596137222,6,6012,0,1026,
2503,16,19,16010,0,0,933,bnmc,933,42.888908,-78.871254,1596137180,16,16010,0,1056,
2504,19,19,19010,0,0,940,abtba,940,42.857559,-78.828934,1596137193,19,19010,0,1073,
2511,0,0,74003,4,480,916,glrml,924,42.910004,-78.763908,1596137184,74,74003,0,1081,
2512,15,19,14008,0,60,929,lterr,930,42.883327,-78.876579,1596137208,14,14008,0,1040,
2601,8,19,8006,0,0,933,dlvst,933,42.936100,-78.842888,1596137193,8,8006,0,2006,
2602,8,20,8005,0,-180,938,mnaln,935,42.881073,-78.875092,1596137195,8,8005,0,2005,
2604,12,20,12015,0,120,931,filut,933,42.911102,-78.857559,1596137223,12,12015,0,2015,
2605,49,19,48004,0,-60,932,mpltr,931,42.994537,-78.729774,1596137233,48,48004,0,2097,
2606,23,20,23013,0,60,929,brrtc,930,42.945644,-78.907326,1596137056,23,23013,0,2060,
2611,0,0,32017,4,1020,908,twyml,925,42.903484,-78.783600,1596137236,32,32017,0,1089,
2612,32,20,32010,0,-360,932,knhty,926,42.938877,-78.811546,1596137191,32,32010,0,1086,
2613,14,20,14009,0,180,925,eccs,928,42.772530,-78.797478,1596137218,14,14009,0,1036,
2614,6,19,6009,0,0,935,wtfrt,935,42.888580,-78.872444,1596137225,6,6009,0,1029,
2616,0,0,2010,4,900,905,tcbfl,920,42.884483,-78.877396,1596137186,2,2010,0,1082,
2617,1,19,1004,0,99999,9999,tcbfl,910,42.882446,-78.872482,1596137239,1,1004,0,1005,
2618,1,20,1006,0,60,937,aptml,938,42.888554,-78.751472,1596136971,1,1006,0,1003,
2620,32,20,32015,0,-240,929,dlwam,925,42.940472,-78.878143,1596137199,32,32015,0,1084,
2623,16,20,16009,0,0,932,splke,932,42.813999,-78.824356,1596137201,16,16009,0,1060,
2624,6,20,6007,0,-360,941,sycmg,935,42.878956,-78.882607,1596137215,6,6007,0,1027,
2625,32,19,32016,0,60,932,ungen,933,42.911049,-78.754486,1596137210,32,32016,0,1088,
2627,4,20,4008,0,-300,928,bdmgn,923,42.884979,-78.872665,1596137189,4,4008,0,1057,
2628,19,20,19013,0,-60,932,wlmba,931,42.872025,-78.820221,1596137206,19,19013,0,1038,
2629,6,20,6010,0,0,915,sycmg,915,99.000000,999.000000,1596136361,6,6010,0,1096,
2630,16,19,16013,0,60,933,rdgsp,934,42.803493,-78.824165,1596137196,16,16013,0,1061,
2701,24,20,24016,0,-240,932,genmn,928,42.890038,-78.869728,1596137234,24,24016,0,2073,
2703,12,20,12019,0,0,931,socam,931,42.947952,-78.803696,1596137204,12,12019,0,2019,
2704,12,19,12018,0,0,930,nghmp,930,42.915447,-78.887375,1596137191,12,12018,0,2017,
2706,24,20,24014,0,300,926,airpt,931,42.934204,-78.730812,1596137211,24,24014,0,2071,
2707,22,19,22005,0,0,927,bstmn,927,42.904530,-78.867752,1596137207,22,22005,0,2048,
2713,47,19,47003,0,-360,929,eccn,923,42.956753,-78.731300,1596137182,47,47003,0,2091,
8141,45,99,45094,99,99999,9999,,9999,42.945724,-78.906731,1596137131,45,0,0,45094,
8145,45,99,45145,99,99999,9999,,9999,42.882614,-78.872444,1596136302,45,0,0,45145,
8201,45,99,45201,99,99999,9999,,9999,42.892788,-78.869949,1596137202,45,0,0,45201,
8205,45,99,45205,99,99999,9999,,9999,42.941326,-78.892212,1596137237,45,0,0,45205,
8206,45,99,45206,99,99999,9999,,9999,43.035759,-78.841179,1596137113,45,0,0,45206,
8208,45,99,45208,99,99999,9999,,9999,42.913383,-78.690315,1596137182,45,0,0,45208,
8213,45,99,45213,99,99999,9999,,9999,42.949108,-78.785980,1596137144,45,0,0,45213,
8216,45,99,45216,99,99999,9999,,9999,42.955433,-78.878845,1596137203,45,0,0,45216,
8218,45,99,45218,99,99999,9999,,9999,43.093536,-79.035851,1596137234,45,0,0,45218,
8219,45,99,45219,99,99999,9999,,9999,42.931042,-78.762047,1596137165,45,0,0,45219,
8220,45,99,45220,99,99999,9999,,9999,42.840511,-78.848099,1596137128,45,0,0,45220,
8221,45,99,45221,99,99999,9999,,9999,42.972401,-78.823311,1596137192,45,0,0,45221,
8222,45,99,45222,99,99999,9999,,9999,42.889542,-78.834740,1596137216,45,0,0,45222,
8224,45,99,45224,99,99999,9999,,9999,42.891991,-78.751328,1596137170,45,0,0,45224,
8225,45,99,45225,99,99999,9999,,9999,42.958706,-78.815422,1596136855,45,0,0,45225,
8226,45,99,45226,99,99999,9999,,9999,42.962170,-78.888931,1596137194,45,0,0,45226,
8227,45,99,45227,99,99999,9999,,9999,42.976334,-78.823944,1596137152,45,0,0,45227,
8229,45,99,45229,99,99999,9999,,9999,43.014008,-78.841698,1596137211,45,0,0,45229,
8231,45,99,45231,99,99999,9999,,9999,42.931042,-78.810806,1596137219,45,0,0,45231,
8232,45,99,45232,99,99999,9999,,9999,42.769669,-78.838242,1596137164,45,0,0,45232,
8236,45,99,45236,99,99999,9999,,9999,99.000000,999.000000,1596099746,45,0,0,45236,
8237,45,99,45237,99,99999,9999,,9999,43.008179,-78.951096,1596137095,45,0,0,45237,
8238,45,99,45238,99,99999,9999,,9999,42.979576,-78.800194,1596137126,45,0,0,45238,
8239,45,99,45239,99,99999,9999,,9999,42.990742,-78.761635,1596137231,45,0,0,45239,
8240,45,99,45240,99,99999,9999,,9999,42.959805,-78.814232,1596137139,45,0,0,45240,
8241,45,99,45241,99,99999,9999,,9999,42.971577,-78.878960,1596137223,45,0,0,45241,
8301,45,99,45301,99,99999,9999,,9999,42.884563,-78.876350,1596137172,45,0,0,45301,
8307,45,99,45307,99,99999,9999,,9999,42.773796,-78.859787,1596137191,45,0,0,45307,
