777,888,99,888888,99,99999,9999,,9999,42.916164,-78.861053,1596120039,888,0,0,888888,
1001,22,20,22001,0,0,660,twyml,660,42.903267,-78.783371,1596119861,22,22001,0,2044,
1002,8,19,8003,0,60,656,wtfrt,657,42.895344,-78.871330,1596120205,8,8003,0,2003,
1003,12,19,12002,0,-120,652,filut,650,42.919380,-78.813744,1596120211,12,12002,0,2009,
1004,44,20,44001,0,-300,649,mlpsh,644,42.957825,-78.817879,1596120069,44,44001,0,2083,
1006,12,20,12009,0,0,650,filut,650,42.911129,-78.860085,1596120187,12,12009,0,2018,
1007,8,20,8002,0,0,645,socam,645,42.955158,-78.820747,1596119837,8,8002,0,2002,
1008,12,19,12001,0,60,646,elmut,647,42.911297,-78.871849,1596120214,12,12001,0,2008,
1010,12,20,12007,0,60,646,socam,647,42.951252,-78.825172,1596120213,12,12007,0,2014,
1017,26,20,26001,0,60,646,gnhar,647,42.920315,-78.791451,1596120203,26,26001,0,2077,
1018,2,19,2007,0,99999,9999,tcbfl,585,99.000000,999.000000,1596117918,2,2007,0,1037,
1023,0,0,16008,4,0,648,mowsh,648,42.887314,-78.872856,1596120196,16,16008,0,1059,
1025,14,20,14001,0,99999,9999,spkls,653,42.890175,-78.871887,1596120189,14,14001,0,1032,
1027,2,20,2002,0,-60,647,cltun,646,42.862015,-78.781212,1596120173,2,2002,0,1008,
1029,15,19,15005,0,0,644,basen,644,42.865425,-78.822083,1596120183,15,15005,0,1019,
1030,6,20,6003,0,0,667,glrml,667,42.911018,-78.764725,1596120177,6,6003,0,1023,
1031,2,19,1002,0,0,660,tcbfl,660,42.883465,-78.872597,1596120168,1,1002,0,1002,
1044,32,20,32001,0,0,646,twyml,646,42.904667,-78.780579,1596120196,32,32001,0,1077,
1049,19,20,19003,0,960,644,socam,660,42.954937,-78.821342,1596120184,19,19003,0,1067,
1050,32,20,32002,0,-180,643,twyml,640,42.902771,-78.783669,1596120199,32,32002,0,1078,
1052,2,20,2001,0,99999,9999,fltbk,355,42.868835,-78.787170,1596120166,2,2001,1,1007,
1055,12,20,12005,0,0,645,ctyli,645,42.958649,-78.814606,1596120154,12,12005,0,2012,
1056,23,20,23002,0,0,651,flfry,651,42.894821,-78.839241,1596120203,23,23002,0,2050,
1057,12,20,12006,0,0,651,elmut,651,42.915173,-78.893738,1596120185,12,12006,0,2013,
1061,24,19,24005,0,0,645,marmn,645,42.880165,-78.875122,1596120161,24,24005,0,2068,
1062,24,19,24003,0,60,650,andrw,651,42.926365,-78.758102,1596120191,24,24003,0,2066,
1066,155,19,155001,0,120,658,falls,660,43.084187,-79.060638,1596120202,155,155001,0,3112,
1104,8,19,48001,0,0,650,wtfrt,650,42.880112,-78.882790,1596119819,48,48001,0,2094,
1105,49,20,49001,0,-120,642,mhosp,640,42.994869,-78.729813,1596120172,49,49001,0,2099,
1106,48,19,44003,0,0,640,socam,640,42.958126,-78.817093,1596120186,44,44003,0,2085,
1109,8,20,8001,0,0,651,amsta,651,42.923672,-78.855698,1596120217,8,8001,0,2001,
1110,47,20,24004,0,-120,654,airpt,652,42.955734,-78.714737,1596120163,24,24004,0,2067,
1112,22,19,22003,0,0,643,lkv,643,42.898178,-78.893623,1596120215,22,22003,0,2022,
1114,13,20,13001,0,-600,644,socam,634,42.954304,-78.820114,1596120208,13,13001,0,2032,
1115,13,19,44004,0,0,645,utica,645,42.915363,-78.862244,1596120194,44,44004,0,2086,
1118,26,19,22002,0,-60,653,dlvst,652,42.922707,-78.816460,1596120184,22,22002,0,2045,
1124,0,0,23006,5,0,653,colds,653,42.935631,-78.890053,1596120193,23,23006,0,2054,
1127,23,19,23005,0,0,645,abtba,645,42.857533,-78.828712,1596120179,23,23005,0,2053,
1128,23,20,23010,0,0,645,brrtc,645,42.945644,-78.907356,1596119570,23,23010,0,2042,
1129,24,20,24002,0,60,657,airpt,658,42.934120,-78.730705,1596120167,24,24002,0,2065,
1203,1,20,15003,0,0,646,wmbck,646,42.884895,-78.832100,1596120208,15,15003,0,1045,
1204,16,20,16003,0,0,644,abtba,644,42.859596,-78.836861,1596120190,16,16003,0,1053,
1205,32,19,32005,0,180,645,brrtc,648,42.940746,-78.905464,1596120161,32,32005,0,1081,
1206,16,19,16001,0,0,648,spkls,648,42.858688,-78.833847,1596120162,16,16001,0,1051,
1207,4,20,1001,0,0,648,bdyfl,648,42.889324,-78.855957,1596120186,1,1001,0,1001,
1211,42,19,42003,0,0,645,mohel,645,42.886959,-78.872337,1596120192,42,42003,0,1097,
1303,155,20,155002,0,-120,645,nfia,643,43.099010,-78.943283,1596120206,155,155002,0,3113,
1501,3,20,20012,0,99999,9999,frgrt,631,42.915173,-78.890350,1596119358,20,20012,0,3025,
1502,5,19,5005,0,-120,649,brrtc,647,42.954002,-78.906059,1596120163,5,5005,0,3018,
1504,25,19,25003,0,0,646,orch,646,43.003613,-78.874825,1596120201,25,25003,0,3053,
1505,0,0,52027,5,-600,662,front,652,43.074947,-78.990959,1596120175,52,52027,0,3097,
1506,3,20,34001,0,0,646,frgrt,646,42.911434,-78.894890,1596120199,34,34001,0,3063,
1508,5,20,5006,0,-180,649,socam,646,42.958458,-78.843262,1596120165,5,5006,0,3019,
1511,5,20,5004,0,-420,646,ngvrg,639,42.888443,-78.880035,1596120198,5,5004,0,3017,
1514,40,19,55035,0,-60,649,ngvln,648,42.997646,-78.935799,1596120136,55,55035,0,3106,
1517,25,20,25001,0,-60,652,dlwnr,651,42.884758,-78.877022,1596120217,25,25001,0,3051,
1519,5,20,34005,0,99999,9999,socam,540,42.958374,-78.834328,1596120172,34,34005,0,3007,
1520,0,0,52028,4,-240,657,nftc,653,43.087872,-78.990623,1596120211,52,52028,0,3099,
1603,0,0,5011,5,60,651,front,652,42.956230,-78.889603,1596120181,5,5011,0,3065,
1605,0,0,25006,4,120,653,socam,655,42.958183,-78.829079,1596120180,25,25006,0,3058,
1610,5,20,5001,0,0,645,socam,645,42.954578,-78.819817,1596119422,5,5001,0,3014,
1612,20,20,20004,0,-60,656,elmnr,655,42.883465,-78.876686,1596120194,20,20004,0,3039,
1614,20,20,40002,0,0,642,orch,642,42.988377,-78.873116,1596119764,40,40002,0,3077,
1615,3,20,3004,0,60,649,trcem,650,42.886269,-78.877136,1596120183,3,3004,0,3004,
1616,40,20,40007,0,0,648,prtc,648,43.099396,-79.051636,1596119757,40,40007,0,3057,
1622,34,20,5007,0,0,650,hazwd,650,43.028831,-78.814934,1596120190,5,5007,0,3020,
1701,11,20,20005,0,-180,646,dlwdv,643,42.912643,-78.869881,1596120191,20,20005,0,3040,
1702,20,20,20001,0,0,647,dlwsh,647,42.970173,-78.878738,1596120208,20,20001,0,3036,
1703,0,0,55037,5,60,651,front,652,42.961262,-78.893105,1596120197,55,55037,0,3056,
1711,40,19,40005,0,0,643,tcbfl,643,42.883549,-78.872856,1596120170,40,40005,0,3079,
1714,52,20,52026,0,0,644,prtc,644,43.098900,-79.050850,1596120209,52,52026,0,3096,
1715,3,19,3002,0,-240,658,frgrt,654,42.953728,-78.890091,1596120165,3,3002,0,3002,
1718,23,19,23004,0,120,655,abtba,657,42.891331,-78.839279,1596120185,23,23004,0,2052,
1720,12,19,12003,0,-180,648,knegt,645,42.948914,-78.814156,1596120185,12,12003,0,2010,
1801,3,20,3001,0,0,646,tonvl,646,42.960106,-78.907959,1596119786,3,3001,0,3001,
1802,0,0,50021,4,-420,665,nftc,658,42.992779,-78.926086,1596120166,50,50021,0,3092,
1803,40,20,40008,0,0,644,giplz,644,43.020386,-78.961479,1596120209,40,40008,0,3080,
1806,25,19,20006,0,-60,645,dlwnr,644,42.907803,-78.871475,1596120187,20,20006,0,3041,
1807,55,19,55036,0,-120,651,nfbwd,649,43.143257,-78.879372,1596120145,55,55036,0,3107,
1809,55,20,40009,0,-180,651,casno,648,43.098953,-79.050964,1596120207,40,40009,0,3081,
1810,11,19,11001,0,0,644,clvkn,644,42.962887,-78.858414,1596120178,11,11001,0,3031,
1811,34,20,34002,0,60,646,audbn,647,43.027538,-78.806900,1596120218,34,34002,0,3064,
1812,50,20,50020,0,0,656,bfhyd,656,43.084629,-79.061424,1596120210,50,50020,0,3090,
1813,35,19,35001,0,0,665,brrtc,665,42.945313,-78.907135,1596120159,35,35001,0,3071,
1814,0,0,40001,6,1560,634,ellop,660,42.883354,-78.872635,1596120215,40,40001,0,3076,
1815,5,19,5003,0,99999,9999,dlwkn,599,42.882584,-78.874344,1596120214,5,5003,0,3016,
1816,0,0,5012,4,99999,9999,ellop,645,42.882557,-78.872108,1596120024,5,5012,0,3026,
1817,19,19,19002,0,0,646,bdyba,646,42.904915,-78.813896,1596120202,19,19002,0,1066,
1818,32,20,32004,0,-360,655,bflst,649,42.940361,-78.905312,1596120217,32,32004,0,1080,
1819,4,20,4003,0,-240,643,twyml,639,42.901699,-78.784492,1596120174,4,4003,0,1016,
1822,6,20,6001,0,-360,643,glrml,637,42.910358,-78.763641,1596120206,6,6001,0,1021,
1824,0,0,42004,4,-420,647,sogat,640,42.827503,-78.675240,1596120210,42,42004,0,1098,
1902,5,20,34006,0,60,644,brrtc,645,42.945423,-78.907433,1596120207,34,34006,0,3066,
1904,3,19,55033,0,0,651,trcem,651,42.908489,-78.890465,1596120199,55,55033,0,3103,
1905,0,0,34007,4,-60,656,socam,655,42.958374,-78.839539,1596120196,34,34007,0,3067,
1908,55,19,55032,0,-120,651,nfb56,649,43.094143,-78.973839,1596120202,55,55032,0,3102,
1909,5,20,3003,0,-60,644,kenml,643,42.961151,-78.891838,1596120201,3,3003,0,3003,
1910,55,19,50019,0,120,658,prtc,660,43.099644,-79.051483,1596120175,50,50019,0,3089,
1912,5,20,3007,0,0,630,socam,630,42.958649,-78.854691,1596120194,3,3007,0,3006,
1914,20,19,20002,0,120,648,ellop,650,42.888828,-78.874863,1596120169,20,20002,0,3037,
1915,20,20,20011,0,0,644,elmdv,644,42.921581,-78.876984,1596120189,20,20011,0,3043,
1916,55,20,40006,0,-240,648,mlnfb,644,43.089413,-78.989357,1596120189,40,40006,0,3009,
1917,3,19,20003,0,0,645,ellop,645,42.884426,-78.876022,1596120183,20,20003,0,3038,
1918,55,20,55031,0,0,688,nfia,688,43.101540,-78.939369,1596119998,55,55031,0,3101,
1921,5,19,25002,0,60,651,ngvrg,652,42.909233,-78.899765,1596120204,25,25002,0,3052,
2001,26,20,26002,0,60,654,twyml,655,42.903046,-78.783859,1596119186,26,26002,0,2079,
2004,18,19,18001,0,-180,645,spkls,642,42.871365,-78.852234,1596120187,18,18001,0,2039,
2010,44,20,13002,0,99999,9999,lkpt,653,43.169685,-78.690208,1596119820,13,13002,0,2033,
2015,24,20,24001,0,0,647,bagen,647,42.905136,-78.832695,1596120180,24,24001,0,2064,
2128,1,19,2004,0,60,649,tcbfl,650,42.885941,-78.874191,1596120162,2,2004,0,1010,
2130,16,20,16007,0,240,671,mcmal,675,42.782650,-78.808868,1596120207,16,16007,0,1055,
2215,35,20,35004,0,120,654,flint,656,42.980869,-78.817802,1596120192,35,35004,0,3073,
2218,50,19,50018,0,60,647,nuniv,648,43.120571,-79.048729,1596120171,50,50018,0,3088,
2502,4,19,2003,0,120,653,tcbfl,655,42.886353,-78.870476,1596120218,2,2003,0,1009,
2507,19,20,19006,0,420,633,socam,640,42.954964,-78.820709,1596120188,19,19006,0,1069,
2513,14,19,14003,0,0,645,spkls,645,42.868614,-78.851189,1596120207,14,14003,0,1034,
2514,16,19,16002,0,60,643,mcmal,644,42.782814,-78.808983,1596120172,16,16002,0,1052,
2515,19,20,19004,0,-300,644,bdyba,639,42.889679,-78.814377,1596120164,19,19004,0,1068,
2610,15,20,15001,0,0,651,sensm,651,99.000000,999.000000,1596119891,15,15001,0,1043,
2611,6,20,6002,0,-480,651,sycmg,643,42.882198,-78.874641,1596120184,6,6002,0,1022,
2612,32,19,32010,0,-60,648,amhba,647,42.942398,-78.803139,1596120213,32,32010,0,1086,
2613,14,19,14006,0,-240,644,mcmal,640,42.783585,-78.809021,1596120186,14,14006,0,1038,
2615,1,20,4002,0,60,643,aptml,644,42.888580,-78.751472,1596119953,4,4002,0,1015,
2616,46,19,46001,0,240,636,twyml,640,42.902164,-78.784004,1596120177,46,46001,0,1101,
2617,32,20,32006,0,-60,646,knhty,645,42.940334,-78.808128,1596120205,32,32006,0,1082,
2618,14,20,14002,0,60,649,mcmal,650,42.796921,-78.809128,1596120202,14,14002,0,1033,
2620,19,19,19001,0,120,645,abtba,647,42.857670,-78.828934,1596119861,19,19001,0,1065,
2625,15,20,15002,0,300,646,sogat,651,42.827477,-78.754715,1596120052,15,15002,0,1044,
2627,2,20,4001,0,-120,648,clmgm,646,42.885803,-78.875053,1596120204,4,4001,0,1014,
2630,6,19,6004,0,-60,655,wtfrt,654,42.888168,-78.869881,1596120216,6,6004,0,1024,
2701,26,19,26003,0,120,643,ngdlv,645,42.922131,-78.898239,1596119664,26,26003,0,2078,
2702,48,19,48002,0,-420,651,eccn,644,42.965496,-78.700996,1596120205,48,48002,0,2095,
2703,23,19,23001,0,-120,645,hrtpk,643,42.947678,-78.857185,1596120163,23,23001,0,2049,
2706,12,19,12004,0,-180,644,nghmp,641,42.915119,-78.897644,1596120204,12,12004,0,2011,
2707,23,20,23003,0,120,655,brrtc,657,42.947815,-78.866417,1596120167,23,23003,0,2051,
2709,12,20,12011,0,-240,650,badlv,646,42.913467,-78.832764,1596120212,12,12011,0,2021,
2713,13,20,44002,0,0,657,winsp,657,42.926640,-78.830681,1596120208,44,44002,0,2084,
6015,444,99,444444,99,99999,9999,,9999,42.883797,-78.871666,1596119503,444,0,0,444444,
8133,45,99,45096,99,99999,9999,,9999,43.099396,-79.052040,1596120197,45,0,0,45096,
8141,45,99,45094,99,99999,9999,,9999,42.945698,-78.906761,1596119739,45,0,0,45094,
8149,45,99,45991,99,99999,9999,,9999,42.921524,-78.817581,1596120211,45,0,0,45991,
8152,45,99,45990,99,99999,9999,,9999,42.904118,-78.814079,1596120186,45,0,0,45990,
8201,45,99,45201,99,99999,9999,,9999,42.898643,-78.868019,1596120161,45,0,0,45201,
8205,45,99,45205,99,99999,9999,,9999,42.882034,-78.854172,1596120172,45,0,0,45205,
8206,45,99,45206,99,99999,9999,,9999,42.959366,-78.890312,1596120047,45,0,0,45206,
8208,45,99,45208,99,99999,9999,,9999,42.941326,-78.874084,1596120174,45,0,0,45208,
8211,45,99,45211,99,99999,9999,,9999,42.959282,-78.890274,1596120019,45,0,0,45211,
8216,45,99,45216,99,99999,9999,,9999,42.990852,-78.697311,1596120195,45,0,0,45216,
8217,45,99,45217,99,99999,9999,,9999,42.928539,-78.831764,1596120169,45,0,0,45217,
8218,45,99,45218,99,99999,9999,,9999,42.958733,-78.889565,1596120213,45,0,0,45218,
8219,45,99,45219,99,99999,9999,,9999,42.959831,-78.890198,1596120136,45,0,0,45219,
8220,45,99,45220,99,99999,9999,,9999,42.932800,-78.707771,1596120179,45,0,0,45220,
8221,45,99,45221,99,99999,9999,,9999,42.930161,-78.754341,1596120214,45,0,0,45221,
8222,45,99,45222,99,99999,9999,,9999,42.979687,-78.799004,1596120153,45,0,0,45222,
8224,45,99,45224,99,99999,9999,,9999,42.978230,-78.768188,1596120217,45,0,0,45224,
8226,45,99,45226,99,99999,9999,,9999,43.096207,-79.040321,1596119856,45,0,0,45226,
8227,45,99,45227,99,99999,9999,,9999,42.959583,-78.890388,1596120172,45,0,0,45227,
8229,45,99,45229,99,99999,9999,,9999,42.934753,-78.842186,1596119997,45,0,0,45229,
8232,45,99,45232,99,99999,9999,,9999,42.868671,-78.701225,1596119803,45,0,0,45232,
8233,45,99,45233,99,99999,9999,,9999,99.000000,999.000000,1596113295,45,0,0,45233,
8236,45,99,45236,99,99999,9999,,9999,99.000000,999.000000,1596099746,45,0,0,45236,
8237,45,99,45237,99,99999,9999,,9999,42.942039,-78.802917,1596120182,45,0,0,45237,
8240,45,99,45240,99,99999,9999,,9999,42.959721,-78.890236,1596120191,45,0,0,45240,
8241,45,99,45241,99,99999,9999,,9999,42.909481,-78.854279,1596120190,45,0,0,45241,
