1001,67,20,67003,0,360,1015,cywrl,1021,42.944405,-78.751587,1596142272,67,67003,0,2095,
1002,26,19,26008,0,60,1015,dlvst,1016,42.922020,-78.844864,1596142297,26,26008,0,2082,
1003,23,19,23017,0,-120,1027,hrtpk,1025,42.942234,-78.902039,1596142268,23,23017,0,2055,
1004,0,0,12022,6,99999,9999,ellop,1005,42.891743,-78.883163,1596142304,12,12022,0,2028,
1005,48,19,48006,0,60,1013,socam,1014,42.957989,-78.817917,1596142274,48,48006,0,2098,
1006,23,19,23020,0,0,1012,flfry,1012,42.914761,-78.839241,1596142303,23,23020,0,2062,
1007,24,20,24015,0,-60,1016,holtz,1015,42.934120,-78.730667,1596142269,24,24015,0,2072,
1008,23,20,23015,0,120,1018,hrtpk,1020,42.944706,-78.833031,1596142271,23,23015,0,2058,
1010,66,20,66003,0,-120,1031,mnun,1029,42.908958,-78.843338,1596142271,66,66003,0,2056,
1011,24,19,24018,0,-120,1013,andrw,1011,42.922321,-78.783966,1596142272,24,24018,0,2074,
1013,0,0,13008,4,0,1015,ctyli,1015,42.957771,-78.818062,1596142301,13,13008,0,2038,
1014,26,19,18005,0,-300,1011,ngdlv,1006,42.922104,-78.897903,1596142310,18,18005,0,2043,
1016,24,20,24017,0,0,1021,airpt,1021,42.934147,-78.730408,1596142291,24,24017,0,2070,
1017,18,19,18004,0,0,1010,spkls,1010,42.871639,-78.863663,1596142299,18,18004,0,2041,
1018,12,20,12023,0,-360,1019,badlv,1013,42.914513,-78.832283,1596142279,12,12023,0,2029,
1020,4,20,2009,0,0,1015,bdyba,1015,42.895893,-78.821678,1596142281,2,2009,0,1012,
1021,32,20,32011,0,-1440,1016,dlwam,992,42.935276,-78.877991,1596142287,32,32011,0,1083,
1022,19,20,19009,0,0,1017,socam,1017,42.954552,-78.819847,1596142271,19,19009,0,1070,
1023,16,19,16008,0,120,1023,mowsh,1025,42.872520,-78.868874,1596142311,16,16008,0,1059,
1025,6,20,6011,0,180,1012,wldba,1015,42.904556,-78.815834,1596142273,6,6011,0,1025,
1026,1,19,1003,0,0,1025,tcbfl,1025,42.883354,-78.872742,1596142277,1,1003,0,1006,
1027,4,19,4007,0,-60,1018,bdyfl,1017,42.896362,-78.818886,1596142290,4,4007,0,1017,
1029,32,20,32012,0,120,1013,twyml,1015,42.902412,-78.784492,1596142299,32,32012,0,1079,
1030,0,0,32021,4,0,1025,tcbfl,1025,42.880081,-78.827591,1596142278,32,32021,0,1092,
1032,76,20,76002,0,-120,1029,athpr,1027,42.894192,-78.876724,1596142282,76,76002,0,1103,
1033,32,19,32019,0,-60,1023,ungen,1022,42.911736,-78.764053,1596142284,32,32019,0,1091,
1034,15,20,15010,0,60,1015,sensm,1016,42.876865,-78.850967,1596142302,15,15010,0,1050,
1037,19,19,19014,0,0,1020,baken,1020,42.952572,-78.813858,1596142305,19,19014,0,1075,
1038,6,19,6008,0,0,1020,wtfrt,1020,42.879864,-78.882530,1596142199,6,6008,0,1028,
1039,69,20,69002,0,-300,1033,aptml,1028,42.882145,-78.876762,1596142256,69,69002,0,1097,
1040,15,20,15006,0,60,1013,sogat,1014,42.830032,-78.756088,1596142267,15,15006,0,1047,
1042,16,20,16015,0,0,1023,spkls,1023,42.885170,-78.873001,1596142311,16,16015,0,1063,
1043,16,19,14011,0,0,1035,mowsh,1035,42.887535,-78.872780,1596142227,14,14011,0,1041,
1045,15,19,15007,0,240,1016,lterr,1020,42.880741,-78.869171,1596142254,15,15007,0,1048,
1046,2,20,4009,0,180,1016,cltun,1019,42.858139,-78.776413,1596142284,4,4009,0,1020,
1047,14,19,14007,0,-120,1014,mercy,1012,42.839714,-78.808052,1596142284,14,14007,0,1039,
1048,32,19,32013,0,60,1019,brrtc,1020,42.938244,-78.890015,1596142289,32,32013,0,1087,
1049,4,19,4006,0,0,1015,tcbfl,1015,42.883518,-78.872742,1596142300,4,4006,0,1019,
1050,70,20,70002,0,99999,9999,fern,990,42.833305,-78.636902,1596142254,70,70002,1,1080,
1052,75,20,15008,0,0,1023,baelk,1023,42.879696,-78.877808,1596142295,15,15008,0,1046,
1055,26,20,26007,0,0,1015,gnhar,1015,42.920452,-78.793427,1596142289,26,26007,0,2081,
1057,13,19,13005,0,0,1023,dlvgr,1023,42.938107,-78.813744,1596142278,13,13005,0,2035,
1059,0,0,23021,4,-300,1025,brrtc,1020,42.926090,-78.853127,1596142307,23,23021,0,2063,
1061,44,19,47005,0,-300,1025,flint,1020,43.043240,-78.748718,1596142279,47,47005,0,2092,
1062,13,20,44007,0,60,1017,winsp,1018,42.937504,-78.814713,1596142280,44,44007,0,2088,
1065,8,19,44006,0,0,1020,wtfrt,1020,42.880165,-78.882904,1596142233,44,44006,0,2089,
1066,0,0,155001,5,0,1034,front,1034,43.078548,-79.021408,1596142257,155,155001,0,3112,
1104,49,19,47004,0,-300,1011,mpltr,1006,42.989231,-78.698059,1596142290,47,47004,0,2093,
1105,44,19,44008,0,60,1010,socam,1011,42.955269,-78.820518,1596142053,44,44008,0,2087,
1106,23,20,23019,0,-60,1018,brrtc,1017,42.947266,-78.885849,1596142261,23,23019,0,2021,
1107,0,0,13007,4,60,1004,socam,1005,42.951996,-78.825134,1596142285,13,13007,0,2037,
1109,48,20,8007,0,0,1017,ehmal,1017,42.973583,-78.693703,1596142296,8,8007,0,2004,
1110,18,20,18006,0,0,1010,dlvst,1010,42.922073,-78.854095,1596142293,18,18006,0,2042,
1111,23,19,23012,0,-60,1018,abtba,1017,42.873402,-78.844452,1596142302,23,23012,0,2057,
1112,12,20,12020,0,180,1018,socam,1021,42.948944,-78.811325,1596142303,12,12020,0,2022,
1113,24,19,24020,0,60,1019,ungen,1020,42.933598,-78.722069,1596142263,24,24020,0,2076,
1114,12,19,12016,0,120,1003,nghmp,1005,42.915119,-78.898537,1596142266,12,12016,0,2026,
1115,44,20,44009,0,0,1020,lkpt,1020,43.169659,-78.689911,1596141778,44,44009,0,2090,
1116,23,19,23014,0,-60,1011,hrtpk,1010,42.947594,-78.849144,1596142299,23,23014,0,2061,
1118,0,0,23018,6,180,1022,mnaln,1025,42.900074,-78.869766,1596142275,23,23018,0,2020,
1119,12,20,12013,0,0,1035,ctyli,1035,42.958649,-78.814568,1596142229,12,12013,0,2024,
1120,12,19,12012,0,0,1020,badlv,1020,42.935741,-78.799118,1596142284,12,12012,0,2023,
1124,13,19,8008,0,0,1015,utica,1015,42.911434,-78.865227,1596142030,8,8008,0,2007,
1126,23,19,23011,0,0,1013,abtba,1013,42.857533,-78.828712,1596142036,23,23011,0,2059,
1127,22,20,22006,0,-60,1022,twyml,1021,42.905628,-78.807793,1596142297,22,22006,0,2047,
1128,12,19,12017,0,0,1020,nghmp,1020,42.910774,-78.899879,1596142279,12,12017,0,2027,
1130,22,19,22004,0,-120,1011,lkv,1009,42.898232,-78.893547,1596142275,22,22004,0,2046,
1201,42,20,42007,0,-180,1015,tpodl,1012,42.842106,-78.859085,1596142255,42,42007,0,1100,
1202,2,19,2008,0,-360,1011,tcbfl,1005,42.883518,-78.872635,1596142273,2,2008,0,1011,
1203,6,19,6013,0,0,1020,twyml,1020,42.915035,-78.765205,1596142268,6,6013,0,1030,
1204,4,20,46003,0,-240,1017,bdmgn,1013,42.885746,-78.874718,1596142307,46,46003,0,1102,
1205,1,19,1005,0,0,1011,ogplz,1011,42.881485,-78.801163,1596142297,1,1005,0,1004,
1206,4,19,4005,0,0,1023,tcbfl,1023,42.886654,-78.868423,1596142301,4,4005,0,1018,
1207,14,19,16012,0,60,1015,mowsh,1016,42.883411,-78.872665,1596142303,16,16012,0,1058,
1208,75,20,14010,0,60,1009,fltbk,1010,42.841637,-78.732491,1596142278,14,14010,0,1037,
1211,0,0,32014,6,480,1022,lterr,1030,42.883080,-78.879669,1596142072,32,32014,0,1085,
1212,19,20,19011,0,-180,1012,badlv,1009,42.919930,-78.813705,1596142291,19,19011,0,1071,
1213,12,20,12014,0,-60,1017,filut,1016,42.911156,-78.860497,1596142265,12,12014,0,2025,
1301,0,0,155003,4,-1020,1032,falls,1015,42.988651,-78.917038,1596142308,155,155003,0,3114,
1303,0,0,155002,5,60,1028,front,1029,43.047859,-78.890572,1596142262,155,155002,0,3113,
1501,0,0,50024,4,99999,9999,prtc,775,43.009056,-78.957497,1596126076,50,50024,0,3091,
1502,34,19,34009,0,99999,9999,socam,895,42.979851,-78.822868,1596142282,34,34009,0,3069,
1504,50,20,50025,0,0,1012,prtc,1012,43.102036,-79.052002,1596142304,50,50025,0,3095,
1505,3,19,3013,0,0,1020,ellop,1020,42.882557,-78.872040,1596142293,3,3013,0,3007,
1506,60,20,52030,0,0,1019,nftc,1019,43.100769,-78.979866,1596142215,52,52030,0,3100,
1507,0,0,40010,6,0,1015,nftc,1015,43.100742,-78.979759,1596142308,40,40010,0,3082,
1508,35,20,35006,0,0,1023,covhl,1023,43.000011,-78.783371,1596142165,35,35006,0,3074,
1511,40,20,35005,0,-300,1014,ngvln,1009,42.946796,-78.907845,1596142295,35,35005,0,3072,
1512,25,20,5015,0,0,1021,orch,1021,42.965305,-78.870323,1596142282,5,5015,0,3021,
1514,61,20,11004,0,-180,1029,cantn,1026,42.918224,-78.900513,1596142288,11,11004,0,3106,
1517,55,20,55041,0,-360,1019,casno,1013,43.099174,-79.051186,1596142306,55,55041,0,3109,
1518,3,20,3016,0,0,1021,frgrt,1021,42.898232,-78.884094,1596142307,3,3016,0,3079,
1519,40,19,40012,0,99999,9999,tcbfl,1023,42.909836,-78.900101,1596142266,40,40012,1,3084,
1520,52,19,52028,0,-180,1014,lkhyd,1011,43.108524,-79.054054,1596142150,52,52028,0,3099,
1601,5,20,20013,0,0,1025,socam,1025,42.958679,-78.867790,1596142303,20,20013,0,3045,
1603,40,19,40011,0,-60,1022,giplz,1021,43.076679,-79.010765,1596142298,40,40011,0,3083,
1604,52,20,52029,0,180,1007,nftc,1010,43.077038,-78.990997,1596142245,52,52029,0,3098,
1605,25,19,25006,0,60,1020,dlwdv,1021,42.942646,-78.868050,1596142298,25,25006,0,3058,
1606,25,20,25009,0,0,1037,mnngr,1037,43.020554,-78.879593,1596141664,25,25009,0,3059,
1608,0,0,5021,4,0,1030,ellop,1030,42.959614,-78.891167,1596142257,5,5021,0,3029,
1610,3,19,3012,0,-60,1014,sklmt,1013,42.961208,-78.898537,1596142306,3,3012,0,3009,
1612,11,20,11005,0,0,1032,tnind,1032,43.012962,-78.859383,1596142133,11,11005,0,3034,
1614,40,19,40013,0,0,997,tcbfl,997,42.981777,-78.910263,1596142296,40,40013,0,3078,
1615,5,19,34010,0,-60,1011,brrtc,1010,42.945862,-78.907692,1596142300,34,34010,0,3065,
1616,25,19,25011,0,-180,1016,orch,1013,43.011257,-78.872559,1596142255,25,25011,0,3057,
1617,25,20,20015,0,60,1024,dlwkn,1025,42.925816,-78.867569,1596142259,20,20015,0,3042,
1622,5,19,3018,0,60,1024,brrtc,1025,42.961563,-78.893738,1596142292,3,3018,0,3012,
1701,5,20,11006,0,0,1021,kenml,1021,42.958569,-78.909409,1596142308,11,11006,0,3035,
1702,0,0,3019,4,-60,1021,ellop,1020,42.923809,-78.899094,1596142265,3,3019,0,3013,
1703,5,19,5017,0,0,1055,ellop,1055,42.882530,-78.872597,1596142283,5,5017,0,3028,
1708,55,19,55038,0,120,1013,nfbwd,1015,43.093647,-78.889793,1596142270,55,55038,0,3108,
1711,5,20,35007,0,2460,994,socam,1035,42.954525,-78.819702,1596142169,35,35007,0,3075,
1713,5,20,20020,0,99999,9999,ngvrg,1015,42.883190,-78.873749,1596141997,20,20020,0,3050,
1714,25,19,3010,0,0,1016,dlwnr,1016,42.915173,-78.869354,1596142267,3,3010,0,3008,
1715,25,19,25012,0,-60,1011,ellop,1010,42.882584,-78.872368,1596142284,25,25012,0,3056,
1716,50,19,50022,0,-240,1020,nuniv,1016,43.113556,-79.052711,1596142312,50,50022,0,3094,
1718,0,0,24013,5,0,1027,colds,1027,42.952187,-78.824837,1596142286,24,24013,0,2054,
1720,12,19,12021,0,120,1012,elmut,1014,42.911324,-78.876877,1596142301,12,12021,0,2016,
1801,5,20,25007,0,0,1022,brrtc,1022,42.915642,-78.899323,1596142264,25,25007,0,3054,
1803,40,20,40008,0,120,1013,prtc,1015,43.097279,-79.050293,1596142265,40,40008,0,3080,
1806,3,20,3017,0,0,1022,sklmt,1022,42.931808,-78.888824,1596142299,3,3017,0,3011,
1807,20,19,20016,0,0,1030,ellop,1030,42.882557,-78.872223,1596141611,20,20016,0,3047,
1808,34,19,34012,0,60,1014,socam,1015,42.958046,-78.822639,1596142277,34,34012,0,3093,
1809,40,20,40009,0,0,1013,prtc,1013,43.099396,-79.051598,1596141556,40,40009,0,3081,
1810,3,20,20018,0,0,1023,tonvl,1023,42.959942,-78.908104,1596142265,20,20018,0,3048,
1811,20,20,20019,0,0,1015,elmnr,1015,42.896610,-78.876839,1596142286,20,20019,0,3049,
1812,0,0,25013,4,60,1019,ellop,1020,42.879147,-78.872070,1596142295,25,25013,0,3061,
1813,40,19,55042,0,0,1035,tcbfl,1035,42.883381,-78.873001,1596142158,55,55042,0,3110,
1814,3,19,3015,0,0,1018,ellop,1018,42.889351,-78.877579,1596142281,3,3015,0,3006,
1815,11,20,11002,0,99999,9999,dlwnr,1013,42.899746,-78.873711,1596142272,11,11002,0,3032,
1816,3,19,5012,0,0,1017,frgrt,1017,42.927879,-78.889458,1596142256,5,5012,0,3026,
1817,16,20,16014,0,60,1012,rdgsp,1013,42.828106,-78.824059,1596142258,16,16014,0,1062,
1819,42,19,42006,0,0,1011,lcvtc,1011,42.826431,-78.823982,1596142292,42,42006,0,1099,
1820,4,20,2011,0,60,1018,twyml,1019,42.903484,-78.783333,1596142306,2,2011,0,1013,
1821,15,19,15009,0,0,1021,scl,1021,42.829704,-78.772842,1596142260,15,15009,0,1049,
1822,19,20,19012,0,-60,1018,wlmba,1017,42.866386,-78.824020,1596142297,19,19012,0,1074,
1824,0,0,42004,6,60,1026,lterr,1027,42.883438,-78.879890,1596142267,42,42004,0,1098,
1902,0,0,155004,4,-480,1023,nfia,1015,43.035236,-78.884354,1596142263,155,155004,0,3115,
1903,5,19,5018,0,-60,1022,dlwkn,1021,42.958294,-78.830009,1596142274,5,5018,0,3025,
1904,34,20,5019,0,240,1004,advpk,1008,42.993603,-78.875313,1596142254,5,5019,0,3105,
1905,34,20,34007,0,0,1033,hazwd,1033,43.028831,-78.814972,1596142310,34,34007,0,3067,
1907,20,19,20014,0,0,1020,ellop,1020,42.882530,-78.872520,1596142204,20,20014,0,3046,
1908,11,20,3011,0,180,1022,tnind,1025,42.986809,-78.853088,1596142259,3,3011,0,3005,
1909,5,19,5020,0,-60,1011,ellop,1010,42.882641,-78.872444,1596142291,5,5020,0,3023,
1910,20,19,20017,0,60,1016,elmnr,1017,42.911018,-78.877098,1596142294,20,20017,0,3044,
1911,55,19,40015,0,60,1041,prtc,1042,43.099396,-79.051521,1596142279,40,40015,0,3107,
1912,34,19,34008,0,0,1012,audbn,1012,43.035980,-78.799713,1596142250,34,34008,0,3068,
1914,55,20,40014,0,0,1014,nftc,1014,43.092659,-78.970230,1596142228,40,40014,0,3085,
1916,55,20,55039,0,120,1000,nfia,1002,43.034687,-78.884247,1596142305,55,55039,0,3104,
1917,40,20,40016,0,-240,1030,brrtc,1026,42.890862,-78.882347,1596142293,40,40016,0,3086,
1918,20,19,5016,0,0,1015,elken,1015,42.967037,-78.878845,1596142294,5,5016,0,3024,
1919,20,20,34011,0,180,1019,orch,1022,42.988266,-78.873299,1596142287,34,34011,0,3070,
1920,5,20,5014,0,0,1020,socam,1020,42.954578,-78.820747,1596142291,5,5014,0,3027,
1921,11,19,11003,0,0,1014,dlwnr,1014,42.911404,-78.870399,1596142260,11,11003,0,3033,
1922,20,20,3009,0,120,1020,elken,1022,42.940720,-78.878479,1596142295,3,3009,0,3010,
2001,48,20,48005,0,120,1011,eccn,1013,42.962608,-78.716187,1596142301,48,48005,0,2096,
2011,26,20,26006,0,0,1015,twyml,1015,42.901642,-78.784081,1596142224,26,26006,0,2080,
2015,13,20,13006,0,180,1027,socam,1030,42.955101,-78.820450,1596142310,13,13006,0,2036,
2203,5,19,5013,0,-120,1017,ngvrg,1015,42.907749,-78.898575,1596142262,5,5013,0,3022,
2215,35,19,35004,0,240,1012,brrtc,1016,42.944763,-78.907585,1596142299,35,35004,0,3073,
2218,25,20,25010,0,60,1016,mnngr,1017,43.003586,-78.875015,1596142280,25,25010,0,3060,
2501,6,19,6012,0,240,996,wtfrt,1000,42.882282,-78.875122,1596142294,6,6012,0,1026,
2503,16,20,16010,0,60,1025,mnbfl,1026,42.768131,-78.824432,1596142257,16,16010,0,1056,
2504,19,19,19010,0,0,1016,bagen,1016,42.924797,-78.814041,1596142271,19,19010,0,1073,
2511,74,20,74003,0,60,1029,athpr,1030,42.879589,-78.869911,1596142260,74,74003,0,1081,
2512,14,20,14008,0,60,1012,mcmal,1013,42.786060,-78.810287,1596142291,14,14008,0,1040,
2601,8,20,8006,0,0,1018,amsta,1018,42.927437,-78.852081,1596142270,8,8006,0,2006,
2602,8,19,8005,0,0,1015,wtfrt,1015,42.881294,-78.877357,1596142275,8,8005,0,2005,
2604,12,19,12015,0,60,1018,filut,1019,42.914597,-78.822975,1596142297,12,12015,0,2015,
2605,47,20,48004,0,0,1025,airpt,1025,42.934204,-78.730476,1596142248,48,48004,0,2097,
2606,23,20,23013,0,-300,1015,bdyfl,1010,42.885033,-78.839470,1596142311,23,23013,0,2060,
2607,14,20,14012,0,0,1013,abtba,1013,42.857834,-78.831833,1596142265,14,14012,0,1042,
2608,32,19,32018,0,240,1015,amsta,1019,42.940857,-78.821709,1596142256,32,32018,0,1090,
2611,1,20,32017,0,60,1013,aptml,1014,42.888332,-78.753410,1596142311,32,32017,0,1089,
2612,6,19,32010,0,-300,1014,sycfl,1009,42.904366,-78.818214,1596142268,32,32010,0,1086,
2613,72,20,14009,0,-60,1029,4cors,1028,42.861576,-78.792458,1596142292,14,14009,0,1036,
2614,6,20,6009,0,99999,9999,glrml,1033,42.910496,-78.763908,1596142241,6,6009,1,1029,
2615,0,0,19015,4,0,1045,socam,1045,42.882198,-78.825470,1596142306,19,19015,0,1076,
2616,2,19,2010,0,0,1011,cltun,1011,42.866196,-78.754524,1596142203,2,2010,0,1082,
2617,2,19,1004,0,0,1020,tcbfl,1020,42.885391,-78.869354,1596142256,1,1004,0,1005,
2618,1,20,1006,0,0,1019,wmbck,1019,42.885117,-78.850822,1596142287,1,1006,0,1003,
2620,46,19,32015,0,-60,1015,wldtr,1014,42.908764,-78.742500,1596142305,32,32015,0,1084,
2623,16,19,16009,0,0,1016,rdgsp,1016,42.819363,-78.824280,1596142276,16,16009,0,1060,
2625,32,20,32016,0,-60,1016,bflst,1015,42.934231,-78.877846,1596142286,32,32016,0,1088,
2627,74,20,4008,0,60,1018,sccmp,1019,42.761337,-78.862839,1596142267,4,4008,0,1057,
2628,19,19,19013,0,120,1015,abtba,1017,42.872246,-78.820259,1596142224,19,19013,0,1038,
2630,16,20,16013,0,180,1010,splke,1013,42.799011,-78.824280,1596142272,16,16013,0,1061,
2701,24,19,24016,0,60,1014,marmn,1015,42.879257,-78.875793,1596142309,24,24016,0,2073,
2703,0,0,12019,5,-60,1024,colds,1023,42.914871,-78.899727,1596142282,12,12019,0,2019,
2704,12,20,12018,0,0,1010,ctyli,1010,42.958786,-78.814751,1596142209,12,12018,0,2017,
2706,24,20,24014,0,0,1017,bagen,1017,42.903019,-78.837975,1596142228,24,24014,0,2071,
2707,22,19,22005,0,-120,1015,bstgn,1013,42.904530,-78.817169,1596142282,22,22005,0,2048,
2708,24,20,24019,0,-120,1044,holtz,1042,42.882614,-78.873230,1596142306,24,24019,0,2075,
2713,67,20,47003,0,-240,1028,balng,1024,42.885117,-78.876465,1596142259,47,47003,0,2091,
8145,45,99,45145,99,99999,9999,,9999,42.886986,-78.878807,1596142270,45,0,0,45145,
8206,45,99,45206,99,99999,9999,,9999,42.994484,-78.697311,1596142308,45,0,0,45206,
8208,45,99,45208,99,99999,9999,,9999,42.892429,-78.866898,1596142259,45,0,0,45208,
8211,45,99,45211,99,99999,9999,,9999,42.945698,-78.803658,1596142287,45,0,0,45211,
8213,45,99,45213,99,99999,9999,,9999,43.023273,-78.773399,1596142280,45,0,0,45213,
8216,45,99,45216,99,99999,9999,,9999,42.959309,-78.890236,1596142283,45,0,0,45216,
8218,45,99,45218,99,99999,9999,,9999,43.094830,-78.971756,1596142255,45,0,0,45218,
8222,45,99,45222,99,99999,9999,,9999,42.881237,-78.698914,1596142175,45,0,0,45222,
8224,45,99,45224,99,99999,9999,,9999,42.867901,-78.775627,1596142303,45,0,0,45224,
8225,45,99,45225,99,99999,9999,,9999,43.057129,-78.882645,1596142229,45,0,0,45225,
8227,45,99,45227,99,99999,9999,,9999,42.938961,-78.901253,1596142216,45,0,0,45227,
8229,45,99,45229,99,99999,9999,,9999,42.996712,-78.824059,1596142168,45,0,0,45229,
8231,45,99,45231,99,99999,9999,,9999,42.914925,-78.684883,1596142293,45,0,0,45231,
8233,45,99,45233,99,99999,9999,,9999,99.000000,999.000000,1596138517,45,0,0,45233,
8237,45,99,45237,99,99999,9999,,9999,42.873455,-78.859009,1596142291,45,0,0,45237,
8238,45,99,45238,99,99999,9999,,9999,42.949356,-78.828857,1596142262,45,0,0,45238,
8239,45,99,45239,99,99999,9999,,9999,42.961483,-78.754639,1596142305,45,0,0,45239,
8240,45,99,45240,99,99999,9999,,9999,43.034496,-78.799828,1596142278,45,0,0,45240,
8241,45,99,45241,99,99999,9999,,9999,42.923561,-78.766701,1596142237,45,0,0,45241,
8301,45,99,45301,99,99999,9999,,9999,42.880989,-78.870697,1596142307,45,0,0,45301,
8307,45,99,45307,99,99999,9999,,9999,42.887863,-78.785126,1596142269,45,0,0,45307,
