1301,155,19,155003,0,0,1126,falls,1126,43.082455,-79.052605,1596321800,155,155003,0,3060,
1304,155,20,155004,0,99999,9999,bswst,1120,43.100906,-78.941086,1596321709,155,155004,1,3061,
1501,3,20,3005,0,60,1106,tonvl,1107,42.954056,-78.889900,1596321826,3,3005,0,3033,
1502,20,20,20008,0,0,1131,elmdv,1131,42.904968,-78.877098,1596321827,20,20008,0,3054,
1504,23,19,23007,0,0,1150,abtba,1150,42.857616,-78.828674,1596321783,23,23007,0,2040,
1505,13,19,13003,0,-180,1123,utica,1120,42.911625,-78.864777,1596321822,13,13003,0,2033,
1506,0,0,20005,5,-120,1109,front,1107,43.084435,-79.060753,1596321803,20,20005,0,3034,
1507,4,20,46002,0,-60,1126,bdmgn,1125,42.885609,-78.871887,1596321814,46,46002,0,1042,
1509,6,20,6005,0,60,1128,glrml,1129,42.908516,-78.772507,1596321830,6,6005,0,1031,
1511,23,20,23008,0,0,1150,brrtc,1150,42.945644,-78.907326,1596321593,23,23008,0,2042,
1514,32,20,32010,0,-120,1126,clwbr,1124,42.944378,-78.795212,1596321809,32,32010,0,1043,
1516,24,19,24005,0,-120,1123,marmn,1121,42.877277,-78.877731,1596321820,24,24005,0,2027,
1518,14,19,16005,0,-180,1123,rdgab,1120,42.827862,-78.804214,1596321831,16,16005,0,1040,
1519,3,19,20007,0,-180,1123,ellop,1120,42.882557,-78.872223,1596321788,20,20007,0,3053,
1520,6,20,6009,0,0,1127,glrml,1127,42.910221,-78.763641,1596321699,6,6009,0,1052,
1601,40,19,40012,0,-60,1133,ngvln,1132,43.007408,-78.949196,1596321823,40,40012,0,3046,
1603,32,19,32012,0,0,1130,brrtc,1130,42.939400,-78.886780,1596321791,32,32012,0,1051,
1604,24,19,24009,0,0,1124,genfl,1124,42.902496,-78.839096,1596321796,24,24009,0,2047,
1605,3,20,3006,0,0,1132,sklmt,1132,42.933899,-78.888565,1596321785,3,3006,0,3049,
1607,16,19,14004,0,-60,1131,mowsh,1130,42.878735,-78.869507,1596321828,14,14004,0,1053,
1609,19,20,19007,0,-60,1128,winsp,1127,42.934669,-78.813637,1596321793,19,19007,0,1055,
1610,24,20,24006,0,0,1130,airpt,1130,42.929913,-78.739380,1596321825,24,24006,0,2035,
1611,12,20,12009,0,-120,1132,knegt,1130,42.923641,-78.813599,1596321795,12,12009,0,2037,
1612,23,19,23006,0,-120,1128,hrtpk,1126,42.947704,-78.871109,1596321793,23,23006,0,2028,
1616,3,19,25007,0,-60,1125,frgrt,1124,42.919132,-78.890572,1596321831,25,25007,0,3063,
1617,25,20,25005,0,60,1134,dlwkn,1135,42.927162,-78.867683,1596321814,25,25005,0,3045,
1618,32,19,32007,0,-60,1128,amhba,1127,42.942287,-78.803177,1596321806,32,32007,0,1036,
1619,40,20,40013,0,0,1160,prtc,1160,43.099369,-79.051598,1596321838,40,40013,0,3047,
1620,6,19,6007,0,0,1128,sycmg,1128,42.894878,-78.848137,1596321804,6,6007,0,1049,
1621,0,0,25006,5,0,1136,front,1136,43.018902,-78.878510,1596321824,25,25006,0,3062,
1622,12,19,13006,0,0,1116,nghmp,1116,42.915119,-78.898651,1596321813,13,13006,0,2045,
1623,42,20,42004,0,0,1145,sogat,1145,42.827583,-78.754486,1596321703,42,42004,0,1048,
1624,15,19,15003,0,60,1134,lterr,1135,42.877499,-78.852051,1596321836,15,15003,0,1033,
1701,42,19,42003,0,120,1125,mohel,1127,42.884457,-78.872337,1596321829,42,42003,0,1046,
1702,16,20,14003,0,0,1144,mcmal,1144,42.782566,-78.808571,1596321833,14,14003,0,1034,
1703,14,20,16004,0,-60,1130,abtba,1129,42.871365,-78.862617,1596321817,16,16004,0,1029,
1705,12,19,12008,0,-180,1126,knegt,1123,42.948807,-78.804070,1596321818,12,12008,0,2036,
1708,55,20,40010,0,-60,1136,nfia,1135,43.099670,-78.977524,1596321797,40,40010,0,3043,
1709,32,20,32008,0,0,1150,twyml,1150,42.902111,-78.783783,1596321642,32,32008,0,1039,
1710,13,19,8005,0,-120,1130,dlvgr,1128,42.935387,-78.820114,1596321783,8,8005,0,2039,
1711,2,19,2003,0,0,1126,clmgm,1126,42.883163,-78.861168,1596321834,2,2003,0,1045,
1712,50,20,40015,0,-120,1130,nuniv,1128,43.154064,-79.030121,1596321782,40,40015,0,3059,
1713,0,0,40008,6,0,1155,ellop,1155,42.883465,-78.872185,1596321480,40,40008,0,3036,
1714,20,20,3008,0,60,1131,orch,1132,42.988403,-78.873116,1596321789,3,3008,0,3056,
1715,5,19,5005,0,60,1129,ngvrg,1130,42.906044,-78.896751,1596321815,5,5005,0,3055,
1801,4,20,4004,0,-180,1123,twyml,1120,42.903595,-78.783295,1596321816,4,4004,0,1035,
1802,5,19,11002,0,0,1132,dlwkn,1132,42.957386,-78.818954,1596321674,11,11002,0,3040,
1805,26,19,26004,0,0,1130,ngdlv,1130,42.922184,-78.880745,1596321835,26,26004,0,2030,
1806,32,20,32011,0,-120,1126,bflst,1124,42.938850,-78.878700,1596321784,32,32011,0,1047,
1807,48,19,12010,0,0,1125,socam,1125,42.954140,-78.820518,1596321790,12,12010,0,2041,
1809,35,19,35003,0,0,1123,dlwsh,1123,42.981033,-78.868912,1596321832,35,35003,0,3037,
1810,13,20,13004,0,0,1140,socam,1140,42.955021,-78.820114,1596321307,13,13004,0,2034,
1811,35,20,40007,0,0,1130,nfbsh,1130,42.980705,-78.859528,1596321808,40,40007,0,3035,
1812,19,19,19005,0,0,1125,abtba,1125,42.857616,-78.828636,1596321810,19,19005,0,1032,
1813,50,20,50004,0,0,1127,nftc,1127,43.100658,-78.979866,1596321825,50,50004,0,3052,
1814,34,19,34003,0,0,1125,socam,1125,42.955158,-78.820930,1596321753,34,34003,0,3038,
1815,12,19,24008,0,0,1124,elmut,1124,42.911350,-78.875496,1596321810,24,24008,0,2046,
1902,23,20,23005,0,0,1123,bdyfl,1123,42.892815,-78.839241,1596321817,23,23005,0,2025,
1903,0,0,19004,6,99999,9999,twyml,1125,42.902466,-78.783745,1596321374,19,19004,0,1030,
1904,46,19,6008,0,300,1137,twyml,1142,42.902191,-78.783859,1596321822,6,6008,0,1050,
1905,40,20,40014,0,0,1125,ngvln,1125,42.952492,-78.909111,1596321795,40,40014,0,3050,
1906,13,20,8004,0,120,1122,socam,1124,42.955681,-78.820816,1596321722,8,8004,0,2024,
1907,20,19,20006,0,-120,1132,ellop,1130,42.897793,-78.877136,1596321806,20,20006,0,3039,
1908,22,20,13005,0,0,1128,bstgn,1128,42.904007,-78.860649,1596321799,13,13005,0,2043,
1909,34,20,5007,0,0,1126,advpk,1126,42.996601,-78.816872,1596321776,5,5007,0,3058,
1910,12,20,12007,0,0,1140,ctyli,1140,42.958649,-78.814568,1596321643,12,12007,0,2032,
1912,25,19,25004,0,-120,1129,dlwkn,1127,42.978588,-78.872185,1596321824,25,25004,0,3041,
1913,26,20,22001,0,0,1125,twyml,1125,42.903267,-78.783371,1596321491,22,22001,0,2026,
1914,24,20,24007,0,0,1130,airpt,1130,42.934174,-78.730217,1596321804,24,24007,0,2038,
1915,19,19,19006,0,-60,1132,bagen,1131,42.935741,-78.813705,1596321798,19,19006,0,1044,
1916,34,20,34004,0,0,1130,hazwd,1130,43.028831,-78.815048,1596321801,34,34004,0,3048,
1917,55,19,55003,0,0,1136,prtc,1136,43.099369,-79.051636,1596321600,55,55003,0,3042,
1918,8,19,48001,0,0,1129,wtfrt,1129,42.883492,-78.876244,1596321799,48,48001,0,2031,
1920,5,20,5006,0,0,1135,socam,1135,42.958649,-78.868019,1596321825,5,5006,0,3057,
1921,15,20,15004,0,0,1129,sogat,1129,42.828217,-78.753853,1596321794,15,15004,0,1054,
1922,5,19,3007,0,0,1125,ellop,1125,42.882614,-78.872444,1596321187,3,3007,0,3051,
2203,8,20,12011,0,180,1129,socam,1132,42.941574,-78.836678,1596321780,12,12011,0,2044,
2216,6,19,6006,0,0,1120,wtfrt,1120,42.879974,-78.882942,1596321735,6,6006,0,1037,
2612,11,20,11003,0,60,1125,clvkn,1126,42.958786,-78.858856,1596321811,11,11003,0,3044,
2618,18,20,18002,0,-120,1125,genjf,1123,42.893723,-78.854172,1596321788,18,18002,0,2029,
2619,1,19,1001,0,0,1120,tcbfl,1120,42.884289,-78.871590,1596321327,1,1001,0,1038,
2623,4,19,32009,0,120,1133,tcbfl,1135,42.886269,-78.870476,1596321825,32,32009,0,1041,
8205,45,99,45205,99,99999,9999,,9999,42.893063,-78.870102,1596321816,45,42007,0,45205,
8216,45,99,45216,99,99999,9999,,9999,42.878460,-78.777046,1596321818,45,46002,0,45216,
8221,45,99,45221,99,99999,9999,,9999,42.835396,-78.755791,1596321830,45,47004,0,45221,
8229,45,99,45229,99,99999,9999,,9999,43.070133,-78.852310,1596321835,45,49001,0,45229,
