1301,155,20,155003,0,0,1158,econo,1158,43.095104,-79.024460,1596323650,155,155003,0,3060,
1304,155,19,155004,0,-180,1156,4pts,1153,43.074150,-78.981804,1596323738,155,155004,0,3061,
1501,25,20,25005,0,99999,9999,mnngr,1160,43.020554,-78.879555,1596323514,25,25005,0,3045,
1502,20,20,20008,0,0,1178,orch,1178,42.988377,-78.873077,1596323617,20,20008,0,3054,
1504,23,20,23007,0,-60,1164,bdyfl,1163,42.862289,-78.841660,1596323694,23,23007,0,2040,
1505,13,20,13003,0,0,1185,socam,1185,42.954636,-78.819702,1596323732,13,13003,0,2033,
1507,4,20,46002,0,0,1180,twyml,1180,42.902412,-78.783707,1596323725,46,46002,0,1042,
1509,6,20,6005,0,-60,1155,glrml,1154,42.912807,-78.765656,1596323742,6,6005,0,1031,
1511,23,19,23008,0,-120,1168,hrtpk,1166,42.942757,-78.900696,1596323741,23,23008,0,2042,
1514,32,20,32010,0,0,1180,twyml,1180,42.902000,-78.783783,1596323479,32,32010,0,1043,
1516,24,20,24005,0,0,1164,airpt,1164,42.928070,-78.748756,1596323730,24,24005,0,2027,
1518,14,19,16005,0,0,1170,mowsh,1170,42.887562,-78.872742,1596323682,16,16005,0,1040,
1519,5,20,20007,0,-180,1163,kenml,1160,42.957165,-78.911232,1596323699,20,20007,0,3053,
1520,6,19,6009,0,0,1159,sycmg,1159,42.894493,-78.849403,1596323728,6,6009,0,1052,
1601,40,19,40012,0,60,1172,tcbfl,1173,42.883354,-78.872368,1596323733,40,40012,0,3046,
1604,24,20,24009,0,-120,1162,genmn,1160,42.881512,-78.874603,1596323706,24,24009,0,2047,
1605,3,19,3006,0,0,1169,frgrt,1169,42.951416,-78.890465,1596323696,3,3006,0,3049,
1607,16,20,14004,0,-180,1161,abtba,1158,42.870457,-78.857483,1596323739,14,14004,0,1053,
1609,19,19,19007,0,120,1159,bagen,1161,42.922871,-78.813705,1596323703,19,19007,0,1055,
1610,24,20,24006,0,0,1160,airpt,1160,42.934093,-78.730667,1596323496,24,24006,0,2035,
1611,12,20,12009,0,-360,1155,ctyli,1149,42.958679,-78.814568,1596323705,12,12009,0,2037,
1612,23,19,23006,0,-180,1162,abtba,1159,42.878544,-78.839539,1596323703,23,23006,0,2028,
1616,3,19,25007,0,60,1145,ellop,1146,42.947071,-78.891022,1596323682,25,25007,0,3063,
1618,32,19,32007,0,60,1167,brrtc,1168,42.945534,-78.906761,1596323715,32,32007,0,1036,
1619,40,20,40013,0,0,1160,prtc,1160,43.099396,-79.051559,1596322969,40,40013,0,3047,
1620,6,20,6007,0,0,1162,sycmg,1162,42.880138,-78.875053,1596323715,6,6007,0,1049,
1622,12,20,13006,0,-240,1155,badlv,1151,42.922489,-78.813637,1596323723,13,13006,0,2045,
1623,42,19,42004,0,-240,1160,shops,1156,42.829731,-78.773064,1596323732,42,42004,0,1048,
1624,15,20,15003,0,0,1157,basen,1157,42.869137,-78.830421,1596323687,15,15003,0,1033,
1701,42,20,42003,0,0,1156,tpodl,1156,42.821674,-78.847137,1596323740,42,42003,0,1046,
1702,16,19,14003,0,-420,1158,splke,1151,42.789883,-78.814156,1596323684,14,14003,0,1034,
1703,14,20,16004,0,-180,1157,mcmal,1154,42.789661,-78.819481,1596323707,16,16004,0,1029,
1704,32,20,32012,0,0,1156,bflst,1156,42.933708,-78.877319,1596323721,32,32012,0,1051,
1705,12,19,12008,0,-60,1163,nghmp,1162,42.911324,-78.878441,1596323728,12,12008,0,2036,
1708,55,19,40010,0,-60,1159,nftc,1158,43.091171,-78.968590,1596323717,40,40010,0,3043,
1709,32,19,32008,0,-240,1164,glrml,1160,42.904724,-78.780510,1596323729,32,32008,0,1039,
1710,13,19,8005,0,0,1160,utica,1160,42.911678,-78.864815,1596323334,8,8005,0,2039,
1711,2,19,2003,0,99999,9999,tcbfl,1136,42.882504,-78.872070,1596323625,2,2003,1,1045,
1712,50,20,40015,0,-300,1155,casno,1150,43.088394,-79.059227,1596323693,40,40015,0,3059,
1713,0,0,40008,6,0,1155,ellop,1155,42.882584,-78.872261,1596322589,40,40008,0,3036,
1714,20,19,3008,0,-360,1161,elmdv,1155,42.940804,-78.878662,1596323700,3,3008,0,3056,
1715,5,19,5005,0,0,1160,ellop,1160,42.882584,-78.872223,1596323666,5,5005,0,3055,
1801,32,19,4004,0,60,1162,amsta,1163,42.940884,-78.813637,1596323726,4,4004,0,1035,
1802,5,19,11002,0,0,1159,ngfry,1159,42.928181,-78.897606,1596323702,11,11002,0,3040,
1805,26,20,26004,0,-60,1163,badlv,1162,42.922020,-78.849777,1596323686,26,26004,0,2030,
1806,32,20,32011,0,120,1160,ungen,1162,42.944790,-78.757729,1596323695,32,32011,0,1047,
1807,48,20,12010,0,0,1165,ehmal,1165,42.973499,-78.693703,1596323701,12,12010,0,2041,
1809,35,19,35003,0,0,1160,brrtc,1160,42.945339,-78.907135,1596323684,35,35003,0,3037,
1810,13,19,13004,0,0,1159,dlvgr,1159,42.930325,-78.829269,1596323691,13,13004,0,2034,
1811,0,0,40007,5,60,1163,front,1164,42.981091,-78.885437,1596323717,40,40007,0,3035,
1812,19,20,19005,0,0,1156,winsp,1156,42.945148,-78.813637,1596323719,19,19005,0,1032,
1813,50,19,50004,0,0,1156,casno,1156,43.086002,-79.059151,1596323735,50,50004,0,3052,
1814,34,20,34003,0,60,1167,hazwd,1168,43.034523,-78.799492,1596323722,34,34003,0,3038,
1815,12,20,24008,0,120,1159,utica,1161,42.911186,-78.870621,1596323721,24,24008,0,2046,
1902,23,20,23005,0,-60,1161,brrtc,1160,42.946743,-78.888306,1596323727,23,23005,0,2025,
1903,46,19,19004,0,-180,1159,ctrbd,1156,42.914429,-78.680527,1596323700,19,19004,0,1030,
1904,4,19,6008,0,-60,1160,bdyfl,1159,42.896252,-78.819588,1596323712,6,6008,0,1050,
1905,40,20,40014,0,0,1162,prtc,1162,43.087021,-79.059074,1596323697,40,40014,0,3050,
1907,20,20,20006,0,-60,1159,elmdv,1158,42.909561,-78.877098,1596323716,20,20006,0,3039,
1908,26,19,13005,0,-180,1161,gnhar,1158,42.905933,-78.780617,1596323709,13,13005,0,2043,
1909,34,19,5007,0,0,1155,socam,1155,42.955101,-78.820595,1596323686,5,5007,0,3058,
1910,12,19,12007,0,-120,1165,badlv,1163,42.940582,-78.801796,1596323741,12,12007,0,2032,
1912,25,19,25004,0,0,1160,ellop,1160,42.882530,-78.872147,1596323734,25,25004,0,3041,
1913,22,19,22001,0,-60,1157,lkv,1156,42.902935,-78.888336,1596323698,22,22001,0,2026,
1914,24,19,24007,0,0,1157,genfl,1157,42.905384,-78.831947,1596323713,24,24007,0,2038,
1915,19,19,19006,0,-120,1155,abtba,1153,42.857559,-78.828712,1596323709,19,19006,0,1044,
1916,34,19,34004,0,120,1157,nfbma,1159,42.997124,-78.822639,1596323711,34,34004,0,3048,
1917,40,19,55003,0,0,1162,giplz,1162,43.074837,-78.991112,1596323628,55,55003,0,3042,
1918,8,20,48001,0,-240,1158,mnaln,1154,42.893364,-78.869507,1596323710,48,48001,0,2031,
1920,5,20,5006,0,0,1160,socam,1160,42.954166,-78.820557,1596323418,5,5006,0,3057,
1921,15,19,15004,0,-60,1156,sensm,1155,42.870731,-78.834740,1596323696,15,15004,0,1054,
1922,3,20,3007,0,0,1161,sklmt,1161,42.941051,-78.891724,1596323690,3,3007,0,3051,
2203,8,19,12011,0,0,1158,dlvst,1158,42.933212,-78.846016,1596323705,12,12011,0,2044,
2216,6,20,6006,0,0,1161,glrml,1161,42.906868,-78.779053,1596323712,6,6006,0,1037,
2612,11,20,11003,0,120,1145,tnind,1147,43.080669,-78.990883,1596323724,11,11003,0,3044,
2619,1,20,1001,0,-180,1169,goeth,1166,42.889515,-78.800011,1596323719,1,1001,0,1038,
2623,4,19,32009,0,180,1142,tcbfl,1145,42.885418,-78.873894,1596323739,32,32009,0,1041,
8205,45,99,45205,99,99999,9999,,9999,42.882614,-78.872704,1596323729,45,42007,0,45205,
8216,45,99,45216,99,99999,9999,,9999,42.959229,-78.890350,1596323732,45,46002,0,45216,
8221,45,99,45221,99,99999,9999,,9999,42.844250,-78.757729,1596323685,45,47004,0,45221,
8229,45,99,45229,99,99999,9999,,9999,42.984280,-78.896301,1596323695,45,49001,0,45229,
