1301,155,20,155003,0,0,1288,ngfom,1288,43.095379,-78.982697,1596331679,155,155003,0,3060,
1304,155,19,155004,0,-120,1287,hojo,1285,43.092659,-78.987465,1596331705,155,155004,0,3061,
1501,25,19,25005,0,0,1290,dlwdv,1290,42.927769,-78.867828,1596331703,25,25005,0,3045,
1502,20,19,20008,0,0,1288,elken,1288,42.959118,-78.878845,1596331704,20,20008,0,3054,
1504,23,19,23007,0,60,1296,abtba,1297,42.880661,-78.839279,1596331660,23,23007,0,2040,
1507,46,19,46002,0,0,1291,ctrbd,1291,42.910332,-78.671967,1596331691,46,46002,0,1042,
1511,23,20,23008,0,-180,1299,brrtc,1296,42.947868,-78.868240,1596331708,23,23008,0,2042,
1514,32,20,32010,0,-120,1288,amsta,1286,42.940224,-78.838608,1596331686,32,32010,0,1043,
1518,16,19,16005,0,0,1290,mowsh,1290,42.887562,-78.872780,1596331230,16,16005,0,1040,
1519,5,20,20007,0,99999,9999,socam,1200,42.902164,-78.877098,1596331707,20,20007,0,3053,
1520,6,19,6009,0,0,1294,wtfrt,1294,42.880386,-78.883057,1596331694,6,6009,0,1052,
1601,40,19,40012,0,0,1305,tcbfl,1305,42.931919,-78.900696,1596331700,40,40012,0,3046,
1604,24,19,24009,0,0,1290,marmn,1290,42.877277,-78.877769,1596331494,24,24009,0,2047,
1605,3,19,3006,0,-120,1293,trcem,1291,42.904308,-78.886551,1596331662,3,3006,0,3049,
1607,14,20,14004,0,99999,9999,rdgab,1288,42.833141,-78.805779,1596331706,14,14004,0,1053,
1609,19,19,19007,0,0,1293,abtba,1293,42.857643,-78.828636,1596331670,19,19007,0,1055,
1610,24,19,24006,0,0,1292,bagen,1292,42.918007,-78.800423,1596331702,24,24006,0,2035,
1611,8,19,12009,0,-60,1289,dlvst,1288,42.926697,-78.852684,1596331672,12,12009,0,2037,
1618,0,0,32007,5,-240,1305,front,1301,42.912807,-78.901443,1596331683,32,32007,0,1036,
1620,0,0,6007,6,0,1290,tcbfl,1290,42.883629,-78.872520,1596331682,6,6007,0,1049,
1622,48,19,13006,0,1560,1269,socam,1295,42.954937,-78.819923,1596331630,13,13006,0,2045,
1623,42,19,42004,0,0,1288,tpodl,1288,42.820873,-78.847733,1596331699,42,42004,0,1048,
1701,42,20,42003,0,0,1298,shops,1298,42.827309,-78.821747,1596331707,42,42003,0,1046,
1702,6,19,6008,0,-120,1296,wldba,1294,42.906704,-78.784195,1596331711,6,6008,0,1050,
1704,32,19,32012,0,0,1289,dlwam,1289,42.940582,-78.867271,1596331688,32,32012,0,1051,
1705,48,20,12008,0,0,1300,ehmal,1300,42.962692,-78.745483,1596331695,12,12008,0,2036,
1708,40,19,40010,0,180,1280,tcbfl,1283,42.932800,-78.902115,1596331674,40,40010,0,3043,
1709,32,20,32008,0,0,1298,twyml,1298,42.911846,-78.764275,1596331700,32,32008,0,1039,
1710,8,20,8005,0,-60,1290,mnaln,1289,42.894958,-78.869247,1596331660,8,8005,0,2039,
1711,2,19,2003,0,360,1280,tcbfl,1286,42.882614,-78.872299,1596331712,2,2003,0,1045,
1713,55,19,40015,0,-60,1290,nftc,1289,43.091915,-78.969406,1596331653,40,40015,0,3059,
1714,20,19,3008,0,0,1290,ellop,1290,42.882641,-78.872444,1596331428,3,3008,0,3056,
1715,34,20,5005,0,0,1297,hazwd,1297,43.028858,-78.815201,1596331629,5,5005,0,3055,
1806,32,19,32011,0,0,1307,brrtc,1307,42.945423,-78.906876,1596331122,32,32011,0,1047,
1807,12,20,12010,0,-180,1290,filut,1287,42.911018,-78.848175,1596331668,12,12010,0,2041,
1813,50,20,50004,0,0,1316,nftc,1316,43.100742,-78.979904,1596331701,50,50004,0,3052,
1815,24,20,24008,0,99999,9999,airpt,1296,42.928097,-78.749313,1596331688,24,24008,0,2046,
1905,40,20,40014,0,60,1290,brrtc,1291,42.939178,-78.904602,1596331671,40,40014,0,3050,
1908,0,0,13005,6,0,1290,utica,1290,42.911678,-78.864815,1596331497,13,13005,0,2043,
1909,5,19,5007,0,-240,1294,brrtc,1290,42.953426,-78.905724,1596331714,5,5007,0,3058,
1912,25,20,25004,0,0,1296,dlwkn,1296,42.935249,-78.866043,1596331701,25,25004,0,3041,
1914,0,0,24007,5,-120,1307,front,1305,42.879616,-78.875275,1596331681,24,24007,0,2038,
1915,19,20,19006,0,60,1295,socam,1296,42.955021,-78.820450,1596331675,19,19006,0,1044,
1916,34,19,34004,0,0,1290,socam,1290,42.955158,-78.820930,1596331619,34,34004,0,3048,
1917,55,19,40013,0,120,1288,prtc,1290,43.099396,-79.051636,1596331656,40,40013,0,3047,
1920,5,20,5006,0,-60,1298,kenml,1297,42.951416,-78.908890,1596331685,5,5006,0,3057,
1921,15,20,15004,0,-60,1288,basen,1287,42.868919,-78.830200,1596331663,15,15004,0,1054,
1922,3,20,3007,0,0,1289,tonvl,1289,42.960052,-78.907959,1596331597,3,3007,0,3051,
2203,12,19,12011,0,-240,1292,badlv,1288,42.929966,-78.809952,1596331682,12,12011,0,2044,
2216,6,20,6006,0,60,1305,glrml,1306,42.910717,-78.763947,1596331548,6,6006,0,1037,
2612,50,20,11003,0,0,1290,prtc,1290,43.106491,-79.053642,1596331641,11,11003,0,3044,
2619,1,20,1001,0,120,1293,goeth,1295,42.889542,-78.800049,1596331694,1,1001,0,1038,
2623,32,19,32009,0,-240,1295,ungen,1291,42.907253,-78.754562,1596331712,32,32009,0,1041,
8205,45,99,45205,99,99999,9999,,9999,42.884510,-78.793159,1596331670,45,42007,0,45205,
8229,45,99,45229,99,99999,9999,,9999,42.978889,-78.697243,1596331664,45,49001,0,45229,
