1301,155,19,155003,0,-60,1112,ltity,1111,43.090897,-79.000046,1596320911,155,155003,0,3060,
1304,155,20,155004,0,60,1109,4pts,1110,43.074783,-78.981804,1596320878,155,155004,0,3061,
1501,3,20,3005,0,60,1106,tonvl,1107,42.943771,-78.907135,1596320876,3,3005,0,3033,
1502,20,19,20008,0,0,1110,ellop,1110,42.882557,-78.872299,1596320690,20,20008,0,3054,
1504,23,19,23007,0,0,1109,bdyfl,1109,42.898258,-78.839355,1596320893,23,23007,0,2040,
1505,13,19,13003,0,0,1111,utica,1111,42.915310,-78.857224,1596320872,13,13003,0,2033,
1506,0,0,20005,5,-120,1109,front,1107,43.019756,-78.973091,1596320854,20,20005,0,3034,
1507,4,19,46002,0,0,1115,tcbfl,1115,42.883492,-78.872368,1596320745,46,46002,0,1042,
1509,6,20,6005,0,0,1113,wldba,1113,42.898094,-78.837715,1596320888,6,6005,0,1031,
1511,23,20,23008,0,0,1120,brrtc,1120,42.947815,-78.869507,1596320880,23,23008,0,2042,
1514,32,20,32010,0,0,1107,amsta,1107,42.940197,-78.838646,1596320860,32,32010,0,1043,
1516,24,19,24005,0,-120,1113,marmn,1111,42.883190,-78.872894,1596320871,24,24005,0,2027,
1518,14,20,16005,0,-120,1108,mcmal,1106,42.782566,-78.808571,1596320882,16,16005,0,1040,
1519,3,19,20007,0,60,1114,ellop,1115,42.888828,-78.874756,1596320898,20,20007,0,3053,
1520,6,20,6009,0,0,1127,glrml,1127,42.910221,-78.763611,1596320809,6,6009,0,1052,
1601,40,19,40012,0,-120,1121,giplz,1119,43.081135,-79.051262,1596320873,40,40012,0,3046,
1603,32,19,32012,0,-120,1108,amsta,1106,42.940281,-78.837715,1596320901,32,32012,0,1051,
1604,24,19,24009,0,60,1112,andrw,1113,42.924332,-78.775894,1596320906,24,24009,0,2047,
1605,3,20,3006,0,0,1116,frgrt,1116,42.902359,-78.886368,1596320895,3,3006,0,3049,
1607,16,19,14004,0,0,1111,abtba,1111,42.848541,-78.823608,1596320879,14,14004,0,1053,
1609,19,20,19007,0,0,1108,bdyba,1108,42.896721,-78.813972,1596320903,19,19007,0,1055,
1610,24,20,24006,0,0,1109,bagen,1109,42.912395,-78.814194,1596320876,24,24006,0,2035,
1611,12,20,12009,0,0,1109,filut,1109,42.910912,-78.839653,1596320905,12,12009,0,2037,
1612,23,20,23006,0,0,1110,brrtc,1110,42.945671,-78.907097,1596320134,23,23006,0,2028,
1616,3,19,25007,0,-240,1112,sklmt,1108,42.963188,-78.903152,1596320881,25,25007,0,3063,
1617,25,20,25005,0,0,1116,dlwnr,1116,42.883686,-78.877357,1596320865,25,25005,0,3045,
1618,32,19,32007,0,-180,1114,ungen,1111,42.907059,-78.755043,1596320857,32,32007,0,1036,
1619,40,20,40013,0,0,1160,prtc,1160,43.099369,-79.051559,1596320888,40,40013,0,3047,
1620,6,19,6007,0,-180,1109,twyml,1106,42.903732,-78.781586,1596320855,6,6007,0,1049,
1621,25,20,25006,0,-120,1116,orch,1114,42.961704,-78.869911,1596320874,25,25006,0,3062,
1622,12,19,13006,0,-120,1111,nghmp,1109,42.915173,-78.895897,1596320863,13,13006,0,2045,
1623,42,20,42004,0,-180,1116,shops,1113,42.827202,-78.816948,1596320873,42,42004,0,1048,
1624,15,19,15003,0,0,1110,scl,1110,42.844635,-78.794464,1596320887,15,15003,0,1033,
1701,42,19,42003,0,0,1118,spkls,1118,42.820930,-78.848511,1596320905,42,42003,0,1046,
1702,16,20,14003,0,60,1109,rdgsp,1110,42.826183,-78.824059,1596320884,14,14003,0,1034,
1703,16,19,16004,0,0,1110,mowsh,1110,42.887589,-78.872742,1596320848,16,16004,0,1029,
1705,12,20,12008,0,0,1110,ctyli,1110,42.958679,-78.814568,1596320441,12,12008,0,2036,
1708,55,20,40010,0,-180,1108,pnhyd,1105,43.095078,-79.024277,1596320907,40,40010,0,3043,
1709,32,20,32008,0,120,1118,twyml,1120,42.911652,-78.765060,1596320870,32,32008,0,1039,
1710,8,20,8005,0,0,1109,socam,1109,42.954166,-78.820557,1596320716,8,8005,0,2039,
1711,2,20,2003,0,-60,1108,fern,1107,42.871422,-78.795059,1596320885,2,2003,0,1045,
1712,50,19,40015,0,-180,1113,olopc,1110,43.140095,-79.039200,1596320833,40,40015,0,3059,
1713,40,19,40008,0,-60,1096,brrtc,1095,42.955101,-78.910522,1596320048,40,40008,0,3036,
1714,20,20,3008,0,120,1113,elken,1115,42.947540,-78.878143,1596320899,3,3008,0,3056,
1715,5,19,5005,0,0,1111,brrtc,1111,42.957577,-78.910858,1596320865,5,5005,0,3055,
1801,4,20,4004,0,-300,1109,twyml,1104,42.904888,-78.780655,1596320867,4,4004,0,1035,
1802,5,20,11002,0,0,1120,socam,1120,42.954578,-78.819847,1596320842,11,11002,0,3040,
1805,26,19,26004,0,0,1117,dlvst,1117,42.922680,-78.815903,1596320886,26,26004,0,2030,
1806,32,19,32011,0,0,1109,brrtc,1109,42.945560,-78.906731,1596320894,32,32011,0,1047,
1807,48,19,12010,0,-120,1115,mnegt,1113,42.960823,-78.757538,1596320835,12,12010,0,2041,
1809,35,19,35003,0,60,1113,nfbsh,1114,42.990879,-78.814232,1596320883,35,35003,0,3037,
1810,13,20,13004,0,0,1140,socam,1140,42.955048,-78.820114,1596320891,13,13004,0,2034,
1811,35,20,40007,0,-60,1116,ens,1115,42.951664,-78.908920,1596320859,40,40007,0,3035,
1812,19,19,19005,0,180,1115,abtba,1118,42.881046,-78.814232,1596320861,19,19005,0,1032,
1813,50,20,50004,0,0,1127,nftc,1127,43.100689,-78.979942,1596320875,50,50004,0,3052,
1814,34,19,34003,0,0,1115,socam,1115,42.976139,-78.823273,1596320862,34,34003,0,3038,
1815,12,19,24008,0,99999,9999,socam,1083,42.914623,-78.819847,1596320862,24,24008,0,2046,
1902,23,19,23005,0,0,1110,abtba,1110,42.857643,-78.828636,1596320808,23,23005,0,2025,
1903,0,0,19004,6,99999,9999,twyml,1125,42.902466,-78.783745,1596320661,19,19004,0,1030,
1904,46,19,6008,0,180,1115,glrml,1118,42.908627,-78.741386,1596320853,6,6008,0,1050,
1905,40,20,40014,0,-60,1123,brrtc,1122,42.899277,-78.890236,1596320905,40,40014,0,3050,
1906,13,20,8004,0,-60,1119,winsp,1118,42.928677,-78.830345,1596320833,8,8004,0,2024,
1907,20,19,20006,0,-180,1114,elmdv,1111,42.939209,-78.878700,1596320857,20,20006,0,3039,
1908,22,19,13005,0,0,1110,lkv,1110,42.898151,-78.893738,1596320909,13,13005,0,2043,
1909,34,20,5007,0,60,1109,nfbma,1110,42.989971,-78.822304,1596320886,5,5007,0,3058,
1910,12,20,12007,0,-180,1108,socam,1105,42.951389,-78.825363,1596320812,12,12007,0,2032,
1912,25,20,25004,0,0,1110,mnngr,1110,43.020580,-78.879593,1596320815,25,25004,0,3041,
1913,26,20,22001,0,-180,1113,gnhar,1110,42.922707,-78.802353,1596320897,22,22001,0,2026,
1914,24,20,24007,0,0,1130,airpt,1130,42.934174,-78.730179,1596320795,24,24007,0,2038,
1915,19,20,19006,0,0,1110,socam,1110,42.955048,-78.820450,1596320909,19,19006,0,1044,
1916,34,20,34004,0,0,1130,hazwd,1130,43.028858,-78.815010,1596320911,34,34004,0,3048,
1917,55,19,55003,0,0,1136,prtc,1136,43.099396,-79.051636,1596320888,55,55003,0,3042,
1918,8,19,48001,0,-60,1110,dlvst,1109,42.928318,-78.850967,1596320910,48,48001,0,2031,
1920,5,20,5006,0,60,1119,kenml,1120,42.948639,-78.908363,1596320860,5,5006,0,3057,
1921,15,20,15004,0,0,1113,scl,1113,42.857586,-78.812447,1596320896,15,15004,0,1054,
1922,5,19,3007,0,0,1125,ellop,1125,42.882614,-78.872444,1596320890,3,3007,0,3051,
2203,8,20,12011,0,99999,9999,mnaln,1109,42.895096,-78.871178,1596320901,12,12011,1,2044,
2216,6,19,6006,0,0,1110,wtfrt,1110,42.877911,-78.879074,1596320908,6,6006,0,1037,
2612,11,20,11003,0,0,1113,dlwdv,1113,42.904503,-78.872559,1596320853,11,11003,0,3044,
2618,18,19,18002,0,-60,1101,spkls,1100,42.871502,-78.863068,1596320485,18,18002,0,2029,
2619,1,19,1001,0,-60,1113,tcbfl,1112,42.886131,-78.879143,1596320912,1,1001,0,1038,
2623,4,19,32009,0,-120,1111,michl,1109,42.906593,-78.784561,1596320870,32,32009,0,1041,
8205,45,99,45205,99,99999,9999,,9999,42.915421,-78.864334,1596320857,45,42007,0,45205,
8216,45,99,45216,99,99999,9999,,9999,42.908131,-78.679375,1596320756,45,46002,0,45216,
8221,45,99,45221,99,99999,9999,,9999,42.835423,-78.755791,1596320456,45,47004,0,45221,
8229,45,99,45229,99,99999,9999,,9999,43.108250,-78.985786,1596320883,45,49001,0,45229,
