1066,155,20,155002,0,0,900,nfia,900,43.101624,-78.939598,1596307350,155,155002,0,3027,
1301,155,19,155001,0,-120,883,casno,881,43.088177,-79.059265,1596307336,155,155001,0,3017,
1501,5,19,3005,0,-120,894,dlwkn,892,42.955212,-78.821045,1596307383,3,3005,0,3033,
1502,1,20,32002,0,-120,887,nolvj,885,42.884758,-78.818214,1596307363,32,32002,0,1015,
1504,46,19,32004,0,-120,891,glrml,889,42.903622,-78.781883,1596307378,32,32004,0,1018,
1505,13,19,13003,0,-240,894,dlvgr,890,42.943523,-78.813744,1596307358,13,13003,0,2033,
1506,20,19,20005,0,-60,886,elken,885,42.972454,-78.878807,1596307339,20,20005,0,3034,
1507,0,0,46002,4,540,896,lterr,905,42.946304,-78.891243,1596307289,46,46002,0,1042,
1508,35,20,35002,0,0,885,covhl,885,42.998417,-78.789368,1596307384,35,35002,0,3019,
1509,6,20,6005,0,-360,889,twyml,883,42.906261,-78.803101,1596307366,6,6005,0,1031,
1511,2,19,2002,0,120,898,tcbfl,900,42.883217,-78.872597,1596307373,2,2002,0,1020,
1512,26,20,26003,0,0,885,twyml,885,42.903267,-78.783371,1596307120,26,26003,0,2019,
1516,24,19,24005,0,0,896,marmn,896,42.877251,-78.877731,1596307356,24,24005,0,2027,
1517,5,19,5004,0,-120,891,ngvrg,889,42.913494,-78.899658,1596307375,5,5004,0,3029,
1518,0,0,16005,4,720,888,mowsh,900,42.887562,-78.872818,1596307367,16,16005,0,1040,
1519,16,19,16003,0,120,888,mowsh,890,42.880028,-78.875053,1596307382,16,16003,0,1012,
1520,24,19,24004,0,120,888,marmn,890,42.877304,-78.876022,1596307388,24,24004,0,2015,
1601,0,0,40012,4,99999,9999,nftc,897,43.101677,-78.979530,1596307371,40,40012,0,3046,
1603,4,19,4003,0,-360,885,bdyfl,879,42.894409,-78.832321,1596307386,4,4003,0,1023,
1604,12,19,12004,0,-240,889,filut,885,42.914814,-78.813782,1596307332,12,12004,0,2017,
1606,5,20,25003,0,-120,891,ngvrg,889,42.883217,-78.873787,1596307381,25,25003,0,3031,
1607,20,20,20003,0,-240,886,elmnr,882,42.894161,-78.877281,1596307364,20,20003,0,3022,
1608,50,19,40004,0,-240,891,nuniv,887,43.114574,-79.055428,1596307376,40,40004,0,3021,
1609,19,20,19003,0,60,887,winsp,888,42.940117,-78.813637,1596307388,19,19003,0,1026,
1610,24,20,24006,0,0,888,bagen,888,42.904667,-78.833473,1596307362,24,24006,0,2035,
1611,0,0,12009,4,-120,882,ctyli,880,42.958706,-78.814606,1596307331,12,12009,0,2037,
1612,23,19,23006,0,-240,884,bdyfl,880,42.897736,-78.839394,1596307389,23,23006,0,2028,
1614,34,20,34002,0,0,890,hazwd,890,43.028831,-78.814903,1596307390,34,34002,0,3028,
1615,6,20,6006,0,0,892,sycmg,892,42.878212,-78.880783,1596307337,6,6006,0,1037,
1616,32,20,32003,0,-180,883,ungen,880,42.931042,-78.754265,1596307367,32,32003,0,1016,
1617,40,19,40006,0,60,903,tcbfl,904,42.940006,-78.905167,1596307350,40,40006,0,3026,
1618,25,20,25005,0,-120,882,dlwnr,880,42.901615,-78.873192,1596307342,25,25005,0,3045,
1619,20,20,20004,0,60,883,dlwsh,884,42.980843,-78.872665,1596307374,20,20004,0,3025,
1620,6,20,6004,0,0,886,glrml,886,42.910828,-78.763641,1596307341,6,6004,0,1024,
1621,0,0,25006,4,180,888,tonvl,891,42.960079,-78.907959,1596307359,25,25006,0,3062,
1622,46,19,46001,0,0,887,twyml,887,42.903484,-78.783333,1596307169,46,46001,0,1022,
1624,15,20,15003,0,-60,882,basen,881,42.866661,-78.824394,1596307373,15,15003,0,1033,
1701,25,19,25002,0,-120,887,ellop,885,42.890835,-78.876877,1596307365,25,25002,0,3014,
1702,14,19,14003,0,-360,890,rdgab,884,42.796730,-78.795212,1596307369,14,14003,0,1034,
1703,42,20,42002,0,0,888,sogat,888,42.829426,-78.776855,1596307334,42,42002,0,1019,
1704,23,20,23004,0,-180,886,bdyfl,883,42.879066,-78.839203,1596307352,23,23004,0,2023,
1705,8,19,12008,0,-120,887,dlvst,885,42.935387,-78.843376,1596307355,12,12008,0,2036,
1707,3,19,40011,0,0,884,frgrt,884,42.918636,-78.890686,1596307386,40,40011,0,3023,
1708,40,20,40010,0,0,885,casno,885,43.083721,-79.059006,1596307358,40,40010,0,3043,
1709,0,0,32008,4,180,891,twyml,894,42.932690,-78.786835,1596307355,32,32008,0,1039,
1710,0,0,24003,5,0,900,front,900,42.931755,-78.762901,1596307379,24,24003,0,2014,
1712,55,19,55002,0,-480,885,nfb56,877,43.089386,-78.988022,1596307378,55,55002,0,3030,
1713,40,20,40008,0,0,900,prtc,900,43.099339,-79.051636,1596307063,40,40008,0,3036,
1714,25,20,34001,0,0,888,mnngr,888,43.004082,-78.874603,1596307384,34,34001,0,3020,
1715,5,19,5003,0,99999,9999,ellop,857,42.882614,-78.872444,1596307351,5,5003,0,3018,
1716,5,20,40002,0,-360,887,kenml,881,42.953068,-78.900589,1596307387,40,40002,0,3012,
1801,4,20,4004,0,-60,886,bdmgn,885,42.885334,-78.873596,1596307353,4,4004,0,1035,
1802,11,19,11002,0,-120,886,dlwdv,884,42.934917,-78.866158,1596307388,11,11002,0,3040,
1804,14,20,14002,0,-60,889,abtba,888,42.871365,-78.862541,1596307362,14,14002,0,1028,
1805,22,20,26004,0,-240,888,bstgn,884,42.903843,-78.858376,1596307371,26,26004,0,2030,
1806,3,19,3004,0,0,885,ellop,885,42.882530,-78.872040,1596307380,3,3004,0,3015,
1807,44,20,18001,0,-120,889,wnbrg,887,42.996956,-78.780243,1596307385,18,18001,0,2016,
1808,23,20,23003,0,0,892,brrtc,892,42.947815,-78.871330,1596307340,23,23003,0,2021,
1809,35,19,35003,0,0,885,wtrgt,885,42.956284,-78.911674,1596307308,35,35003,0,3037,
1810,13,20,13004,0,-60,889,flfry,888,42.915283,-78.864143,1596307376,13,13004,0,2034,
1811,40,19,40007,0,-60,897,giplz,896,43.083748,-79.059372,1596307368,40,40007,0,3035,
1812,19,19,19005,0,0,885,abtba,885,42.857643,-78.828636,1596306987,19,19005,0,1032,
1813,40,20,40009,0,0,889,giplz,889,42.997398,-78.934494,1596307361,40,40009,0,3016,
1814,34,19,34003,0,0,885,socam,885,42.955158,-78.820930,1596307347,34,34003,0,3038,
1815,32,20,32005,0,-60,885,amsta,884,42.941242,-78.853615,1596307346,32,32005,0,1025,
1816,12,20,12006,0,-180,889,socam,886,42.948421,-78.803436,1596307352,12,12006,0,2022,
1901,6,19,6003,0,-180,886,sycfl,883,42.903210,-78.821747,1596307360,6,6003,0,1021,
1902,23,19,23005,0,0,888,hrtpk,888,42.947704,-78.868759,1596307353,23,23005,0,2025,
1903,19,19,19004,0,-240,885,baken,881,42.944405,-78.813782,1596307384,19,19004,0,1030,
1904,15,19,15002,0,0,887,basen,887,42.857258,-78.811882,1596307338,15,15002,0,1013,
1905,32,19,4002,0,-360,883,brrtc,877,42.945587,-78.907394,1596307390,4,4002,0,1010,
1906,8,20,8004,0,-360,890,mnaln,884,42.884594,-78.872299,1596307377,8,8004,0,2024,
1907,20,19,20006,0,-420,886,elmnr,879,42.910828,-78.877174,1596307343,20,20006,0,3039,
1908,12,20,12005,0,-60,886,filut,885,42.911213,-78.852013,1596307335,12,12005,0,2018,
1909,42,19,42001,0,-480,886,spkls,878,42.854397,-78.864220,1596307371,42,42001,0,1017,
1910,12,19,12007,0,0,890,nghmp,890,42.910965,-78.899879,1596307297,12,12007,0,2032,
1911,4,20,32007,0,-120,882,twyml,880,42.902908,-78.783630,1596307342,32,32007,0,1036,
1912,25,19,25004,0,0,886,dlwkn,886,42.971024,-78.871140,1596307361,25,25004,0,3041,
1913,26,19,22001,0,-60,886,ngdlv,885,42.922047,-78.892021,1596307382,22,22001,0,2026,
1914,0,0,24007,4,99999,9999,airpt,885,42.934120,-78.730553,1596307340,24,24007,0,2038,
1916,0,0,34004,4,0,910,socam,910,42.959583,-78.890762,1596307336,34,34004,0,3048,
1917,55,20,55003,0,0,897,nfia,897,43.100468,-78.979202,1596307373,55,55003,0,3042,
1918,48,19,48001,0,0,886,mnegt,886,42.963379,-78.783669,1596307335,48,48001,0,2031,
1919,40,19,55001,0,120,873,tcbfl,875,42.883411,-78.872444,1596307372,55,55001,0,3009,
1920,34,20,11001,0,0,886,advpk,886,42.996574,-78.816833,1596307345,11,11001,0,3024,
1921,13,20,8003,0,-180,887,socam,884,42.950867,-78.813675,1596307380,8,8003,0,2020,
1922,3,20,3003,0,-120,894,sklmt,892,42.925789,-78.889603,1596307375,3,3003,0,3013,
2206,16,20,16004,0,60,902,mcmal,903,42.782597,-78.808830,1596307379,16,16004,0,1029,
2215,52,20,52001,0,0,891,pnhyd,891,43.104565,-79.049248,1596307356,52,52001,0,3032,
2216,0,0,32006,6,-120,889,brrtc,887,42.945396,-78.907173,1596307306,32,32006,0,1027,
2218,32,19,32001,0,-180,884,knhty,881,42.944981,-78.790108,1596307383,32,32001,0,1014,
2612,11,20,11003,0,120,883,clvkn,885,42.954250,-78.859230,1596307345,11,11003,0,3044,
2618,18,20,18002,0,-240,887,genjf,883,42.885006,-78.854210,1596307357,18,18002,0,2029,
2619,0,0,1001,4,-240,889,tcbfl,885,42.882584,-78.872444,1596307383,1,1001,0,1038,
2623,0,0,32009,4,0,905,twyml,905,42.958679,-78.889679,1596307350,32,32009,0,1041,
8216,45,99,45216,99,99999,9999,,9999,42.989532,-78.838051,1596307282,45,46002,0,45216,
8217,45,99,45217,99,99999,9999,,9999,42.965744,-78.729698,1596307372,45,46003,0,45217,
8221,45,99,45221,99,99999,9999,,9999,42.942097,-78.802841,1596307300,45,47004,0,45221,
8222,45,99,45222,99,99999,9999,,9999,43.041176,-78.987648,1596307353,45,47005,0,45222,
8226,45,99,45226,99,99999,9999,,9999,42.826126,-78.756386,1596307242,45,48004,0,45226,
8232,45,99,45232,99,99999,9999,,9999,42.930794,-78.754448,1596307374,45,50020,0,45232,
8233,45,99,45233,99,99999,9999,,9999,99.000000,999.000000,1596284294,45,50021,0,45233,
8234,45,99,45234,99,99999,9999,,9999,42.949245,-78.890907,1596307370,45,50022,0,45234,
8240,45,99,45240,99,99999,9999,,9999,42.826870,-78.754822,1596306931,45,52028,0,45240,
