1066,155,19,155002,0,0,840,falls,840,43.084187,-79.060677,1596304782,155,155002,0,3027,
1301,155,20,155001,0,0,840,nfia,840,43.100937,-78.941048,1596304708,155,155001,0,3017,
1501,0,0,3005,6,480,872,socam,880,42.954140,-78.820518,1596304795,3,3005,0,3033,
1502,1,19,32002,0,-180,844,wmmgn,841,42.885117,-78.848099,1596304795,32,32002,0,1015,
1504,32,20,32004,0,0,842,clwbr,842,42.944267,-78.795433,1596304751,32,32004,0,1018,
1505,0,0,13003,4,-1440,844,wtfrt,820,42.880962,-78.880333,1596304789,13,13003,0,2033,
1506,20,20,20005,0,-120,848,elken,846,42.936569,-78.878250,1596304771,20,20005,0,3034,
1507,12,20,12003,0,120,845,knegt,847,42.929886,-78.799339,1596304781,12,12003,0,2013,
1508,35,19,35002,0,0,840,brrtc,840,42.945286,-78.907135,1596304765,35,35002,0,3019,
1509,6,19,6005,0,-840,844,sycmg,830,42.895729,-78.845497,1596304798,6,6005,0,1031,
1511,2,20,2002,0,0,841,cltba,841,42.872025,-78.820259,1596304797,2,2002,0,1020,
1512,26,19,26003,0,0,840,ngdlv,840,42.922131,-78.897980,1596304791,26,26003,0,2019,
1516,24,19,24005,0,-1320,850,ungen,828,42.933571,-78.732307,1596304788,24,24005,0,2027,
1517,5,20,5004,0,0,840,socam,840,42.954388,-78.820969,1596304747,5,5004,0,3029,
1518,0,0,8002,5,0,841,front,841,42.958679,-78.864998,1596304799,8,8002,0,2011,
1519,16,20,16003,0,99999,9999,mcmal,822,42.783226,-78.808647,1596304755,16,16003,0,1012,
1520,24,20,24004,0,0,840,airpt,840,42.934120,-78.730629,1596304726,24,24004,0,2015,
1601,0,0,20002,5,-60,841,front,840,42.965828,-78.897980,1596304790,20,20002,0,3007,
1603,32,20,4003,0,0,861,twyml,861,42.902164,-78.783821,1596304766,4,4003,0,1023,
1604,12,20,12004,0,0,850,ctyli,850,42.958706,-78.814568,1596304579,12,12004,0,2017,
1606,25,19,25003,0,0,846,dlwnr,846,42.921387,-78.867683,1596304782,25,25003,0,3031,
1607,20,19,20003,0,-420,847,elmdv,840,42.940636,-78.878700,1596304794,20,20003,0,3022,
1608,50,19,40004,0,-240,846,mlnfb,842,43.100689,-78.978867,1596304808,40,40004,0,3021,
1609,19,19,19003,0,-180,838,bdyba,835,42.895153,-78.814194,1596304761,19,19003,0,1026,
1610,0,0,24006,4,0,860,marmn,860,42.959667,-78.890015,1596304794,24,24006,0,2035,
1611,0,0,2001,5,-300,844,front,839,42.955296,-78.889755,1596304763,2,2001,0,1009,
1612,23,20,23006,0,0,840,brrtc,840,42.945671,-78.907097,1596304522,23,23006,0,2028,
1614,34,20,34002,0,60,855,audbn,856,42.995224,-78.822380,1596304762,34,34002,0,3028,
1615,6,19,16002,0,60,846,wldba,847,42.907116,-78.795212,1596304769,16,16002,0,1011,
1616,32,20,32003,0,-240,847,bflst,843,42.938080,-78.890129,1596304799,32,32003,0,1016,
1617,40,20,40006,0,0,840,prtc,840,43.099396,-79.051636,1596303229,40,40006,0,3026,
1618,0,0,50002,5,0,864,front,864,43.100082,-78.979980,1596304774,50,50002,0,3011,
1619,20,19,20004,0,0,840,ellop,840,42.882584,-78.872299,1596304746,20,20004,0,3025,
1620,6,20,6004,0,-60,839,sycfl,838,42.897133,-78.840767,1596304773,6,6004,0,1024,
1621,55,19,50001,0,-600,844,prtc,834,43.093372,-79.057251,1596304791,50,50001,0,3002,
1622,46,19,46001,0,-60,842,ctrbd,841,42.915611,-78.672485,1596304780,46,46001,0,1022,
1624,15,19,15003,0,0,843,basen,843,42.858990,-78.814041,1596304804,15,15003,0,1033,
1701,25,20,25002,0,-60,839,mnngr,838,43.020771,-78.878662,1596304797,25,25002,0,3014,
1702,14,20,14003,0,-180,844,rdgab,841,42.841995,-78.808830,1596304801,14,14003,0,1034,
1703,42,19,42002,0,0,840,mohel,840,42.886929,-78.872070,1596304706,42,42002,0,1019,
1704,23,19,23004,0,-300,840,mnfil,835,42.940445,-78.837975,1596304783,23,23004,0,2023,
1705,0,0,12008,4,0,865,socam,865,42.959034,-78.890053,1596304667,12,12008,0,2036,
1707,0,0,40011,4,0,856,tonvl,856,42.959366,-78.891205,1596304758,40,40011,0,3023,
1708,40,20,40010,0,-300,857,brrtc,852,42.891769,-78.883125,1596304765,40,40010,0,3043,
1709,15,20,15001,0,120,820,sogat,822,42.936871,-78.893700,1596304788,15,15001,0,1006,
1710,24,20,24003,0,0,845,genmn,845,42.882557,-78.874123,1596304751,24,24003,0,2014,
1711,3,20,5002,0,60,843,frgrt,844,42.911018,-78.894478,1596304801,5,5002,0,3008,
1712,55,20,55002,0,-120,843,nfia,841,43.093594,-78.957832,1596304690,55,55002,0,3030,
1713,40,20,40008,0,0,852,falls,852,43.028938,-78.969635,1596304635,40,40008,0,3036,
1714,5,19,34001,0,0,840,ellop,840,42.882641,-78.872444,1596304518,34,34001,0,3020,
1715,5,19,5003,0,0,840,ngfry,840,42.915421,-78.899467,1596304783,5,5003,0,3018,
1716,0,0,40002,6,99999,9999,ellop,840,42.882584,-78.872185,1596304699,40,40002,0,3012,
1801,4,19,4004,0,-180,841,michl,838,42.900158,-78.784676,1596304785,4,4004,0,1035,
1802,11,20,11002,0,-360,847,tnind,841,42.990524,-78.852715,1596304760,11,11002,0,3040,
1804,14,19,14002,0,60,840,abtba,841,42.857121,-78.829048,1596304780,14,14002,0,1028,
1805,22,19,26004,0,-480,844,wldba,836,42.907005,-78.796959,1596304803,26,26004,0,2030,
1806,3,19,3004,0,180,852,frgrt,855,42.946495,-78.891243,1596304752,3,3004,0,3015,
1807,13,20,18001,0,0,849,winsp,849,42.930050,-78.829117,1596304757,18,18001,0,2016,
1808,23,19,23003,0,0,840,abtba,840,42.857697,-78.829048,1596304772,23,23003,0,2021,
1809,35,20,35003,0,0,840,covhl,840,43.000011,-78.783371,1596304800,35,35003,0,3037,
1810,0,0,13004,4,360,834,socam,840,42.955132,-78.820709,1596304808,13,13004,0,2034,
1811,40,20,40007,0,0,870,prtc,870,43.099369,-79.051704,1596304776,40,40007,0,3035,
1812,19,20,19005,0,0,840,socam,840,42.954994,-78.820450,1596304718,19,19005,0,1032,
1813,40,19,40009,0,0,851,tcbfl,851,42.883438,-78.872337,1596304793,40,40009,0,3016,
1814,34,19,34003,0,0,844,audbn,844,43.045029,-78.810585,1596304719,34,34003,0,3038,
1815,32,19,32005,0,0,857,brrtc,857,42.945534,-78.907059,1596304719,32,32005,0,1025,
1816,12,19,12006,0,0,830,nghmp,830,42.915283,-78.889900,1596304784,12,12006,0,2022,
1901,6,20,6003,0,0,856,glrml,856,42.910278,-78.763641,1596304673,6,6003,0,1021,
1902,23,20,23005,0,-120,847,hrtpk,845,42.940033,-78.839020,1596304786,23,23005,0,2025,
1903,19,20,19004,0,-180,841,bdyba,838,42.889599,-78.814117,1596304756,19,19004,0,1030,
1904,15,20,15002,0,-240,840,basen,836,42.869358,-78.831467,1596304770,15,15002,0,1013,
1905,32,19,4002,0,-180,840,clwbr,837,42.945259,-78.765060,1596304762,4,4002,0,1010,
1906,8,19,8004,0,0,840,dlvst,840,42.926613,-78.852791,1596304749,8,8004,0,2024,
1907,20,20,20006,0,0,844,orch,844,42.988377,-78.873077,1596304357,20,20006,0,3039,
1908,12,19,12005,0,-60,845,nghmp,844,42.915474,-78.882866,1596304766,12,12005,0,2018,
1909,42,20,42001,0,0,840,sogat,840,42.827999,-78.754448,1596304803,42,42001,0,1017,
1910,12,19,12007,0,0,845,badlv,845,42.930794,-78.799080,1596304789,12,12007,0,2032,
1911,0,0,32007,4,0,840,tcbfl,840,42.883575,-78.872337,1596304774,32,32007,0,1036,
1912,25,20,25004,0,0,840,dlwkn,840,42.956341,-78.869278,1596304793,25,25004,0,3041,
1913,22,20,22001,0,-120,842,twyml,840,42.905464,-78.780655,1596304754,22,22001,0,2026,
1916,5,20,25001,0,-360,846,kenml,840,42.954964,-78.906654,1596304769,25,25001,0,3010,
1917,0,0,55003,4,-900,854,prtc,839,43.083473,-79.052040,1596304805,55,55003,0,3042,
1918,48,20,48001,0,-60,851,ehmal,850,42.961399,-78.753220,1596304797,48,48001,0,2031,
1919,40,19,55001,0,0,849,ngvln,849,43.001823,-78.943016,1596304804,55,55001,0,3009,
1920,34,19,11001,0,-60,851,socam,850,42.984776,-78.821823,1596304777,11,11001,0,3024,
1921,13,19,8003,0,120,848,utica,850,42.912560,-78.865562,1596304763,8,8003,0,2020,
1922,3,19,3003,0,60,844,ellop,845,42.885555,-78.875832,1596304807,3,3003,0,3013,
2206,16,19,16004,0,-300,845,mowsh,840,42.887562,-78.873077,1596304802,16,16004,0,1029,
2215,52,19,52001,0,60,845,olopc,846,43.147438,-79.039536,1596304796,52,52001,0,3032,
2216,4,19,32006,0,-120,837,tcbfl,835,42.883549,-78.872597,1596304762,32,32006,0,1027,
2218,4,20,32001,0,0,845,twyml,845,42.898701,-78.783783,1596304807,32,32001,0,1014,
2612,0,0,11003,4,-240,854,ellop,850,42.930489,-78.900291,1596304774,11,11003,0,3044,
2618,18,20,18002,0,-1200,843,genjf,823,42.888306,-78.854210,1596304785,18,18002,0,2029,
2619,0,0,5001,5,-120,853,front,851,42.935192,-78.899986,1596304760,5,5001,0,3004,
2623,32,19,4001,0,0,843,bflst,843,42.940582,-78.869316,1596304778,4,4001,0,1008,
8216,45,99,45216,99,99999,9999,,9999,42.944405,-78.833733,1596304764,45,46002,0,45216,
8217,45,99,45217,99,99999,9999,,9999,42.884125,-78.772842,1596304806,45,46003,0,45217,
8221,45,99,45221,99,99999,9999,,9999,42.921387,-78.787544,1596304783,45,47004,0,45221,
8222,45,99,45222,99,99999,9999,,9999,42.915642,-78.766434,1596304777,45,47005,0,45222,
8226,45,99,45226,99,99999,9999,,9999,42.885170,-78.828300,1596304790,45,48004,0,45226,
8232,45,99,45232,99,99999,9999,,9999,42.984032,-78.695824,1596303284,45,50020,0,45232,
8233,45,99,45233,99,99999,9999,,9999,99.000000,999.000000,1596284294,45,50021,0,45233,
8234,45,99,45234,99,99999,9999,,9999,42.954716,-78.877136,1596304798,45,50022,0,45234,
8236,45,99,45236,99,99999,9999,,9999,99.000000,999.000000,1596275328,45,50024,0,45236,
8240,45,99,45240,99,99999,9999,,9999,42.826843,-78.754822,1596304773,45,52028,0,45240,
