1066,155,19,155002,0,-120,928,econo,926,43.098488,-78.981766,1596309910,155,155002,0,3027,
1301,155,20,155001,0,-120,927,hojo,925,43.097004,-78.981918,1596309908,155,155001,0,3017,
1501,5,19,3005,0,60,928,ngvrg,929,42.901367,-78.892395,1596309863,3,3005,0,3033,
1502,1,19,32002,0,180,916,tcbfl,919,42.936321,-78.895523,1596309864,32,32002,0,1015,
1504,46,19,32004,0,60,932,glrml,933,42.910358,-78.741943,1596309878,32,32004,0,1018,
1505,13,20,13003,0,-60,940,winsp,939,42.923065,-78.829117,1596309892,13,13003,0,2033,
1506,20,19,20005,0,0,930,ellop,930,42.882614,-78.872406,1596309720,20,20005,0,3034,
1507,15,20,46002,0,0,927,basen,927,42.869743,-78.832397,1596309909,46,46002,0,1042,
1508,35,19,35002,0,60,930,ens,931,42.981033,-78.884468,1596309892,35,35002,0,3019,
1509,6,19,6005,0,-60,934,wldba,933,42.903458,-78.783333,1596309879,6,6005,0,1031,
1511,1,20,2002,0,-660,930,wmbck,919,42.885033,-78.854240,1596309866,2,2002,0,1020,
1512,22,19,26003,0,0,925,lkv,925,42.898151,-78.893738,1596309800,26,26003,0,2019,
1514,32,20,32010,0,0,932,bflst,932,42.938793,-78.888268,1596309905,32,32010,0,1043,
1516,24,20,24005,0,0,931,ungen,931,42.919518,-78.794685,1596309880,24,24005,0,2027,
1517,3,20,5004,0,-240,928,trcem,924,42.887726,-78.879372,1596309874,5,5004,0,3029,
1518,16,20,16005,0,-360,935,rdgsp,929,42.856213,-78.828636,1596309896,16,16005,0,1040,
1520,8,19,24004,0,-180,926,amsta,923,42.944679,-78.833328,1596309855,24,24004,0,2015,
1601,52,19,40012,0,0,924,prtc,924,43.099312,-79.050850,1596309859,40,40012,0,3046,
1603,4,20,4003,0,-360,928,bdyfl,922,42.889652,-78.854210,1596309886,4,4003,0,1023,
1604,12,20,12004,0,60,931,utica,932,42.911186,-78.876389,1596309906,12,12004,0,2017,
1605,3,19,3006,0,0,927,sklmt,927,42.961372,-78.898758,1596309880,3,3006,0,3049,
1606,5,20,25003,0,-120,927,dlwkn,925,42.958569,-78.881302,1596309882,25,25003,0,3031,
1607,20,20,20003,0,0,935,orch,935,42.988377,-78.873192,1596309388,20,20003,0,3022,
1608,50,20,40004,0,-120,929,prtc,927,43.113586,-79.052528,1596309875,40,40004,0,3021,
1609,19,19,19003,0,-180,929,bdyba,926,42.910854,-78.813820,1596309888,19,19003,0,1026,
1610,24,19,24006,0,-60,932,ungen,931,42.932854,-78.726128,1596309863,24,24006,0,2035,
1611,12,19,12009,0,-60,927,elmut,926,42.911324,-78.868019,1596309891,12,12009,0,2037,
1612,23,20,23006,0,0,928,mnfil,928,42.927273,-78.839279,1596309889,23,23006,0,2028,
1614,34,19,34002,0,0,935,socam,935,42.981831,-78.823128,1596309889,34,34002,0,3028,
1615,6,20,6006,0,0,943,glrml,943,42.910389,-78.763641,1596309897,6,6006,0,1037,
1616,0,0,32003,5,99999,9999,,9999,42.958431,-78.889267,1596309882,32,32003,0,1016,
1617,0,0,40006,6,0,920,ellop,920,42.885830,-78.877510,1596309911,40,40006,0,3026,
1618,25,20,25005,0,0,928,mnngr,928,43.020691,-78.879036,1596309545,25,25005,0,3045,
1619,20,19,20004,0,60,929,elmdv,930,42.932854,-78.877098,1596309874,20,20004,0,3025,
1620,6,19,6004,0,0,931,wtfrt,931,42.877911,-78.875908,1596309901,6,6004,0,1024,
1621,3,19,25006,0,0,926,trcem,926,42.895264,-78.881378,1596309861,25,25006,0,3062,
1622,4,19,46001,0,0,930,tcbfl,930,42.883465,-78.872482,1596309909,46,46001,0,1022,
1624,15,19,15003,0,0,931,basen,931,42.853573,-78.807678,1596309872,15,15003,0,1033,
1701,0,0,42003,4,0,955,sogat,955,42.959888,-78.890869,1596309865,42,42003,0,1046,
1702,14,19,14003,0,-720,927,mowsh,915,42.883518,-78.872635,1596309869,14,14003,0,1034,
1703,42,19,42002,0,-180,924,lcvtc,921,42.826954,-78.823944,1596309893,42,42002,0,1019,
1704,23,20,23004,0,0,930,brrtc,930,42.945671,-78.907135,1596309912,23,23004,0,2023,
1705,8,20,12008,0,-120,931,mnaln,929,42.884151,-78.872444,1596309855,12,12008,0,2036,
1707,40,20,40011,0,-240,946,brrtc,942,42.883190,-78.874794,1596309885,40,40011,0,3023,
1708,40,20,40010,0,-120,924,prtc,922,43.099644,-79.051559,1596309893,40,40010,0,3043,
1709,46,19,32008,0,300,925,ctrbd,930,42.903099,-78.670700,1596309856,32,32008,0,1039,
1711,0,0,2003,4,-360,936,tcbfl,930,42.897903,-78.897530,1596309870,2,2003,0,1045,
1712,55,20,55002,0,-300,925,casno,920,43.087238,-79.059303,1596309878,55,55002,0,3030,
1713,40,19,40008,0,-180,929,giplz,926,43.083553,-79.058853,1596309283,40,40008,0,3036,
1714,25,19,34001,0,0,929,dlwdv,929,42.932606,-78.865372,1596309884,34,34001,0,3020,
1715,25,20,5003,0,120,929,dlwkn,931,42.948971,-78.868576,1596309911,5,5003,0,3018,
1801,4,19,4004,0,-180,927,michl,924,42.900021,-78.784714,1596309913,4,4004,0,1035,
1802,11,20,11002,0,0,926,dlwnr,926,42.901588,-78.873154,1596309887,11,11002,0,3040,
1804,14,19,14002,0,99999,9999,rdgab,949,42.782402,-78.809502,1596309848,14,14002,0,1028,
1805,26,19,26004,0,-120,924,badlv,922,42.922733,-78.814003,1596309871,26,26004,0,2030,
1806,3,20,3004,0,60,926,tonvl,927,42.959888,-78.907990,1596309880,3,3004,0,3015,
1807,44,19,18001,0,0,929,flint,929,43.014668,-78.789032,1596309676,18,18001,0,2016,
1808,23,19,23003,0,0,926,mnfil,926,42.939949,-78.838387,1596309900,23,23003,0,2021,
1809,35,20,35003,0,-60,932,nfbsh,931,42.980705,-78.869133,1596309869,35,35003,0,3037,
1810,13,20,13004,0,0,930,socam,930,42.955021,-78.820076,1596309817,13,13004,0,2034,
1811,40,19,40007,0,180,931,tcbfl,934,42.893475,-78.884918,1596309904,40,40007,0,3035,
1812,19,20,19005,0,0,960,socam,960,42.954334,-78.820816,1596309831,19,19005,0,1032,
1813,0,0,40009,5,60,946,front,947,43.058090,-78.990662,1596309922,40,40009,0,3016,
1814,34,20,34003,0,0,930,hazwd,930,43.036171,-78.820930,1596309907,34,34003,0,3038,
1815,32,20,32005,0,99999,9999,twyml,928,42.903568,-78.784195,1596309907,32,32005,0,1025,
1816,12,19,12006,0,-180,933,badlv,930,42.938412,-78.799454,1596309912,12,12006,0,2022,
1901,6,20,6003,0,-60,929,sycfl,928,42.889652,-78.864479,1596309861,6,6003,0,1021,
1902,23,19,23005,0,0,930,abtba,930,42.857285,-78.829750,1596309854,23,23005,0,2025,
1903,19,20,19004,0,-240,929,wlmba,925,42.872410,-78.819664,1596309901,19,19004,0,1030,
1904,0,0,6008,4,1680,949,twyml,977,42.882282,-78.879143,1596309898,6,6008,0,1050,
1905,0,0,40014,4,0,945,tcbfl,945,42.954388,-78.889977,1596309890,40,40014,0,3050,
1906,8,20,8004,0,0,960,socam,960,42.954224,-78.820595,1596309639,8,8004,0,2024,
1907,20,20,20006,0,-120,938,elken,936,42.924881,-78.877022,1596309903,20,20006,0,3039,
1908,12,20,12005,0,0,935,ctyli,935,42.958706,-78.814606,1596309656,12,12005,0,2018,
1909,42,20,42001,0,-180,924,tpodl,921,42.821232,-78.848770,1596309871,42,42001,0,1017,
1910,12,20,12007,0,-60,927,badlv,926,42.914623,-78.814339,1596309857,12,12007,0,2032,
1911,32,19,32007,0,0,928,dlwam,928,42.940418,-78.850555,1596309901,32,32007,0,1036,
1912,25,19,25004,0,0,930,ellop,930,42.882557,-78.872299,1596309802,25,25004,0,3041,
1913,26,20,22001,0,-300,926,gnhar,921,42.920231,-78.791931,1596309882,22,22001,0,2026,
1914,24,19,24007,0,0,930,marmn,930,42.884041,-78.872635,1596309899,24,24007,0,2038,
1915,0,0,19006,4,99999,9999,socam,930,42.954994,-78.820480,1596309894,19,19006,0,1044,
1916,0,0,34004,4,0,915,socam,915,42.984337,-78.822495,1596309896,34,34004,0,3048,
1917,55,19,55003,0,0,933,nfb56,933,43.096756,-78.974655,1596309814,55,55003,0,3042,
1918,48,20,48001,0,-120,930,ehmal,928,42.966049,-78.715370,1596309895,48,48001,0,2031,
1919,40,19,55001,0,120,873,tcbfl,875,43.032295,-78.972794,1596309892,55,55001,0,3009,
1920,34,19,11001,0,0,920,socam,920,42.958157,-78.823273,1596309905,11,11001,0,3024,
1921,13,19,8003,0,-120,927,flfry,925,42.914703,-78.829193,1596309881,8,8003,0,2020,
1922,0,0,3007,4,0,955,ellop,955,42.960106,-78.890831,1596309875,3,3007,0,3051,
2206,16,19,16004,0,-180,935,abtba,932,42.832645,-78.824242,1596309895,16,16004,0,1029,
2215,50,19,52001,0,-420,930,mlnfb,923,43.097141,-78.975327,1596309866,52,52001,0,3032,
2216,32,20,32006,0,0,927,knhty,927,42.940746,-78.806709,1596309881,32,32006,0,1027,
2218,0,0,32001,5,-360,931,front,925,42.941406,-78.904236,1596309900,32,32001,0,1014,
2612,11,19,11003,0,-60,935,dlwdv,934,42.949684,-78.859306,1596309913,11,11003,0,3044,
2618,18,19,18002,0,120,918,spkls,920,42.871365,-78.863136,1596309872,18,18002,0,2029,
2619,2,20,1001,0,-180,930,fern,927,42.871311,-78.795471,1596309900,1,1001,0,1038,
2623,32,19,32009,0,0,920,glrml,920,42.910141,-78.763947,1596309857,32,32009,0,1041,
8216,45,99,45216,99,99999,9999,,9999,42.921829,-78.740273,1596309909,45,46002,0,45216,
8217,45,99,45217,99,99999,9999,,9999,42.907581,-78.851341,1596309878,45,46003,0,45217,
8221,45,99,45221,99,99999,9999,,9999,42.972897,-78.823723,1596309861,45,47004,0,45221,
8222,45,99,45222,99,99999,9999,,9999,43.018627,-78.974174,1596309689,45,47005,0,45222,
8226,45,99,45226,99,99999,9999,,9999,42.908875,-78.762749,1596309877,45,48004,0,45226,
8232,45,99,45232,99,99999,9999,,9999,42.985435,-78.816910,1596309890,45,50020,0,45232,
8233,45,99,45233,99,99999,9999,,9999,99.000000,999.000000,1596284294,45,50021,0,45233,
8234,45,99,45234,99,99999,9999,,9999,42.958622,-78.889267,1596309886,45,50022,0,45234,
8240,45,99,45240,99,99999,9999,,9999,42.932499,-78.766922,1596309863,45,52028,0,45240,
