1066,155,20,155002,0,0,660,nfia,660,43.101624,-78.939598,1596292958,155,155002,0,3027,
1301,155,19,155001,0,0,646,falls,646,43.082619,-79.051857,1596292943,155,155001,0,3017,
1502,32,20,32002,0,180,652,twyml,655,42.911736,-78.764053,1596292974,32,32002,0,1015,
1504,32,20,32004,0,0,644,amsta,644,42.940281,-78.845200,1596292987,32,32004,0,1018,
1505,50,20,50003,0,-60,645,bfhyd,644,43.088230,-79.025131,1596292966,50,50003,0,3065,
1506,20,19,20005,0,-120,643,elmdv,641,42.926117,-78.877098,1596292947,20,20005,0,3034,
1507,12,19,12003,0,0,650,nghmp,650,42.910912,-78.899841,1596292957,12,12003,0,2013,
1508,35,19,35002,0,-60,644,flint,643,42.998085,-78.787582,1596292941,35,35002,0,3019,
1511,4,19,2002,0,60,644,bdmgn,645,42.887646,-78.864220,1596292974,2,2002,0,1020,
1512,22,20,26003,0,0,647,wldba,647,42.903542,-78.831764,1596292967,26,26003,0,2019,
1514,13,20,8001,0,0,645,socam,645,42.954140,-78.820518,1596292558,8,8001,0,2008,
1517,34,20,5004,0,0,647,advpk,647,42.996601,-78.816872,1596292863,5,5004,0,3029,
1518,8,20,8002,0,120,658,socam,660,42.954250,-78.820709,1596292916,8,8002,0,2011,
1519,15,19,16003,0,240,640,lterr,644,42.883381,-78.872665,1596292990,16,16003,0,1012,
1520,13,19,24004,0,0,650,utica,650,42.914677,-78.841850,1596292962,24,24004,0,2015,
1601,3,19,20002,0,0,660,ellop,660,42.882584,-78.872368,1596292486,20,20002,0,3007,
1603,4,20,4003,0,-240,644,bdmgn,640,42.885361,-78.872147,1596292935,4,4003,0,1023,
1604,12,20,12004,0,-300,647,filut,642,42.911156,-78.860016,1596292940,12,12004,0,2017,
1605,25,19,3002,0,-300,651,dlwkn,646,42.987553,-78.873299,1596292946,3,3002,0,3005,
1606,25,20,25003,0,-240,644,dlwnr,640,42.899303,-78.873894,1596292989,25,25003,0,3031,
1607,20,20,20003,0,-180,645,elmnr,642,42.896416,-78.876686,1596292973,20,20003,0,3022,
1608,40,19,40004,0,0,645,tcbfl,645,42.883327,-78.872299,1596292984,40,40004,0,3021,
1609,19,19,19003,0,0,645,abtba,645,42.857670,-78.828636,1596292817,19,19003,0,1026,
1610,14,19,14001,0,-300,652,rdgab,647,42.796978,-78.807198,1596292971,14,14001,0,1004,
1611,2,19,2001,0,0,644,cltba,644,42.872025,-78.814377,1596292939,2,2001,0,1009,
1614,34,20,34002,0,0,653,hazwd,653,43.028831,-78.815010,1596292938,34,34002,0,3028,
1615,16,20,16002,0,0,664,mcmal,664,42.782566,-78.808609,1596292982,16,16002,0,1011,
1616,32,19,32003,0,0,648,brrtc,648,42.945644,-78.906990,1596292915,32,32003,0,1016,
1617,25,20,40006,0,-180,650,mnngr,647,42.992722,-78.874046,1596292958,40,40006,0,3026,
1618,52,19,50002,0,0,642,olopc,642,43.154285,-79.034439,1596292951,50,50002,0,3011,
1619,5,20,20004,0,0,640,socam,640,42.957523,-78.818771,1596292982,20,20004,0,3025,
1620,6,20,6004,0,0,648,glrml,648,42.910744,-78.763641,1596292830,6,6004,0,1024,
1621,50,19,50001,0,0,647,casno,647,43.088451,-79.032089,1596292908,50,50001,0,3002,
1622,46,19,46001,0,0,644,twyml,644,42.901779,-78.783783,1596292957,46,46001,0,1022,
1624,23,19,23002,0,0,650,abtba,650,42.871914,-78.844940,1596292981,23,23002,0,2006,
1701,5,19,25002,0,0,647,ngvrg,647,42.901421,-78.892433,1596292974,25,25002,0,3014,
1702,19,20,19001,0,0,645,winsp,645,42.940472,-78.813637,1596292977,19,19001,0,1003,
1703,42,20,42002,0,0,647,sogat,647,42.829620,-78.773956,1596292942,42,42002,0,1019,
1704,23,20,23004,0,-60,652,brrtc,651,42.947788,-78.876205,1596292960,23,23004,0,2023,
1705,12,20,12002,0,0,644,ctyli,644,42.957634,-78.818321,1596292963,12,12002,0,2012,
1707,48,20,13001,0,0,645,ehmal,645,42.973526,-78.693665,1596292934,13,13001,0,2007,
1708,24,20,24002,0,0,642,airpt,642,42.934093,-78.730667,1596292941,24,24002,0,2009,
1709,15,20,15001,0,0,645,sogat,645,42.827419,-78.754417,1596292964,15,15001,0,1006,
1710,24,20,24003,0,0,647,bagen,647,42.904999,-78.832695,1596292987,24,24003,0,2014,
1711,5,20,5002,0,-60,650,ngvrg,649,42.883163,-78.874939,1596292978,5,5002,0,3008,
1712,40,19,55002,0,-120,643,falls,641,43.084492,-79.061050,1596292985,55,55002,0,3030,
1714,34,19,34001,0,60,644,socam,645,42.954361,-78.820076,1596292752,34,34001,0,3020,
1715,5,20,5003,0,99999,9999,dlwkn,643,42.958649,-78.869881,1596292959,5,5003,1,3018,
1716,40,19,40002,0,0,663,tcbfl,663,42.945423,-78.907661,1596292983,40,40002,0,3012,
1801,6,20,6001,0,-120,645,twyml,643,42.907444,-78.786949,1596292962,6,6001,0,1001,
1802,12,19,12001,0,-240,647,knegt,643,42.948997,-78.816872,1596292936,12,12001,0,2002,
1804,14,20,14002,0,-60,649,abtba,648,42.871391,-78.862839,1596292970,14,14002,0,1028,
1806,20,19,3004,0,0,645,ellop,645,42.882584,-78.872444,1596292988,3,3004,0,3015,
1807,18,20,18001,0,60,651,dlvst,652,42.897572,-78.853912,1596292900,18,18001,0,2016,
1808,23,19,23003,0,0,647,hrtpk,647,42.947704,-78.868759,1596292949,23,23003,0,2021,
1810,23,20,23001,0,-240,647,bdyfl,643,42.879120,-78.839203,1596292985,23,23001,0,2004,
1811,3,19,3001,0,0,645,frgrt,645,42.923012,-78.890015,1596292953,3,3001,0,3003,
1812,24,19,24001,0,-60,647,marmn,646,42.883163,-78.872932,1596292954,24,24001,0,2001,
1813,35,20,35001,0,0,643,wtrgt,643,42.940334,-78.907326,1596292970,35,35001,0,3016,
1815,32,19,32005,0,0,648,dlwam,648,42.940308,-78.839317,1596292955,32,32005,0,1025,
1816,12,19,12006,0,-180,648,utica,645,42.911018,-78.845276,1596292961,12,12006,0,2022,
1901,6,19,6003,0,-120,642,wtfrt,640,42.880112,-78.882759,1596292937,6,6003,0,1021,
1903,40,20,40005,0,0,660,prtc,660,43.099396,-79.051674,1596292932,40,40005,0,3023,
1904,0,0,15002,6,0,645,lterr,645,42.883163,-78.879707,1596292887,15,15002,0,1013,
1905,4,20,4002,0,0,654,twyml,654,42.903484,-78.783333,1596292671,4,4002,0,1010,
1907,40,20,40003,0,-60,643,brrtc,642,42.942425,-78.906319,1596292952,40,40003,0,3064,
1908,13,20,12005,0,0,643,winsp,643,42.945560,-78.813560,1596292943,12,12005,0,2018,
1909,42,19,42001,0,-60,648,mohel,647,42.877525,-78.870247,1596292979,42,42001,0,1017,
1910,20,20,40001,0,-420,642,elken,635,42.958237,-78.878326,1596292965,40,40001,0,3001,
1911,19,19,19002,0,0,649,bagen,649,42.931644,-78.813744,1596292951,19,19002,0,1005,
1912,16,19,16001,0,120,648,mowsh,650,42.879120,-78.875420,1596292969,16,16001,0,1002,
1914,0,0,13002,6,-120,642,utica,640,42.911736,-78.864853,1596292948,13,13002,0,2010,
1915,20,19,20001,0,-60,647,elken,646,42.975727,-78.878777,1596292946,20,20001,0,3006,
1916,25,19,25001,0,60,644,ellop,645,42.883106,-78.875946,1596292944,25,25001,0,3010,
1917,26,19,26001,0,-420,649,dlvst,642,42.922211,-78.829010,1596292981,26,26001,0,2003,
1919,55,19,55001,0,0,643,nftc,643,43.100796,-78.978493,1596292979,55,55001,0,3009,
1920,11,19,11001,0,-300,649,dlwdv,644,42.944981,-78.868279,1596292953,11,11001,0,3024,
1921,8,19,8003,0,0,645,wtfrt,645,42.880219,-78.882904,1596292569,8,8003,0,2020,
1922,3,20,3003,0,0,652,tonvl,652,42.960106,-78.907959,1596292923,3,3003,0,3013,
2203,11,20,3005,0,0,645,clvkn,645,42.956146,-78.859154,1596292959,3,3005,0,3033,
2215,55,20,52001,0,-360,648,pnhyd,642,43.094719,-79.049065,1596292955,52,52001,0,3032,
2216,32,19,32006,0,-180,646,glrml,643,42.908684,-78.772240,1596292946,32,32006,0,1027,
2218,4,19,32001,0,-300,640,tcbfl,635,42.886078,-78.877655,1596292956,32,32001,0,1014,
2612,26,20,26002,0,-180,648,twyml,645,42.903267,-78.783707,1596292982,26,26002,0,2005,
2619,3,20,5001,0,-180,651,sklmt,648,42.926174,-78.889793,1596292971,5,5001,0,3004,
2623,1,19,4001,0,-60,636,tcbfl,635,42.882584,-78.872597,1596292690,4,4001,0,1008,
8217,45,99,45217,99,99999,9999,,9999,42.984692,-78.896568,1596292885,45,46003,0,45217,
8222,45,99,45222,99,99999,9999,,9999,43.091091,-78.967247,1596292937,45,47005,0,45222,
8226,45,99,45226,99,99999,9999,,9999,42.947731,-78.878845,1596292914,45,48004,0,45226,
8232,45,99,45232,99,99999,9999,,9999,42.982548,-78.820816,1596292584,45,50020,0,45232,
8233,45,99,45233,99,99999,9999,,9999,99.000000,999.000000,1596284294,45,50021,0,45233,
8234,45,99,45234,99,99999,9999,,9999,42.935551,-78.866600,1596292951,45,50022,0,45234,
8236,45,99,45236,99,99999,9999,,9999,99.000000,999.000000,1596275328,45,50024,0,45236,
8237,45,99,45237,99,99999,9999,,9999,42.890396,-78.890312,1596292961,45,50025,0,45237,
8238,45,99,45238,99,99999,9999,,9999,42.948887,-78.801987,1596292901,45,52026,0,45238,
8239,45,99,45239,99,99999,9999,,9999,42.981339,-78.826958,1596292950,45,52027,0,45239,
8240,45,99,45240,99,99999,9999,,9999,43.021847,-78.964722,1596292933,45,52028,0,45240,
