1001,22,20,22001,0,-60,610,wldba,609,42.903816,-78.821266,1596118140,22,22001,0,2044,
1002,8,20,8003,0,60,614,socam,615,42.954910,-78.819885,1596118077,8,8003,0,2003,
1003,12,20,12002,0,0,615,ctyli,615,42.958706,-78.814568,1596118076,12,12002,0,2009,
1004,44,19,44001,0,0,613,flint,613,43.016262,-78.767929,1596118054,44,44001,0,2083,
1006,12,19,12009,0,0,612,nghmp,612,42.914898,-78.899506,1596118171,12,12009,0,2018,
1007,8,20,8002,0,-120,616,mnaln,614,42.886353,-78.871811,1596118177,8,8002,0,2002,
1008,12,19,12001,0,-240,608,socam,604,42.955048,-78.820557,1596118139,12,12001,0,2008,
1010,12,20,12007,0,-60,617,filut,616,42.911186,-78.863136,1596118163,12,12007,0,2014,
1017,26,19,26001,0,0,615,ngdlv,615,42.922131,-78.897980,1596118010,26,26001,0,2077,
1025,14,19,14001,0,-60,625,bnmc,624,42.872025,-78.866081,1596118169,14,14001,0,1032,
1026,42,20,42002,0,0,612,shops,612,42.828327,-78.789703,1596118149,42,42002,0,1096,
1027,1,19,2002,0,0,610,tcbfl,610,42.883411,-78.872780,1596118157,2,2002,0,1008,
1029,15,20,15005,0,60,614,sogat,615,42.831299,-78.774666,1596118167,15,15005,0,1019,
1030,6,20,6003,0,-240,617,sycmg,613,42.879505,-78.875275,1596118161,6,6003,0,1023,
1031,2,20,1002,0,0,610,fern,610,42.871365,-78.795319,1596117975,1,1002,0,1002,
1032,16,19,16006,0,-420,611,rdgsp,604,42.815868,-78.823982,1596118156,16,16006,0,1057,
1044,32,20,32001,0,0,615,knhty,615,42.938244,-78.812927,1596118181,32,32001,0,1077,
1045,0,0,19007,5,99999,9999,,9999,42.884895,-78.823502,1596118159,19,19007,0,1085,
1049,19,20,19003,0,0,616,wlmba,616,42.864296,-78.825508,1596118168,19,19003,0,1067,
1050,32,20,32002,0,0,640,twyml,640,42.902771,-78.783707,1596117827,32,32002,0,1078,
1052,2,20,2001,0,99999,9999,fltbk,355,42.848869,-78.697945,1596118092,2,2001,1,1007,
1055,12,20,12005,0,120,610,badlv,612,42.920616,-78.813675,1596118138,12,12005,0,2012,
1056,23,19,23002,0,60,616,abtba,617,42.872631,-78.844711,1596118164,23,23002,0,2050,
1057,12,19,12006,0,2280,602,nghmp,640,42.910801,-78.899879,1596118170,12,12006,0,2013,
1061,24,19,24005,0,0,616,andrw,616,42.926392,-78.757690,1596118178,24,24005,0,2068,
1062,24,20,24003,0,0,633,airpt,633,42.934147,-78.730446,1596118028,24,24003,0,2066,
1066,155,19,155001,0,0,613,4pts,613,43.087929,-78.979233,1596118128,155,155001,0,3112,
1104,8,19,48001,0,-60,610,bstmn,609,42.907803,-78.867271,1596118158,48,48001,0,2094,
1105,49,20,49001,0,0,614,shhop,614,42.978039,-78.768448,1596118157,49,49001,0,2099,
1106,48,19,44003,0,0,640,socam,640,42.955132,-78.820297,1596118053,44,44003,0,2085,
1109,8,19,8001,0,99999,9999,wtfrt,593,42.879944,-78.881676,1596118163,8,8001,0,2001,
1110,8,20,24004,0,360,609,socam,615,42.958649,-78.814568,1596118148,24,24004,0,2067,
1112,0,0,22003,4,99999,9999,twyml,600,42.906921,-78.798599,1596118140,22,22003,0,2022,
1114,13,20,13001,0,120,625,winsp,627,42.926640,-78.829155,1596118182,13,13001,0,2032,
1115,44,19,44004,0,0,610,socam,610,42.957687,-78.818550,1596118179,44,44004,0,2086,
1116,0,0,44005,5,99999,9999,,9999,42.915310,-78.859421,1596118155,44,44005,0,2041,
1117,12,19,12010,0,120,611,utica,613,42.911213,-78.859383,1596118142,12,12010,0,2020,
1118,0,0,23008,5,-120,619,colds,617,42.899578,-78.766960,1596118169,23,23008,0,2056,
1123,24,20,24009,0,-60,615,ungen,614,42.921360,-78.787392,1596118178,24,24009,0,2047,
1124,23,20,23006,0,-180,609,flfry,606,42.914349,-78.839058,1596118178,23,23006,0,2054,
1127,23,19,23005,0,0,611,mnfil,611,42.941986,-78.836227,1596118164,23,23005,0,2053,
1128,23,20,23010,0,0,645,brrtc,645,42.945644,-78.907394,1596118086,23,23010,0,2042,
1129,24,20,24002,0,-300,615,genmn,610,42.882832,-78.872894,1596118151,24,24002,0,2065,
1203,15,19,15003,0,-1920,608,lterr,576,42.882996,-78.879631,1596118133,15,15003,0,1045,
1204,16,19,16003,0,0,624,mowsh,624,42.887589,-78.872780,1596118175,16,16003,0,1053,
1205,32,19,32005,0,0,611,knhty,611,42.944954,-78.789589,1596118144,32,32005,0,1081,
1206,16,20,16001,0,0,614,mcmal,614,42.781631,-78.809204,1596118146,16,16001,0,1051,
1207,1,19,1001,0,0,620,tcbfl,620,42.885361,-78.869057,1596118171,1,1001,0,1001,
1211,42,19,42003,0,0,612,spkls,612,42.862812,-78.867424,1596118177,42,42003,0,1097,
1213,26,20,22002,0,0,625,twyml,625,42.903156,-78.783485,1596117691,22,22002,0,2045,
1303,155,20,155002,0,0,613,ltity,613,43.094719,-79.049217,1596118072,155,155002,0,3113,
1501,20,19,20012,0,0,610,ellop,610,42.882584,-78.872368,1596118171,20,20012,0,3025,
1502,5,20,5005,0,60,614,socam,615,42.954193,-78.820671,1596118147,5,5005,0,3018,
1504,25,20,25003,0,0,611,mdcty,611,43.047447,-78.876320,1596118127,25,25003,0,3053,
1505,50,20,52027,0,0,622,mlnfb,622,43.081684,-79.015976,1596118172,52,52027,0,3097,
1506,5,19,34001,0,0,625,ellop,625,42.882504,-78.872520,1596117868,34,34001,0,3063,
1508,5,20,5006,0,-240,619,brrtc,615,42.915886,-78.899284,1596118150,5,5006,0,3019,
1511,11,19,5004,0,-60,610,dlwnr,609,42.905437,-78.872185,1596118183,5,5004,0,3017,
1514,55,19,55035,0,0,611,prtc,611,43.099369,-79.051598,1596118180,55,55035,0,3106,
1517,25,19,25001,0,-60,615,dlwnr,614,42.919571,-78.868126,1596118143,25,25001,0,3051,
1519,5,20,34005,0,99999,9999,socam,540,43.044971,-78.799866,1596118097,34,34005,0,3007,
1603,5,19,5011,0,180,619,ngvrg,622,42.913303,-78.899689,1596118165,5,5011,0,3065,
1604,5,19,5009,0,0,616,ellop,616,42.889214,-78.880966,1596118173,5,5009,0,3072,
1610,5,20,5001,0,0,613,kenml,613,42.956726,-78.897232,1596118174,5,5001,0,3014,
1612,20,19,20004,0,120,615,elmnr,617,42.913303,-78.877136,1596118179,20,20004,0,3039,
1614,20,20,40002,0,0,617,elken,617,42.940334,-78.878510,1596118163,40,40002,0,3077,
1615,3,19,3004,0,0,621,trcem,621,42.912861,-78.892395,1596118168,3,3004,0,3004,
1616,40,20,40007,0,0,612,giplz,612,43.012661,-78.954002,1596118155,40,40007,0,3057,
1622,34,20,5007,0,60,614,hazwd,615,43.036171,-78.821709,1596118175,5,5007,0,3020,
1701,20,19,20005,0,0,625,ellop,625,42.882584,-78.872223,1596118000,20,20005,0,3040,
1702,20,20,20001,0,-120,617,elmnr,615,42.889156,-78.878883,1596118160,20,20001,0,3036,
1703,55,19,55037,0,-120,620,prtc,618,43.084435,-79.059044,1596118177,55,55037,0,3056,
1711,40,19,40005,0,0,643,tcbfl,643,42.883381,-78.872780,1596118154,40,40005,0,3079,
1714,52,19,52026,0,0,615,olopc,615,43.154148,-79.034920,1596118135,52,52026,0,3096,
1715,3,20,3002,0,0,616,sklmt,616,42.936211,-78.888489,1596118150,3,3002,0,3002,
1718,23,19,23004,0,-60,624,hrtpk,623,42.941818,-78.903046,1596118153,23,23004,0,2052,
1720,12,20,12003,0,120,615,socam,617,42.948971,-78.812553,1596118170,12,12003,0,2010,
1801,3,20,3001,0,-60,617,frgrt,616,42.897984,-78.883873,1596118125,3,3001,0,3001,
1803,0,0,40008,4,-1020,617,tcbfl,600,42.882198,-78.873116,1596118134,40,40008,0,3080,
1806,25,19,20006,0,-60,617,orch,616,43.019314,-78.875237,1596118172,20,20006,0,3041,
1807,55,20,55036,0,0,635,boces,635,43.146145,-78.865822,1596118129,55,55036,0,3107,
1809,0,0,40009,4,-420,642,prtc,635,42.973663,-78.886589,1596118133,40,40009,0,3081,
1810,11,20,11001,0,0,636,prpky,636,42.986534,-78.858337,1596118164,11,11001,0,3031,
1811,34,19,34002,0,0,615,socam,615,42.954716,-78.820480,1596117906,34,34002,0,3064,
1812,50,19,50020,0,99999,9999,lwstn,601,43.177689,-79.046165,1596117104,50,50020,0,3090,
1813,35,19,35001,0,180,617,ens,620,42.981033,-78.872070,1596118143,35,35001,0,3071,
1814,40,19,40001,0,0,611,ngvln,611,42.965965,-78.922585,1596118152,40,40001,0,3076,
1815,5,19,5003,0,99999,9999,dlwkn,599,42.950787,-78.904343,1596118181,5,5003,0,3016,
1816,0,0,5012,4,960,624,ellop,640,42.940941,-78.905312,1596118126,5,5012,0,3026,
1817,19,20,19002,0,120,618,socam,620,42.954964,-78.820038,1596117831,19,19002,0,1066,
1818,32,19,32004,0,-300,611,bflst,606,42.940582,-78.877281,1596118142,32,32004,0,1080,
1819,4,20,4003,0,-180,614,bdmgn,611,42.885883,-78.875755,1596118158,4,4003,0,1016,
1822,6,20,6001,0,0,611,glrml,611,42.913494,-78.769341,1596118164,6,6001,0,1021,
1902,3,19,34006,0,0,615,ellop,615,42.882584,-78.872261,1596118014,34,34006,0,3066,
1903,25,19,5002,0,-2940,609,ellop,560,42.882557,-78.872040,1596118168,5,5002,0,3015,
1904,3,20,55033,0,0,616,tonvl,616,42.960079,-78.907959,1596118124,55,55033,0,3103,
1908,55,20,55032,0,0,627,nfia,627,43.101540,-78.939522,1596118010,55,55032,0,3102,
1909,5,20,3003,0,-120,611,ngvrg,609,42.889324,-78.880898,1596118127,3,3003,0,3003,
1910,55,19,50019,0,60,618,nfb56,619,43.096176,-78.974060,1596118160,50,50019,0,3089,
1912,5,20,3007,0,-120,618,socam,616,42.958542,-78.850853,1596118178,3,3007,0,3006,
1914,20,19,20002,0,-120,615,elken,613,42.980927,-78.878479,1596118154,20,20002,0,3037,
1915,3,19,20011,0,240,611,ellop,615,42.882751,-78.874527,1596118173,20,20011,0,3043,
1916,40,20,40006,0,0,610,prtc,610,43.099369,-79.051521,1596117996,40,40006,0,3009,
1917,3,20,20003,0,-480,609,tonvl,601,42.959751,-78.908028,1596118167,20,20003,0,3038,
1918,55,20,55031,0,0,613,mlnfb,613,43.087898,-78.978195,1596118160,55,55031,0,3101,
1921,5,20,25002,0,0,600,socam,600,42.958183,-78.825806,1596118070,25,25002,0,3052,
2001,26,20,26002,0,0,617,gnhar,617,42.922733,-78.809692,1596118170,26,26002,0,2079,
2004,18,20,18001,0,0,612,dlvst,612,42.910992,-78.854240,1596118152,18,18001,0,2039,
2010,44,20,13002,0,60,614,mlptr,615,43.046211,-78.735359,1596118105,13,13002,0,2033,
2015,24,19,24001,0,60,614,marmn,615,42.885334,-78.873672,1596118145,24,24001,0,2064,
2128,1,20,2004,0,-120,611,aptml,609,42.888580,-78.751434,1596118074,2,2004,0,1010,
2130,16,20,16007,0,180,611,abtba,614,42.857449,-78.830681,1596118178,16,16007,0,1055,
2203,25,20,25005,0,0,611,dlwkn,611,42.958511,-78.869804,1596118167,25,25005,0,3044,
2215,0,0,35004,4,240,606,brrtc,610,42.945339,-78.907394,1596118159,35,35004,0,3073,
2218,50,19,50018,0,-180,618,bfhyd,615,43.090458,-78.968369,1596118081,50,50018,0,3088,
2502,4,20,2003,0,240,611,twyml,615,42.903484,-78.783630,1596118131,2,2003,0,1009,
2507,19,20,19006,0,180,615,winsp,618,42.937805,-78.813858,1596118156,19,19006,0,1069,
2508,32,20,32009,0,120,614,twyml,616,42.906868,-78.780731,1596118168,32,32009,0,1102,
2513,14,20,14003,0,0,611,shops,611,42.832287,-78.785233,1596118175,14,14003,0,1034,
2514,16,20,16002,0,360,617,mnbfl,623,42.715660,-78.827667,1596118007,16,16002,0,1052,
2515,19,19,19004,0,180,614,abtba,617,42.876808,-78.816986,1596118133,19,19004,0,1068,
2610,15,19,15001,0,-60,615,basen,614,42.854946,-78.809540,1596118164,15,15001,0,1043,
2611,6,19,6002,0,0,610,sycmg,610,42.891411,-78.859489,1596118150,6,6002,0,1022,
2612,0,0,32010,4,-720,617,twyml,605,42.888084,-78.785011,1596118182,32,32010,0,1086,
2613,14,20,14006,0,120,627,eccs,629,42.772556,-78.797478,1596117911,14,14006,0,1038,
2614,2,19,2006,0,0,615,tcbfl,615,42.886189,-78.876648,1596118122,2,2006,0,1046,
2615,1,20,4002,0,-120,618,wmbck,616,42.884949,-78.862396,1596118157,4,4002,0,1015,
2616,46,19,46001,0,0,619,glrml,619,42.906567,-78.727798,1596118145,46,46001,0,1101,
2617,32,20,32006,0,-120,621,bflst,619,42.936432,-78.903564,1596118174,32,32006,0,1082,
2618,14,20,14002,0,-120,618,spkls,616,42.882915,-78.874527,1596118170,14,14002,0,1033,
2620,19,19,19001,0,-300,616,baken,611,42.954304,-78.814156,1596118127,19,19001,0,1065,
2625,15,19,15002,0,60,609,lterr,610,42.883217,-78.880005,1596117959,15,15002,0,1044,
2627,4,19,4001,0,60,613,bdmgn,614,42.889351,-78.856514,1596118173,4,4001,0,1014,
2630,0,0,6004,6,300,602,glrml,607,42.910114,-78.763908,1596117827,6,6004,0,1024,
2701,26,19,26003,0,0,611,badlv,611,42.922707,-78.813637,1596118169,26,26003,0,2078,
2702,48,20,48002,0,0,609,eccn,609,42.958981,-78.714882,1596118176,48,48002,0,2095,
2703,23,20,23001,0,180,614,brrtc,617,42.947815,-78.879776,1596118131,23,23001,0,2049,
2705,0,0,13003,5,0,621,colds,621,42.933212,-78.846016,1596118172,13,13003,0,2019,
2706,12,19,12004,0,-240,614,badlv,610,42.929966,-78.810020,1596118173,12,12004,0,2011,
2707,23,19,23003,0,300,600,abtba,605,42.857670,-78.830902,1596118155,23,23003,0,2051,
2709,12,19,12011,0,-180,613,nghmp,610,42.910912,-78.900139,1596117762,12,12011,0,2021,
2713,13,19,44002,0,60,615,utica,616,42.914734,-78.842072,1596118179,44,44002,0,2084,
6015,444,99,444444,99,99999,9999,,9999,42.884979,-78.832581,1596118063,444,0,0,444444,
8133,45,99,45096,99,99999,9999,,9999,43.099339,-79.052040,1596118166,45,0,0,45096,
8141,45,99,45094,99,99999,9999,,9999,42.945724,-78.906761,1596115411,45,0,0,45094,
8149,45,99,45991,99,99999,9999,,9999,42.903156,-78.835556,1596118136,45,0,0,45991,
8152,45,99,45990,99,99999,9999,,9999,42.894573,-78.827446,1596118150,45,0,0,45990,
8205,45,99,45205,99,99999,9999,,9999,42.943470,-78.799675,1596118081,45,0,0,45205,
8208,45,99,45208,99,99999,9999,,9999,42.976196,-78.878960,1596118083,45,0,0,45208,
8211,45,99,45211,99,99999,9999,,9999,42.958981,-78.881638,1596118105,45,0,0,45211,
8213,45,99,45213,99,99999,9999,,9999,42.996326,-78.851524,1596118146,45,0,0,45213,
8216,45,99,45216,99,99999,9999,,9999,42.959721,-78.890236,1596118162,45,0,0,45216,
8217,45,99,45217,99,99999,9999,,9999,42.918362,-78.898613,1596118136,45,0,0,45217,
8220,45,99,45220,99,99999,9999,,9999,42.990192,-78.760368,1596118146,45,0,0,45220,
8221,45,99,45221,99,99999,9999,,9999,42.896500,-78.863472,1596117945,45,0,0,45221,
8222,45,99,45222,99,99999,9999,,9999,43.013676,-78.818474,1596118065,45,0,0,45222,
8224,45,99,45224,99,99999,9999,,9999,42.910442,-78.804031,1596118010,45,0,0,45224,
8226,45,99,45226,99,99999,9999,,9999,43.149693,-79.038460,1596118128,45,0,0,45226,
8227,45,99,45227,99,99999,9999,,9999,43.007462,-78.824394,1596118143,45,0,0,45227,
8229,45,99,45229,99,99999,9999,,9999,42.919407,-78.839615,1596118142,45,0,0,45229,
8231,45,99,45231,99,99999,9999,,9999,42.940582,-78.877846,1596118154,45,0,0,45231,
8232,45,99,45232,99,99999,9999,,9999,42.917839,-78.693481,1596118133,45,0,0,45232,
8234,45,99,45234,99,99999,9999,,9999,42.821014,-78.839836,1596118161,45,0,0,45234,
8236,45,99,45236,99,99999,9999,,9999,99.000000,999.000000,1596099746,45,0,0,45236,
8237,45,99,45237,99,99999,9999,,9999,99.000000,999.000000,1596118086,45,0,0,45237,
8240,45,99,45240,99,99999,9999,,9999,42.931095,-78.810211,1596118155,45,0,0,45240,
8241,45,99,45241,99,99999,9999,,9999,42.936016,-78.818954,1596118098,45,0,0,45241,
