1002,22,19,26008,0,0,1128,lkv,1128,42.898121,-78.893738,1596148854,26,26008,0,2082,
1004,44,19,12022,0,0,1124,flint,1124,42.997948,-78.781326,1596148979,12,12022,0,2028,
1005,48,19,48006,0,60,1124,socam,1125,42.954056,-78.819962,1596149007,48,48006,0,2098,
1006,23,19,23020,0,-120,1125,hrtpk,1123,42.947678,-78.859383,1596148979,23,23020,0,2062,
1007,24,20,24015,0,120,1127,airpt,1129,42.932083,-78.728653,1596149002,24,24015,0,2072,
1011,24,19,24018,0,0,1127,andrw,1127,42.924606,-78.771278,1596149005,24,24018,0,2074,
1013,12,20,13008,0,0,1127,badlv,1127,42.914539,-78.820747,1596148976,13,13008,0,2038,
1014,0,0,18005,6,840,1146,dlvst,1160,42.922157,-78.858116,1596149015,18,18005,0,2043,
1018,12,19,12023,0,180,1130,nghmp,1133,42.910801,-78.899879,1596148251,12,12023,0,2029,
1020,2,20,2009,0,-60,1125,fern,1124,42.871750,-78.804214,1596149014,2,2009,0,1012,
1026,1,19,1003,0,0,1130,tcbfl,1130,42.883575,-78.872261,1596148595,1,1003,0,1006,
1028,32,19,32020,0,0,1135,brrtc,1135,42.945587,-78.906761,1596148061,32,32020,0,1093,
1030,32,19,32021,0,-120,1126,clwbr,1124,42.944901,-78.755455,1596148990,32,32021,0,1092,
1032,76,19,76002,0,0,1134,lkrt5,1134,42.658596,-79.034363,1596149015,76,76002,0,1103,
1033,32,20,32019,0,-180,1125,amsta,1122,42.940281,-78.844864,1596149017,32,32019,0,1091,
1034,15,20,15010,0,-60,1135,sensm,1134,42.881596,-78.878807,1596148918,15,15010,0,1050,
1037,19,19,19014,0,-120,1132,bagen,1130,42.936707,-78.813744,1596149015,19,19014,0,1075,
1038,6,19,6008,0,60,1134,wtfrt,1135,42.885967,-78.873268,1596148992,6,6008,0,1028,
1040,15,20,15006,0,120,1126,sogat,1128,42.829372,-78.764389,1596149000,15,15006,0,1047,
1041,16,20,16016,0,0,1124,mnbfl,1124,42.715660,-78.827446,1596148406,16,16016,0,1064,
1042,16,19,16015,0,60,1124,splke,1125,42.795906,-78.823799,1596148986,16,16015,0,1063,
1043,14,19,14011,0,0,1132,rdgab,1132,42.796814,-78.808052,1596149020,14,14011,0,1041,
1044,6,20,6014,0,0,1124,sycmg,1124,42.888359,-78.868576,1596148986,6,6014,0,1031,
1045,76,20,15007,0,99999,9999,frnhm,1107,42.594688,-79.091087,1596148988,15,15007,0,1048,
1046,2,19,4009,0,0,1160,tcbfl,1160,42.883602,-78.872337,1596149019,4,4009,0,1020,
1048,4,19,32013,0,-60,1126,bdyba,1125,42.899059,-78.797295,1596149026,32,32013,0,1087,
1049,32,19,4006,0,-120,1128,bflst,1126,42.940529,-78.869171,1596148975,4,4006,0,1019,
1055,26,20,26007,0,0,1129,gnhar,1129,42.922707,-78.800385,1596149023,26,26007,0,2081,
1059,23,20,23021,0,-120,1128,hrtpk,1126,42.945835,-78.831802,1596148982,23,23021,0,2063,
1065,44,20,44006,0,0,1127,lkpt,1127,43.169685,-78.689941,1596149025,44,44006,0,2089,
1104,13,20,47004,0,0,1135,winsp,1135,42.923862,-78.830124,1596149024,47,47004,0,2093,
1106,23,19,23013,0,-60,1123,abtba,1122,42.857643,-78.828674,1596148995,23,23013,0,2060,
1107,13,19,13007,0,60,1128,utica,1129,42.914761,-78.851486,1596149019,13,13007,0,2037,
1113,24,20,24020,0,0,1150,airpt,1150,42.934093,-78.730667,1596148996,24,24020,0,2076,
1114,12,19,12016,0,0,1126,utica,1126,42.911156,-78.856773,1596148999,12,12016,0,2026,
1115,44,20,44009,0,120,1135,lkpt,1137,43.105968,-78.696716,1596148984,44,44009,0,2090,
1116,23,20,23014,0,0,1125,brrtc,1125,42.945644,-78.907135,1596148856,23,23014,0,2061,
1119,12,20,12013,0,0,1127,utica,1127,42.911213,-78.870583,1596149022,12,12013,0,2024,
1120,12,20,12012,0,99999,9999,ctyli,1121,42.941051,-78.837234,1596149018,12,12012,1,2023,
1124,8,19,8008,0,0,1125,wtfrt,1125,42.880112,-78.882790,1596148918,8,8008,0,2007,
1126,23,19,23011,0,300,1128,abtba,1133,42.866497,-78.847137,1596149005,23,23011,0,2059,
1128,12,19,12017,0,-60,1134,filut,1133,42.920811,-78.813560,1596149025,12,12017,0,2027,
1129,12,20,12024,0,0,1125,ctyli,1125,42.958706,-78.814568,1596148842,12,12024,0,2030,
1201,42,20,42007,0,-180,1125,spkls,1122,42.874306,-78.867493,1596148989,42,42007,0,1100,
1202,1,20,2008,0,0,1125,aptml,1125,42.888332,-78.754341,1596149006,2,2008,0,1011,
1203,6,19,6013,0,0,1127,twyml,1127,42.907143,-78.777718,1596149001,6,6013,0,1030,
1213,12,19,12014,0,240,1124,nghmp,1128,42.908875,-78.899986,1596148998,12,12014,0,2025,
1301,155,19,155003,0,0,1126,falls,1126,43.082481,-79.052193,1596148983,155,155003,0,3114,
1502,34,19,34009,0,99999,9999,socam,895,42.968796,-78.823502,1596149015,34,34009,0,3069,
1504,50,19,50025,0,0,1129,olopc,1129,43.154396,-79.035179,1596148980,50,50025,0,3095,
1506,52,20,52030,0,60,1129,mlnfb,1130,43.089634,-78.991188,1596149007,52,52030,0,3100,
1507,50,20,40010,0,0,1131,bfhyd,1131,43.088669,-79.052376,1596148983,40,40010,0,3082,
1508,35,20,35006,0,0,1128,dlwsh,1128,42.980732,-78.889381,1596149016,35,35006,0,3074,
1517,55,19,55041,0,-60,1130,mlnfb,1129,43.101154,-78.940598,1596149008,55,55041,0,3109,
1519,55,19,40012,0,-240,1119,pnhyd,1115,43.095131,-79.034920,1596148895,40,40012,0,3084,
1601,5,20,20013,0,-120,1130,ngvrg,1128,42.883327,-78.876053,1596149032,20,20013,0,3045,
1603,40,20,40011,0,0,1126,casno,1126,43.083832,-79.058929,1596149017,40,40011,0,3083,
1605,0,0,25006,5,60,1138,front,1139,43.028141,-78.879181,1596148973,25,25006,0,3058,
1606,20,20,25009,0,0,1137,elken,1137,42.923092,-78.877022,1596149022,25,25009,0,3059,
1608,5,20,5021,0,120,1108,socam,1110,42.958706,-78.869019,1596148992,5,5021,0,3029,
1612,11,20,11005,0,60,1124,clvkn,1125,42.958511,-78.858673,1596148985,11,11005,0,3034,
1616,25,20,25011,0,120,1117,mnngr,1119,42.966736,-78.887932,1596148989,25,25011,0,3057,
1622,20,19,3018,0,0,1131,elken,1131,42.980927,-78.875610,1596149027,3,3018,0,3012,
1701,5,20,11006,0,99999,9999,socam,1065,42.882614,-78.872406,1596148983,11,11006,0,3035,
1702,3,19,3019,0,60,1129,ellop,1130,42.882557,-78.872108,1596148998,3,3019,0,3013,
1703,3,19,5017,0,0,1133,frgrt,1133,42.938465,-78.890129,1596149016,5,5017,0,3028,
1708,55,20,55038,0,180,1125,mlnfb,1128,43.089359,-78.970787,1596149003,55,55038,0,3108,
1711,0,0,35007,6,0,1140,brrtc,1140,42.945313,-78.907135,1596149021,35,35007,0,3075,
1713,5,19,20020,0,60,1126,ngfry,1127,42.945396,-78.907661,1596148544,20,20020,0,3050,
1716,0,0,50022,5,0,1143,front,1143,43.022175,-78.975067,1596148987,50,50022,0,3094,
1720,18,19,12025,0,-120,1124,spkls,1122,42.871529,-78.862839,1596149030,12,12025,0,2031,
1802,3,19,25014,0,0,1125,ellop,1125,42.882557,-78.872223,1596149018,25,25014,0,3062,
1806,3,20,3017,0,0,1125,tonvl,1125,42.959145,-78.894814,1596148974,3,3017,0,3011,
1807,11,19,20016,0,0,1125,dlwdv,1125,42.928318,-78.867424,1596148994,20,20016,0,3047,
1810,5,20,20018,0,-60,1132,socam,1131,42.958595,-78.855324,1596148997,20,20018,0,3048,
1811,20,19,20019,0,-180,1123,ellop,1120,42.882721,-78.871925,1596149021,20,20019,0,3049,
1812,25,19,25013,0,0,1130,mnngr,1130,43.032322,-78.870621,1596149028,25,25013,0,3061,
1813,40,20,55042,0,0,1127,prtc,1127,43.099396,-79.051559,1596148892,55,55042,0,3110,
1816,0,0,5012,5,99999,9999,,9999,42.959091,-78.890724,1596148990,5,5012,0,3026,
1817,16,20,16014,0,0,1130,abtba,1130,42.870789,-78.859306,1596148992,16,16014,0,1062,
1819,42,19,42006,0,-180,1124,shops,1121,42.831573,-78.786278,1596149025,42,42006,0,1099,
1820,2,20,2011,0,0,1127,fltbk,1127,42.847881,-78.698135,1596148804,2,2011,0,1013,
1821,15,19,15009,0,-60,1130,basen,1129,42.853931,-78.808052,1596148995,15,15009,0,1049,
1822,19,19,19012,0,0,1127,abtba,1127,42.857533,-78.828712,1596148795,19,19012,0,1074,
1902,155,20,155004,0,0,1140,nfia,1140,43.100937,-78.941086,1596148997,155,155004,0,3115,
1903,20,20,5018,0,180,1125,orch,1128,42.988514,-78.873154,1596149007,5,5018,0,3025,
1904,35,19,5022,0,0,1135,wtrgt,1135,42.987579,-78.908585,1596148987,5,5022,0,3030,
1905,34,20,34007,0,120,1138,hazwd,1140,43.026958,-78.801353,1596148986,34,34007,0,3067,
1907,20,19,20014,0,360,1134,ellop,1140,42.882584,-78.872299,1596148996,20,20014,0,3046,
1911,0,0,40015,5,0,1130,front,1130,42.950264,-78.890533,1596149013,40,40015,0,3107,
1912,34,20,34008,0,0,1139,hazwd,1139,43.028858,-78.814972,1596148806,34,34008,0,3068,
1914,55,19,40014,0,-180,1123,prtc,1120,43.099644,-79.051521,1596149021,40,40014,0,3085,
1915,55,20,55043,0,0,1172,nfia,1172,43.101624,-78.939560,1596148980,55,55043,0,3111,
1916,40,20,40017,0,60,1127,giplz,1128,43.004906,-78.946594,1596148981,40,40017,0,3087,
1917,40,19,40016,0,60,1142,tcbfl,1143,42.929554,-78.897797,1596149026,40,40016,0,3086,
1919,5,20,34011,0,120,1130,kenml,1132,42.951584,-78.904831,1596149014,34,34011,0,3070,
1920,25,20,5014,0,60,1126,dlwkn,1127,42.953480,-78.868980,1596149024,5,5014,0,3027,
1922,3,20,3009,0,-120,1123,frgrt,1121,42.915173,-78.890350,1596149028,3,3009,0,3010,
2011,26,20,26006,0,0,1145,twyml,1145,42.901699,-78.784042,1596148805,26,26006,0,2080,
2015,13,20,13006,0,120,1132,socam,1134,42.955185,-78.820595,1596149008,13,13006,0,2036,
2218,25,19,25010,0,0,1127,ellop,1127,42.883575,-78.872368,1596148974,25,25010,0,3060,
2512,14,20,14008,0,-300,1142,spkls,1137,42.896858,-78.864365,1596148978,14,14008,0,1040,
2601,8,20,8006,0,180,1127,socam,1130,42.954609,-78.821304,1596149027,8,8006,0,2006,
2605,48,19,48004,0,-180,1131,eccn,1128,42.966156,-78.715851,1596149003,48,48004,0,2097,
2607,14,20,14012,0,0,1129,rdgab,1129,42.846725,-78.810768,1596149031,14,14012,0,1042,
2608,32,20,32018,0,60,1131,twyml,1132,42.911404,-78.763947,1596148891,32,32018,0,1090,
2611,4,20,32017,0,-120,1124,bdyba,1122,42.896557,-78.816612,1596149011,32,32017,0,1089,
2614,6,20,6009,0,-120,1128,twyml,1126,42.906429,-78.801834,1596148986,6,6009,0,1029,
2615,19,20,19015,0,60,1127,badlv,1128,42.912258,-78.813972,1596149002,19,19015,0,1076,
2623,16,20,16009,0,180,1115,mcmal,1118,42.820492,-78.791374,1596148975,16,16009,0,1060,
2624,4,20,32022,0,60,1119,twyml,1120,42.903706,-78.781067,1596149004,32,32022,0,1094,
2625,4,19,32016,0,0,1121,tcbfl,1121,42.883438,-78.872597,1596148926,32,32016,0,1088,
2630,16,19,16013,0,60,1142,bnmc,1143,42.871723,-78.864517,1596149030,16,16013,0,1061,
2701,47,19,24016,0,240,1126,socam,1130,42.954826,-78.820709,1596149006,24,24016,0,2073,
2706,24,20,24014,0,-360,1133,genmn,1127,42.881676,-78.874863,1596148982,24,24014,0,2071,
2707,26,19,22005,0,-120,1126,gnhar,1124,42.918610,-78.784492,1596148981,22,22005,0,2048,
2708,24,19,24019,0,-120,1124,genmn,1122,42.899197,-78.847061,1596148992,24,24019,0,2075,
8145,45,99,45145,99,99999,9999,,9999,42.882721,-78.872002,1596149004,45,0,0,45145,
8208,45,99,45208,99,99999,9999,,9999,42.992008,-78.821564,1596149004,45,0,0,45208,
8211,45,99,45211,99,99999,9999,,9999,42.881348,-78.676804,1596148388,45,0,0,45211,
8222,45,99,45222,99,99999,9999,,9999,42.952324,-78.751328,1596148990,45,0,0,45222,
8224,45,99,45224,99,99999,9999,,9999,42.958622,-78.882233,1596148988,45,0,0,45224,
8233,45,99,45233,99,99999,9999,,9999,99.000000,999.000000,1596138517,45,0,0,45233,
