1002,26,19,26008,0,0,1217,badlv,1217,42.922707,-78.813301,1596154614,26,26008,0,2082,
1004,12,19,12022,0,0,1222,nghmp,1222,42.910938,-78.899879,1596154622,12,12022,0,2028,
1005,48,20,48006,0,0,1224,mnun,1224,42.963928,-78.802322,1596154601,48,48006,0,2098,
1006,23,20,23020,0,0,1222,brrtc,1222,42.946304,-78.890907,1596154621,23,23020,0,2062,
1007,24,20,24015,0,0,1220,ungen,1220,42.924549,-78.773064,1596154587,24,24015,0,2072,
1011,24,20,24018,0,0,1228,airpt,1228,42.934120,-78.730667,1596154278,24,24018,0,2074,
1013,47,19,13008,0,-300,1226,eccn,1221,42.935852,-78.717491,1596154619,13,13008,0,2038,
1014,18,20,18005,0,-480,1221,dlvst,1213,42.909233,-78.853943,1596154630,18,18005,0,2043,
1018,12,20,12023,0,-60,1216,ctyli,1215,42.958706,-78.814568,1596154595,12,12023,0,2029,
1020,2,19,2009,0,99999,9999,cltun,1196,42.882198,-78.855621,1596154598,2,2009,0,1012,
1028,32,20,32020,0,0,1250,twyml,1250,42.902523,-78.783745,1596154051,32,32020,0,1093,
1030,32,20,32021,0,60,1222,knhty,1223,42.938988,-78.811066,1596154635,32,32021,0,1092,
1033,46,19,32019,0,-120,1219,ctrbd,1217,42.915283,-78.674759,1596154602,32,32019,0,1091,
1034,15,20,15010,0,0,1229,sensm,1229,42.881676,-78.878067,1596154620,15,15010,0,1050,
1037,19,19,19014,0,-60,1222,bagen,1221,42.930023,-78.813782,1596154622,19,19014,0,1075,
1041,0,0,16016,6,0,1220,tcbfl,1220,42.883438,-78.872597,1596154585,16,16016,0,1064,
1042,16,20,16015,0,-120,1231,spkls,1229,42.894493,-78.864998,1596154631,16,16015,0,1063,
1043,14,20,14011,0,0,1225,eccs,1225,42.786251,-78.810989,1596154605,14,14011,0,1041,
1044,6,19,6014,0,-120,1227,wtfrt,1225,42.887314,-78.872894,1596154631,6,6014,0,1031,
1046,4,19,4009,0,-180,1222,michl,1219,42.904724,-78.780540,1596154603,4,4009,0,1020,
1055,26,20,26007,0,-120,1218,dlvst,1216,42.922241,-78.864037,1596154609,26,26007,0,2081,
1059,23,19,23021,0,0,1230,abtba,1230,42.857231,-78.829750,1596154626,23,23021,0,2063,
1104,13,20,47004,0,-120,1217,flfry,1215,42.914623,-78.842110,1596154609,47,47004,0,2093,
1107,13,19,13007,0,0,1249,utica,1249,42.911678,-78.864853,1596154604,13,13007,0,2037,
1113,24,20,24020,0,0,1227,genmn,1227,42.877499,-78.875946,1596154582,24,24020,0,2076,
1115,44,19,44009,0,0,1230,socam,1230,42.954166,-78.820557,1596154629,44,44009,0,2090,
1119,0,0,12013,5,99999,9999,,9999,42.916191,-78.860611,1596154607,12,12013,0,2024,
1124,8,19,8008,0,0,1225,wtfrt,1225,42.880138,-78.882790,1596154561,8,8008,0,2007,
1128,12,20,12017,0,0,1227,socam,1227,42.943031,-78.803398,1596154625,12,12017,0,2027,
1129,12,20,12024,0,-180,1221,filut,1218,42.911076,-78.853645,1596154605,12,12024,0,2030,
1201,42,19,42007,0,60,1223,spkls,1224,42.841885,-78.858932,1596154634,42,42007,0,1100,
1203,6,20,6013,0,0,1237,glrml,1237,42.910664,-78.763611,1596154467,6,6013,0,1030,
1301,155,19,155003,0,120,1218,hojo,1220,43.089359,-78.987984,1596154626,155,155003,0,3114,
1502,34,19,34009,0,99999,9999,socam,895,43.034714,-78.801422,1596154643,34,34009,0,3069,
1504,50,19,50025,0,0,1226,bfhyd,1226,43.076103,-78.965912,1596154622,50,50025,0,3095,
1506,52,19,52030,0,-240,1222,olopc,1218,43.137592,-79.037117,1596154524,52,52030,0,3100,
1508,35,19,35006,0,0,1220,brrtc,1220,42.945313,-78.907135,1596154183,35,35006,0,3074,
1517,55,20,55041,0,0,1219,nftc,1219,43.094254,-78.971863,1596154592,55,55041,0,3109,
1519,55,19,40012,0,99999,9999,prtc,1137,43.021103,-78.880264,1596154643,40,40012,1,3084,
1606,20,19,25009,0,0,1220,ellop,1220,42.882584,-78.872299,1596154276,25,25009,0,3059,
1608,5,20,5021,0,60,1226,kenml,1227,42.958897,-78.908958,1596154636,5,5021,0,3029,
1612,11,19,11005,0,-120,1217,ellop,1215,42.882557,-78.872070,1596154629,11,11005,0,3034,
1622,3,20,3018,0,60,1219,frgrt,1220,42.911625,-78.894707,1596154610,3,3018,0,3012,
1701,5,20,11006,0,99999,9999,socam,1065,43.013786,-78.859421,1596154389,11,11006,0,3035,
1702,3,19,3019,0,0,1230,ellop,1230,42.882584,-78.872368,1596154643,3,3019,0,3013,
1703,3,19,5017,0,120,1226,frgrt,1228,42.941849,-78.891953,1596154601,5,5017,0,3028,
1711,35,19,35007,0,60,1221,dlwsh,1222,42.980896,-78.844826,1596154607,35,35007,0,3075,
1713,20,20,20020,0,0,1219,orch,1219,42.988377,-78.873299,1596154484,20,20020,0,3050,
1720,12,19,12025,0,60,1221,filut,1222,42.914566,-78.830009,1596154619,12,12025,0,2031,
1802,25,19,25014,0,0,1225,dlwnr,1225,42.921524,-78.867645,1596154634,25,25014,0,3062,
1806,40,20,3017,0,0,1226,brrtc,1226,42.913246,-78.899620,1596154617,3,3017,0,3011,
1807,5,20,20016,0,0,1220,socam,1220,42.954552,-78.819847,1596154221,20,20016,0,3047,
1810,5,19,20018,0,0,1229,ellop,1229,42.882584,-78.872223,1596154642,20,20018,0,3048,
1811,20,19,20019,0,-180,1222,elmnr,1219,42.917374,-78.877098,1596154606,20,20019,0,3049,
1812,25,20,25013,0,-60,1218,dlwkn,1217,42.953564,-78.868980,1596154613,25,25013,0,3061,
1813,55,20,55042,0,-240,1216,boces,1212,43.145817,-78.865967,1596154593,55,55042,0,3110,
1817,16,19,16014,0,0,1217,rdgsp,1217,42.822552,-78.823982,1596154636,16,16014,0,1062,
1819,42,20,42006,0,-60,1227,shops,1226,42.827282,-78.821976,1596154632,42,42006,0,1099,
1820,1,20,2011,0,-60,1217,wmmgn,1216,42.885391,-78.869507,1596154625,2,2011,0,1013,
1821,15,20,15009,0,0,1220,sogat,1220,42.827419,-78.754417,1596154638,15,15009,0,1049,
1822,19,19,19012,0,0,1228,abtba,1228,42.857616,-78.828636,1596154555,19,19012,0,1074,
1902,155,20,155004,0,0,1218,econo,1218,43.090458,-78.998886,1596154642,155,155004,0,3115,
1904,5,19,5022,0,-120,1224,ngfry,1222,42.938217,-78.904274,1596154633,5,5022,0,3030,
1914,20,20,40014,0,0,1219,elmdv,1219,42.915310,-78.877022,1596154606,40,40014,0,3085,
1915,55,19,55043,0,0,1240,prtc,1240,43.099369,-79.051674,1596154623,55,55043,0,3111,
1916,40,19,40017,0,60,1224,tcbfl,1225,42.900761,-78.891800,1596154624,40,40017,0,3087,
1917,40,20,40016,0,60,1221,falls,1222,43.078442,-79.034775,1596154613,40,40016,0,3086,
1919,34,20,34011,0,0,1230,audbn,1230,42.994564,-78.822380,1596154597,34,34011,0,3070,
2011,22,20,26006,0,-60,1225,twyml,1224,42.906593,-78.801125,1596154601,26,26006,0,2080,
2015,44,19,13006,0,-120,1220,crspt,1218,43.052399,-78.728920,1596154640,13,13006,0,2036,
2218,40,19,25010,0,-180,1223,casno,1220,43.096699,-79.050446,1596154589,25,25010,0,3060,
2601,13,19,8006,0,-60,1222,winsp,1221,42.958542,-78.814453,1596154644,8,8006,0,2006,
2607,14,19,14012,0,0,1216,spkls,1216,42.870346,-78.856697,1596154592,14,14012,0,1042,
2608,32,19,32018,0,240,1228,brrtc,1232,42.945587,-78.906990,1596154513,32,32018,0,1090,
2611,4,19,32017,0,99999,9999,tcbfl,1207,42.902138,-78.784042,1596154391,32,32017,1,1089,
2615,19,20,19015,0,60,1222,badlv,1223,42.904694,-78.813934,1596154556,19,19015,0,1076,
2624,32,19,32022,0,-60,1218,knhty,1217,42.944351,-78.795807,1596154601,32,32022,0,1094,
2625,4,20,32016,0,120,1221,bdyfl,1223,42.891136,-78.847878,1596154603,32,32016,0,1088,
2630,16,20,16013,0,120,1223,mnbfl,1225,42.749954,-78.825134,1596154589,16,16013,0,1061,
2701,13,20,24016,0,120,1223,socam,1225,42.954910,-78.820671,1596154626,24,24016,0,2073,
2706,24,19,24014,0,0,1235,marmn,1235,42.877388,-78.877991,1596154577,24,24014,0,2071,
2707,22,19,22005,0,-120,1223,wldba,1221,42.907143,-78.795433,1596154594,22,22005,0,2048,
2708,24,19,24019,0,-120,1222,andrw,1220,42.924633,-78.770943,1596154638,24,24019,0,2075,
8211,45,99,45211,99,99999,9999,,9999,43.096313,-78.951317,1596154606,45,0,0,45211,
8222,45,99,45222,99,99999,9999,,9999,42.878101,-78.784935,1596154616,45,0,0,45222,
