1001,26,20,22001,0,-60,503,elmdv,502,42.922157,-78.879555,1596111738,22,22001,0,2044,
1002,22,19,8003,0,60,507,bstmn,508,42.903896,-78.853760,1596111730,8,8003,0,2003,
1003,12,19,12002,0,120,508,utica,510,42.911076,-78.847580,1596111734,12,12002,0,2009,
1004,13,20,44001,0,120,499,socam,501,42.954964,-78.821152,1596111711,44,44001,0,2083,
1006,12,20,12009,0,-60,501,utica,500,42.911461,-78.865227,1596111711,12,12009,0,2018,
1007,48,19,8002,0,0,525,socam,525,42.954662,-78.821045,1596111757,8,8002,0,2002,
1008,12,19,12001,0,120,507,nghmp,509,42.915283,-78.891724,1596111736,12,12001,0,2008,
1010,12,20,12007,0,0,510,ctyli,510,42.958706,-78.814636,1596111500,12,12007,0,2014,
1011,12,20,12008,0,0,514,knegt,514,42.924164,-78.813637,1596111724,12,12008,0,2096,
1017,22,19,26001,0,0,523,lkv,523,42.898121,-78.893700,1596111727,26,26001,0,2077,
1018,18,20,18003,0,0,501,dlvst,501,42.922352,-78.856438,1596111689,18,18003,0,2016,
1021,42,19,42001,0,0,510,mohel,510,42.886929,-78.872223,1596111701,42,42001,0,1095,
1022,6,19,6006,0,0,502,sycmg,502,42.889816,-78.864220,1596111720,6,6006,0,1027,
1025,14,20,14001,0,-180,507,abtba,504,42.866608,-78.848701,1596111750,14,14001,0,1032,
1026,42,20,42002,0,0,510,sogat,510,42.827614,-78.754486,1596111569,42,42002,0,1096,
1027,2,19,2002,0,-420,502,tcbfl,495,42.883411,-78.872635,1596111755,2,2002,0,1008,
1030,6,20,6003,0,-60,500,sycfl,499,42.898563,-78.836304,1596111700,6,6003,0,1023,
1031,1,20,1002,0,0,510,aptml,510,42.884151,-78.777489,1596111750,1,1002,0,1002,
1032,16,20,16006,0,60,503,splke,504,42.799671,-78.823982,1596111745,16,16006,0,1057,
1033,16,20,16005,0,0,509,mcmal,509,42.782566,-78.808571,1596111753,16,16005,0,1025,
1037,14,19,14005,0,0,504,bnmc,504,42.897545,-78.863884,1596111719,14,14005,0,1018,
1038,0,0,32007,6,99999,9999,twyml,520,42.902771,-78.783669,1596111728,32,32007,0,1072,
1039,19,20,19002,0,60,499,socam,500,42.954994,-78.820480,1596111666,19,19002,0,1066,
1040,6,20,6005,0,0,518,glrml,518,42.910084,-78.763641,1596111032,6,6005,0,1084,
1044,32,19,32001,0,0,511,clwbr,511,42.929199,-78.754044,1596111729,32,32001,0,1077,
1045,19,19,19007,0,0,507,abtba,507,42.857643,-78.828598,1596111749,19,19007,0,1085,
1047,0,0,70001,5,0,509,babck,509,42.878929,-78.828300,1596111748,70,70001,0,1079,
1048,46,19,46002,0,240,509,twyml,513,42.908436,-78.773468,1596111744,46,46002,0,1036,
1049,19,20,19003,0,60,506,badlv,507,42.912312,-78.813675,1596111707,19,19003,0,1067,
1050,32,19,32002,0,0,515,brrtc,515,42.945396,-78.906837,1596111546,32,32002,0,1078,
1052,2,20,2001,0,99999,9999,fltbk,355,42.889790,-78.813820,1596111748,2,2001,1,1007,
1055,12,19,12005,0,-60,512,knegt,511,42.953094,-78.823830,1596111735,12,12005,0,2012,
1056,23,20,23002,0,120,509,flfry,511,42.897491,-78.839241,1596111745,23,23002,0,2050,
1057,47,19,12006,0,0,513,mnun,513,42.966076,-78.719276,1596111709,12,12006,0,2013,
1062,24,19,24003,0,120,503,andrw,505,42.919765,-78.794319,1596111744,24,24003,0,2066,
1064,23,19,23007,0,-60,507,flfry,506,42.931507,-78.839355,1596111706,23,23007,0,2069,
1065,0,0,24007,6,99999,9999,holtz,481,42.929913,-78.825958,1596111699,24,24007,0,2035,
1104,48,20,48001,0,120,512,ehmal,514,42.956615,-78.717339,1596111755,48,48001,0,2094,
1105,49,20,49001,0,60,510,shhop,511,42.978973,-78.792603,1596111754,49,49001,0,2099,
1106,44,19,44003,0,120,504,socam,506,42.959339,-78.814377,1596111710,44,44003,0,2085,
1108,24,20,24006,0,0,507,airpt,507,42.934147,-78.730591,1596111715,24,24006,0,2004,
1109,8,20,8001,0,60,511,amsta,512,42.923065,-78.856331,1596111743,8,8001,0,2001,
1110,0,0,24004,6,99999,9999,socam,498,42.954937,-78.821602,1596111745,24,24004,0,2067,
1111,0,0,66002,5,60,510,colds,511,42.913769,-78.864998,1596111752,66,66002,0,2057,
1112,67,19,67002,0,180,495,ellop,498,42.911488,-78.865822,1596111731,67,67002,0,2046,
1113,18,19,18002,0,0,500,spkls,500,42.871613,-78.863548,1596111707,18,18002,0,2040,
1114,13,19,13001,0,0,505,utica,505,42.911625,-78.864853,1596111663,13,13001,0,2032,
1115,44,20,44004,0,0,502,crspt,502,43.042389,-78.742241,1596111718,44,44004,0,2086,
1116,44,19,44005,0,0,509,flint,509,43.016399,-78.767815,1596111752,44,44005,0,2041,
1117,12,19,12010,0,0,501,nghmp,501,42.910774,-78.899879,1596111680,12,12010,0,2020,
1118,23,20,23008,0,-60,505,mnfil,504,42.928398,-78.839279,1596111708,23,23008,0,2056,
1120,64,19,24005,0,300,510,mnaln,515,42.899334,-78.869881,1596111732,24,24005,0,2068,
1123,47,20,24009,0,-60,507,airpt,506,42.933048,-78.724335,1596111717,24,24009,0,2047,
1124,23,19,23006,0,-120,520,hrtpk,518,42.944214,-78.907326,1596111736,23,23006,0,2054,
1127,23,19,23005,0,0,505,abtba,505,42.857586,-78.828712,1596111703,23,23005,0,2053,
1129,24,20,24002,0,0,510,ungen,510,42.919571,-78.794540,1596111752,24,24002,0,2065,
1130,48,20,8004,0,-60,507,mnegt,506,42.954910,-78.821190,1596111707,8,8004,0,2091,
1203,15,20,15003,0,0,507,sogat,507,42.835037,-78.774666,1596111732,15,15003,0,1045,
1204,16,20,16003,0,-60,523,spkls,522,42.898590,-78.870064,1596111728,16,16003,0,1053,
1205,32,20,32005,0,-120,507,dlwam,505,42.932854,-78.876984,1596111742,32,32005,0,1081,
1206,16,19,16001,0,60,505,abtba,506,42.852940,-78.826180,1596111743,16,16001,0,1051,
1207,1,19,1001,0,0,535,tcbfl,535,42.883411,-78.872368,1596111710,1,1001,0,1001,
1211,15,19,42003,0,0,513,lterr,513,42.882996,-78.879593,1596111597,42,42003,0,1097,
1212,76,19,76001,0,120,506,ellop,508,42.880962,-78.881264,1596111737,76,76001,0,1026,
1213,22,20,22002,0,0,505,twyml,505,42.903156,-78.783524,1596111586,22,22002,0,2045,
1502,5,19,5005,0,99999,9999,ellop,503,42.882614,-78.872520,1596111626,5,5005,1,3018,
1504,11,19,25003,0,120,504,dlwdv,506,42.927769,-78.867867,1596111725,25,25003,0,3053,
1505,52,19,52027,0,-300,505,pnhyd,500,43.092987,-79.007225,1596111757,52,52027,0,3097,
1506,0,0,34001,6,0,493,hazwd,493,43.044945,-78.799789,1596111723,34,34001,0,3063,
1507,20,20,20008,0,0,502,orch,502,42.988403,-78.873116,1596111715,20,20008,0,3054,
1508,5,20,5006,0,120,493,socam,495,42.958542,-78.844345,1596111746,5,5006,0,3019,
1511,3,19,5004,0,0,502,ellop,502,42.882530,-78.872406,1596110541,5,5004,0,3017,
1512,3,19,3005,0,180,507,trcem,510,42.900101,-78.885918,1596111749,3,3005,0,3021,
1514,55,20,55035,0,0,502,nftc,502,43.099232,-78.976852,1596111660,55,55035,0,3106,
1517,25,20,25001,0,-60,511,mnngr,510,42.991844,-78.873787,1596111740,25,25001,0,3051,
1519,5,20,34005,0,60,508,kenml,509,42.951115,-78.902443,1596111694,34,34005,0,3007,
1520,40,20,40004,0,0,510,giplz,510,42.987854,-78.935799,1596111735,40,40004,0,3078,
1601,5,20,5010,0,0,504,dlwkn,504,42.958569,-78.878845,1596111704,5,5010,0,3033,
1603,0,0,5011,6,480,515,hazwd,523,43.028858,-78.814934,1596111720,5,5011,0,3065,
1604,5,20,5009,0,0,510,brrtc,510,42.926037,-78.897835,1596111712,5,5009,0,3072,
1605,3,20,3006,0,60,509,tonvl,510,42.960079,-78.907990,1596111704,3,3006,0,3091,
1610,20,19,5001,0,-120,515,elmdv,513,42.954800,-78.878441,1596111714,5,5001,0,3014,
1612,3,19,20004,0,120,508,ellop,510,42.882477,-78.872185,1596111718,20,20004,0,3039,
1614,40,20,40002,0,-120,501,prtc,499,43.099644,-79.051559,1596111703,40,40002,0,3077,
1615,11,19,3004,0,0,535,ellop,535,42.882557,-78.872185,1596111706,3,3004,0,3004,
1622,5,19,5007,0,-360,501,ellop,495,42.882557,-78.872108,1596111714,5,5007,0,3020,
1701,20,20,20005,0,-180,512,elmnr,509,42.886021,-78.876617,1596111714,20,20005,0,3040,
1702,5,20,20001,0,120,508,socam,510,42.954361,-78.820930,1596111732,20,20001,0,3036,
1703,55,20,55037,0,-240,507,casno,503,43.094776,-79.049438,1596111721,55,55037,0,3056,
1714,52,20,52026,0,0,509,lkhyd,509,43.136711,-79.037376,1596111737,52,52026,0,3096,
1715,11,20,3002,0,0,505,clvkn,505,42.953014,-78.858932,1596111748,3,3002,0,3002,
1716,20,20,20009,0,120,509,dlwsh,511,42.965771,-78.878738,1596111721,20,20009,0,3023,
1718,23,19,23004,0,120,509,abtba,511,42.872463,-78.844749,1596111751,23,23004,0,2052,
1720,12,19,12003,0,-120,509,badlv,507,42.933956,-78.799118,1596111709,12,12003,0,2010,
1801,3,20,3001,0,0,512,frgrt,512,42.898506,-78.883949,1596111724,3,3001,0,3001,
1802,34,19,34004,0,0,510,socam,510,42.954578,-78.819817,1596111142,34,34004,0,3024,
1803,40,19,40003,0,240,498,tcbfl,502,42.883080,-78.882530,1596111728,40,40003,0,3104,
1806,20,19,20006,0,180,517,ellop,520,42.882557,-78.872482,1596111719,20,20006,0,3041,
1807,55,19,55036,0,0,504,casno,504,43.094501,-79.056213,1596111669,55,55036,0,3107,
1808,0,0,55034,6,660,513,olopc,524,43.154285,-79.034843,1596111741,55,55034,0,3105,
1809,20,20,20010,0,0,517,elken,517,42.923946,-78.876984,1596111732,20,20010,0,3008,
1810,5,19,11001,0,60,513,brrtc,514,42.958511,-78.895638,1596111703,11,11001,0,3031,
1811,34,20,34002,0,0,506,audbn,506,43.031002,-78.818550,1596111682,34,34002,0,3064,
1812,50,20,50020,0,0,522,nftc,522,43.100716,-78.979828,1596111734,50,50020,0,3090,
1813,35,19,35001,0,0,530,brrtc,530,42.945313,-78.907135,1596111092,35,35001,0,3071,
1814,60,19,40001,0,600,492,tcbfl,502,42.883381,-78.872780,1596111750,40,40001,0,3076,
1815,5,20,5003,0,99999,9999,ngvrg,519,42.882530,-78.872185,1596111737,5,5003,0,3016,
1816,3,19,3008,0,-120,510,frgrt,508,42.934669,-78.888565,1596111725,3,3008,0,3093,
1817,32,19,32008,0,60,504,brrtc,505,42.945366,-78.907173,1596111727,32,32008,0,1004,
1818,32,20,32004,0,0,510,ungen,510,42.945091,-78.768890,1596111740,32,32004,0,1080,
1819,4,20,4003,0,-60,508,bdyba,507,42.894493,-78.831314,1596111756,4,4003,0,1016,
1822,6,19,6001,0,0,507,wldba,507,42.907032,-78.796478,1596111703,6,6001,0,1021,
1824,15,19,15004,0,0,512,scl,512,42.829563,-78.763977,1596111702,15,15004,0,1070,
1902,3,19,34006,0,0,505,ellop,505,42.882530,-78.872597,1596111731,34,34006,0,3066,
1903,25,19,5002,0,-360,517,dlwdv,511,42.957825,-78.869652,1596111739,5,5002,0,3015,
1904,40,19,55033,0,-300,508,ngvln,503,42.988651,-78.935760,1596111723,55,55033,0,3103,
1905,20,19,20007,0,60,506,elmnr,507,42.910965,-78.877213,1596111720,20,20007,0,3005,
1908,40,20,55032,0,0,504,prtc,504,43.088066,-79.059189,1596111550,55,55032,0,3102,
1909,3,20,3003,0,-60,514,sklmt,513,42.925732,-78.889641,1596111726,3,3003,0,3003,
1910,50,20,50019,0,0,508,casno,508,43.095131,-79.048950,1596111757,50,50019,0,3089,
1912,3,19,3007,0,-180,503,sklmt,500,42.958458,-78.893661,1596111718,3,3007,0,3006,
1914,5,19,20002,0,180,505,ngvrg,508,42.897655,-78.888863,1596111751,20,20002,0,3037,
1915,0,0,20011,4,-240,519,ellop,515,42.945671,-78.892921,1596111712,20,20011,0,3043,
1917,5,19,20003,0,60,510,ngfry,511,42.936184,-78.903191,1596111706,20,20003,0,3038,
1918,55,19,55031,0,180,509,mlnfb,512,43.100964,-78.941048,1596111699,55,55031,0,3101,
1921,25,19,25002,0,0,525,ellop,525,42.882504,-78.872337,1596111611,25,25002,0,3052,
1922,35,20,35002,0,0,509,nfbsh,509,42.980732,-78.864143,1596111702,35,35002,0,3032,
2001,26,20,26002,0,60,505,twyml,506,42.903843,-78.780540,1596111711,26,26002,0,2079,
2004,66,19,18001,0,240,521,ellop,525,42.933102,-78.780655,1596111694,18,18001,0,2039,
2006,81,19,47001,0,540,498,sdwsh,507,42.895344,-78.871437,1596111719,47,47001,0,2034,
2010,8,19,13002,0,0,504,wtfrt,504,42.880466,-78.881752,1596111706,13,13002,0,2033,
2015,24,19,24001,0,0,505,marmn,505,42.878376,-78.878738,1596111749,24,24001,0,2064,
2122,0,0,2007,6,240,511,tcbfl,515,42.883465,-78.872482,1596111621,2,2007,0,1037,
2128,2,19,2004,0,60,505,cltfl,506,42.873840,-78.824730,1596111739,2,2004,0,1010,
2130,19,20,19005,0,-960,482,socam,466,42.955101,-78.820412,1596111667,19,19005,0,1055,
2203,0,0,25005,4,-60,509,mnngr,508,42.981888,-78.885437,1596111648,25,25005,0,3044,
2215,35,19,35003,0,-60,502,ens,501,42.987881,-78.894295,1596111704,35,35003,0,3042,
2218,50,19,50018,0,0,508,prtc,508,43.087517,-79.059372,1596111685,50,50018,0,3088,
2501,4,19,4004,0,-120,506,michl,504,42.899414,-78.784561,1596111755,4,4004,0,1017,
2502,2,19,2003,0,-540,506,trfrh,497,42.859211,-78.697205,1596111735,2,2003,0,1009,
2503,0,0,69001,5,1080,9999,,9999,42.881622,-78.826141,1596111679,69,69001,0,1056,
2507,19,20,19006,0,360,514,socam,520,42.954334,-78.821075,1596111699,19,19006,0,1069,
2508,72,19,72001,0,480,496,hrnmn,504,42.881321,-78.851341,1596111708,72,72001,0,1073,
2513,14,19,14003,0,0,505,mercy,505,42.840591,-78.808609,1596111716,14,14003,0,1034,
2514,16,19,16002,0,180,525,bnmc,528,42.898590,-78.868500,1596111692,16,16002,0,1052,
2515,19,19,19004,0,60,526,abtba,527,42.857670,-78.829079,1596111732,19,19004,0,1068,
2601,24,20,24008,0,-300,512,genmn,507,42.880634,-78.875092,1596111717,24,24008,0,2058,
2602,23,20,23009,0,300,505,brrtc,510,42.945698,-78.907211,1596111357,23,23009,0,2087,
2604,48,20,48003,0,360,522,ehmal,528,42.973557,-78.693962,1596111055,48,48003,0,2088,
2605,24,19,47002,0,99999,9999,marmn,456,42.957413,-78.819107,1596111730,47,47002,1,2092,
2608,32,19,32003,0,60,508,dlwam,509,42.940418,-78.850822,1596111745,32,32003,0,1003,
2610,15,19,15001,0,60,506,sensm,507,42.867352,-78.826141,1596111702,15,15001,0,1043,
2611,6,20,6002,0,0,513,sycmg,513,42.877224,-78.876953,1596111751,6,6002,0,1022,
2613,0,0,14006,6,840,521,bnmc,535,42.898674,-78.869171,1596111753,14,14006,0,1038,
2614,2,20,2006,0,0,504,cltfl,504,42.881458,-78.851822,1596111723,2,2006,0,1046,
2615,32,20,4002,0,60,525,twyml,526,42.901974,-78.784004,1596111700,4,4002,0,1015,
2616,1,19,46001,0,180,497,tcbfl,500,42.883575,-78.872856,1596111627,46,46001,0,1101,
2617,32,20,32006,0,0,500,twyml,500,42.903595,-78.783630,1596111714,32,32006,0,1082,
2618,0,0,14002,6,180,502,bnmc,505,42.898506,-78.868462,1596111710,14,14002,0,1033,
2620,19,19,19001,0,0,506,bdyba,506,42.910854,-78.814117,1596111725,19,19001,0,1065,
2625,15,20,15002,0,-120,505,sensm,503,42.876564,-78.850410,1596111738,15,15002,0,1044,
2627,4,19,4001,0,-120,506,bdmgn,504,42.890121,-78.853310,1596111713,4,4001,0,1014,
2628,14,20,14004,0,-120,506,eccs,504,42.772587,-78.797440,1596111348,14,14004,0,1035,
2629,0,0,16004,4,-960,379,mnbfl,363,99.000000,999.000000,1596101036,16,16004,0,1054,
2630,4,20,6004,0,60,509,twyml,510,42.902550,-78.784042,1596111663,6,6004,0,1024,
2701,26,19,26003,0,0,505,dlvst,505,42.922184,-78.853874,1596111709,26,26003,0,2078,
2702,13,19,48002,0,-60,512,dlvgr,511,42.936787,-78.816910,1596111716,48,48002,0,2095,
2703,23,19,23001,0,-60,504,hrtpk,503,42.947678,-78.856400,1596111729,23,23001,0,2049,
2705,13,20,13003,0,-60,509,winsp,508,42.937889,-78.814194,1596111712,13,13003,0,2019,
2706,12,19,12004,0,0,515,nghmp,515,42.910965,-78.900139,1596111533,12,12004,0,2011,
2707,23,20,23003,0,240,508,brrtc,512,42.945587,-78.893661,1596111733,23,23003,0,2051,
2709,12,20,12011,0,60,508,socam,509,42.948944,-78.808090,1596111721,12,12011,0,2021,
2713,44,20,44002,0,120,500,lkpt,502,43.169739,-78.690170,1596111405,44,44002,0,2084,
6015,444,99,444444,99,99999,9999,,9999,42.959118,-78.891022,1596111703,444,0,0,444444,
8152,45,99,45990,99,99999,9999,,9999,99.000000,999.000000,1596111748,45,0,0,45990,
8201,45,99,45201,99,99999,9999,,9999,42.980209,-78.814232,1596111743,45,0,0,45201,
8205,45,99,45205,99,99999,9999,,9999,42.930462,-78.695755,1596111501,45,0,0,45205,
8206,45,99,45206,99,99999,9999,,9999,42.956367,-78.869614,1596111747,45,0,0,45206,
8208,45,99,45208,99,99999,9999,,9999,42.958870,-78.881638,1596111684,45,0,0,45208,
8211,45,99,45211,99,99999,9999,,9999,42.958954,-78.881638,1596111526,45,0,0,45211,
8213,45,99,45213,99,99999,9999,,9999,42.911873,-78.697464,1596111750,45,0,0,45213,
8217,45,99,45217,99,99999,9999,,9999,42.917564,-78.870995,1596111736,45,0,0,45217,
8218,45,99,45218,99,99999,9999,,9999,42.953674,-78.728546,1596111730,45,0,0,45218,
8219,45,99,45219,99,99999,9999,,9999,42.999817,-78.822716,1596111645,45,0,0,45219,
8220,45,99,45220,99,99999,9999,,9999,42.931042,-78.695305,1596111690,45,0,0,45220,
8221,45,99,45221,99,99999,9999,,9999,42.959229,-78.890274,1596111722,45,0,0,45221,
8222,45,99,45222,99,99999,9999,,9999,42.882614,-78.872665,1596111608,45,0,0,45222,
8224,45,99,45224,99,99999,9999,,9999,42.919876,-78.733795,1596111672,45,0,0,45224,
8225,45,99,45225,99,99999,9999,,9999,42.784546,-78.812706,1596111157,45,0,0,45225,
8226,45,99,45226,99,99999,9999,,9999,43.012218,-78.879852,1596111732,45,0,0,45226,
8227,45,99,45227,99,99999,9999,,9999,43.018929,-78.799232,1596111747,45,0,0,45227,
8229,45,99,45229,99,99999,9999,,9999,43.036007,-78.830345,1596111746,45,0,0,45229,
8230,45,99,45230,99,99999,9999,,9999,42.914486,-78.822754,1596111721,45,0,0,45230,
8231,45,99,45231,99,99999,9999,,9999,42.821838,-78.807793,1596111758,45,0,0,45231,
8232,45,99,45232,99,99999,9999,,9999,42.856350,-78.743286,1596111738,45,0,0,45232,
8234,45,99,45234,99,99999,9999,,9999,42.988049,-78.815567,1596111701,45,0,0,45234,
8236,45,99,45236,99,99999,9999,,9999,99.000000,999.000000,1596099746,45,0,0,45236,
8238,45,99,45238,99,99999,9999,,9999,42.958981,-78.881714,1596111484,45,0,0,45238,
8239,45,99,45239,99,99999,9999,,9999,42.881512,-78.514854,1596111757,45,0,0,45239,
8240,45,99,45240,99,99999,9999,,9999,42.768406,-78.838272,1596111757,45,0,0,45240,
8241,45,99,45241,99,99999,9999,,9999,42.962803,-78.870583,1596111701,45,0,0,45241,
8302,45,99,45302,99,99999,9999,,9999,42.896832,-78.873154,1596111698,45,0,0,45302,
8308,45,99,45308,99,99999,9999,,9999,42.911434,-78.697128,1596111580,45,0,0,45308,
8310,45,99,45310,99,99999,9999,,9999,42.944077,-78.868279,1596111720,45,0,0,45310,
