1001,22,20,22001,0,0,424,wldba,424,42.903484,-78.827553,1596106937,22,22001,0,2044,
1002,22,19,8003,0,-120,429,lkv,427,42.904778,-78.878067,1596106929,8,8003,0,2003,
1003,12,20,12002,0,0,426,badlv,426,42.914677,-78.814194,1596106934,12,12002,0,2009,
1004,13,19,44001,0,0,428,flfry,428,42.921169,-78.829231,1596106903,44,44001,0,2083,
1006,12,19,12009,0,-60,432,badlv,431,42.940777,-78.802025,1596106882,12,12009,0,2018,
1007,48,20,8002,0,-180,424,mnegt,421,42.960686,-78.810585,1596106914,8,8002,0,2002,
1008,12,20,12001,0,240,426,socam,430,42.949108,-78.819740,1596106936,12,12001,0,2008,
1010,12,19,12007,0,-60,422,elmut,421,42.911297,-78.875351,1596106936,12,12007,0,2014,
1011,12,19,12008,0,0,428,filut,428,42.914650,-78.820335,1596106924,12,12008,0,2096,
1016,0,0,67001,4,-480,418,eccn,410,42.956093,-78.737885,1596106911,67,67001,0,2017,
1017,26,20,26001,0,120,448,twyml,450,42.903267,-78.783409,1596106927,26,26001,0,2077,
1018,18,20,18003,0,-60,424,genjf,423,42.886986,-78.853943,1596106887,18,18003,0,2016,
1020,2,19,2005,0,-300,424,cltun,419,42.864269,-78.754524,1596106933,2,2005,0,1083,
1021,0,0,42001,6,720,436,sogat,448,42.827751,-78.754486,1596106917,42,42001,0,1095,
1022,0,0,6006,4,99999,9999,athpr,410,42.848652,-78.861984,1596106919,6,6006,0,1027,
1025,16,19,14001,0,-840,433,bgtsp,419,42.719921,-78.827820,1596106889,14,14001,0,1032,
1026,42,19,42002,0,60,428,spkls,429,42.845955,-78.860832,1596106885,42,42002,0,1096,
1027,2,20,2002,0,480,401,fltbk,409,42.848869,-78.697617,1596106887,2,2002,0,1008,
1029,0,0,74002,4,60,439,hrmhl,440,42.846008,-78.792496,1596106903,74,74002,0,1005,
1030,6,20,6003,0,0,428,glrml,428,42.910332,-78.763641,1596105714,6,6003,0,1023,
1031,76,19,1002,0,120,428,athpr,430,42.742611,-78.908516,1596106889,1,1002,0,1002,
1032,16,19,16006,0,-300,432,abtba,427,42.830444,-78.823906,1596106885,16,16006,0,1057,
1033,14,19,16005,0,0,423,spkls,423,42.870377,-78.856667,1596106893,16,16005,0,1025,
1037,0,0,14005,4,60,440,eccs,441,42.859596,-78.792229,1596106918,14,14005,0,1018,
1038,1,19,32007,0,0,423,wmbck,423,42.884895,-78.821640,1596106928,32,32007,0,1072,
1039,19,19,19002,0,-60,427,bagen,426,42.926365,-78.813782,1596106925,19,19002,0,1066,
1040,6,19,6005,0,0,424,sycfl,424,42.900131,-78.831573,1596106937,6,6005,0,1084,
1044,4,19,32001,0,-120,422,tcbfl,420,42.883518,-78.872406,1596106921,32,32001,0,1077,
1045,19,20,19007,0,-60,428,badlv,427,42.905163,-78.813675,1596106888,19,19007,0,1085,
1047,70,19,70001,0,60,424,hrnmn,425,42.885777,-78.874680,1596106934,70,70001,0,1079,
1048,46,19,46002,0,0,424,dckbd,424,42.902439,-78.709930,1596106883,46,46002,0,1036,
1049,19,20,19003,0,240,423,socam,427,42.957798,-78.818359,1596106905,19,19003,0,1067,
1050,32,19,32002,0,-120,427,ungen,425,42.910358,-78.754189,1596106923,32,32002,0,1078,
1052,2,20,2001,0,99999,9999,fltbk,355,42.883301,-78.876762,1596106887,2,2001,1,1007,
1055,12,19,12005,0,60,419,nghmp,420,42.911900,-78.899803,1596106935,12,12005,0,2012,
1056,23,20,23002,0,0,425,brrtc,425,42.945698,-78.907097,1596106766,23,23002,0,2050,
1057,24,20,12006,0,120,426,genmn,428,42.887096,-78.871552,1596106907,12,12006,0,2013,
1061,13,20,8001,0,60,437,socam,438,42.954689,-78.820518,1596106893,8,8001,0,2001,
1062,24,19,24003,0,0,435,marmn,435,42.877331,-78.877876,1596106825,24,24003,0,2066,
1064,23,20,23007,0,-240,422,bdyfl,418,42.892265,-78.839241,1596106903,23,23007,0,2069,
1065,0,0,24007,4,60,427,socam,428,42.954937,-78.821564,1596106904,24,24007,0,2035,
1104,49,20,48001,0,0,427,mhosp,427,42.996243,-78.730629,1596106716,48,48001,0,2094,
1105,47,20,49001,0,120,435,airpt,437,42.956532,-78.718567,1596106894,49,49001,0,2099,
1106,44,20,44003,0,420,427,lkpt,434,43.143726,-78.696831,1596106908,44,44003,0,2085,
1108,24,19,24006,0,0,423,genfl,423,42.905354,-78.832062,1596106914,24,24006,0,2004,
1110,64,19,24004,0,360,461,mnaln,467,43.032570,-78.760963,1596106884,24,24004,0,2067,
1111,0,0,66002,4,180,448,ehmal,451,42.921993,-78.847061,1596106892,66,66002,0,2057,
1112,0,0,67002,4,360,431,eccn,437,42.965633,-78.727097,1596106930,67,67002,0,2046,
1113,18,19,18002,0,60,432,spkls,433,42.890228,-78.854057,1596106898,18,18002,0,2040,
1114,48,19,13001,0,-120,419,eccn,417,42.965717,-78.727539,1596106922,13,13001,0,2032,
1115,8,19,44004,0,-60,421,wtfrt,420,42.880276,-78.882980,1596106918,44,44004,0,2086,
1116,44,20,44005,0,0,439,crspt,439,42.998581,-78.789368,1596106904,44,44005,0,2041,
1117,0,0,12010,4,-180,433,ctyli,430,42.938656,-78.839615,1596106938,12,12010,0,2020,
1118,23,19,23008,0,-240,435,hrtpk,431,42.944321,-78.896904,1596106906,23,23008,0,2056,
1120,44,20,24005,0,-480,422,lkpt,414,43.167816,-78.695976,1596106915,24,24005,0,2068,
1124,23,19,23006,0,120,427,abtba,429,42.868450,-78.846092,1596106916,23,23006,0,2054,
1126,0,0,81001,4,0,431,socam,431,42.917648,-78.860573,1596106930,81,81001,0,2070,
1127,23,20,23005,0,0,427,brrtc,427,42.946632,-78.889717,1596106901,23,23005,0,2053,
1128,0,0,66001,4,99999,9999,mlptr,406,42.982574,-78.696831,1596106823,66,66001,0,2055,
1129,24,20,24002,0,0,421,airpt,421,42.934120,-78.730705,1596106897,24,24002,0,2065,
1130,8,19,8004,0,0,424,dlvst,424,42.928539,-78.850670,1596106905,8,8004,0,2091,
1202,0,0,75001,4,99999,9999,fltbk,426,42.847908,-78.697723,1596106929,75,75001,0,1058,
1203,15,19,15003,0,-180,435,scl,432,42.827145,-78.753372,1596106932,15,15003,0,1045,
1204,14,20,16003,0,0,430,shops,430,42.831654,-78.785347,1596106926,16,16003,0,1053,
1205,32,19,32005,0,-60,424,knhty,423,42.944981,-78.787209,1596106881,32,32005,0,1081,
1206,16,20,16001,0,-120,422,mcmal,420,42.783585,-78.811218,1596106882,16,16001,0,1051,
1207,1,20,1001,0,-60,422,wmmgn,421,42.885361,-78.869278,1596106908,1,1001,0,1001,
1208,74,19,74001,0,-360,429,mnbfl,423,42.689919,-78.771317,1596106926,74,74001,0,1071,
1211,42,20,42003,0,-60,422,lcvtc,421,42.825771,-78.824242,1596106915,42,42003,0,1097,
1212,0,0,76001,4,-600,432,senbg,422,42.556767,-79.113609,1596106936,76,76001,0,1026,
1213,22,19,22002,0,0,431,wldba,431,42.904308,-78.780396,1596106916,22,22002,0,2045,
1502,5,20,5005,0,840,421,socam,435,42.954361,-78.820076,1596106883,5,5005,0,3018,
1504,11,20,25003,0,-180,429,dlwnr,426,42.886353,-78.877472,1596106925,25,25003,0,3053,
1505,52,19,52027,0,0,423,olopc,423,43.154396,-79.035141,1596106896,52,52027,0,3097,
1506,34,19,34001,0,0,436,nfbma,436,43.045109,-78.811142,1596106923,34,34001,0,3063,
1507,11,19,20008,0,60,424,dlwnr,425,42.906757,-78.871773,1596106914,20,20008,0,3054,
1508,5,19,5006,0,-60,421,ellop,420,42.882557,-78.872368,1596106886,5,5006,0,3019,
1511,3,20,5004,0,-120,425,tonvl,423,42.959145,-78.894814,1596106922,5,5004,0,3017,
1512,3,19,3005,0,0,425,ellop,425,42.882614,-78.872444,1596106649,3,3005,0,3021,
1514,0,0,55035,4,0,461,prtc,461,42.959530,-78.890686,1596106919,55,55035,0,3106,
1517,20,19,25001,0,120,427,elmdv,429,42.935356,-78.878181,1596106939,25,25001,0,3051,
1519,20,19,34005,0,0,424,elken,424,42.965855,-78.878807,1596106916,34,34005,0,3007,
1520,40,19,40004,0,0,434,ngvln,434,43.021378,-78.962631,1596106935,40,40004,0,3078,
1601,3,19,5010,0,180,425,frgrt,428,42.920864,-78.890312,1596106902,5,5010,0,3033,
1604,25,19,5009,0,0,424,orch,424,42.999405,-78.875122,1596106911,5,5009,0,3072,
1605,25,19,3006,0,0,429,dlwnr,429,42.920784,-78.868126,1596106902,3,3006,0,3091,
1610,5,19,5001,0,0,434,ellop,434,42.882557,-78.872070,1596106911,5,5001,0,3014,
1612,3,20,20004,0,60,424,frgrt,425,42.912807,-78.892319,1596106918,20,20004,0,3039,
1614,40,20,40002,0,0,434,giplz,434,42.958210,-78.914284,1596106899,40,40002,0,3077,
1615,11,20,3004,0,-60,431,tnind,430,42.990936,-78.852715,1596106904,3,3004,0,3004,
1616,5,19,5008,0,300,425,ngvrg,430,42.899883,-78.890945,1596106892,5,5008,0,3022,
1622,0,0,5007,6,0,420,socam,420,42.957909,-78.818024,1596106916,5,5007,0,3020,
1701,20,20,20005,0,-120,422,elken,420,42.957001,-78.878288,1596106913,20,20005,0,3040,
1702,20,19,20001,0,60,429,ellop,430,42.892456,-78.877914,1596106932,20,20001,0,3036,
1708,60,19,60001,0,-60,451,tcbfl,450,43.018242,-78.959549,1596106909,60,60001,0,3092,
1714,55,20,52026,0,0,422,nftc,422,43.100796,-78.980019,1596106874,52,52026,0,3096,
1715,3,19,3002,0,-120,427,sklmt,425,42.961922,-78.904869,1596106886,3,3002,0,3002,
1716,5,19,20009,0,0,426,brrtc,426,42.957825,-78.910484,1596106922,20,20009,0,3023,
1718,23,20,23004,0,120,426,hrtpk,428,42.945808,-78.831871,1596106831,23,23004,0,2052,
1720,12,20,12003,0,60,429,filut,430,42.911213,-78.862732,1596106907,12,12003,0,2010,
1801,5,19,3001,0,60,436,brrtc,437,42.961510,-78.894112,1596106924,3,3001,0,3001,
1802,35,20,34004,0,0,425,flint,425,42.991184,-78.792526,1596106910,34,34004,0,3024,
1803,40,20,40003,0,0,433,prtc,433,43.099644,-79.051521,1596106928,40,40003,0,3104,
1806,20,20,20006,0,0,423,elmdv,423,42.919956,-78.876984,1596106909,20,20006,0,3041,
1808,55,19,55034,0,-180,424,casno,421,43.094608,-79.054199,1596106881,55,55034,0,3105,
1809,0,0,20010,4,0,427,orch,427,42.988377,-78.873077,1596106872,20,20010,0,3008,
1810,34,20,11001,0,-120,432,audbn,430,43.006611,-78.822235,1596106900,11,11001,0,3031,
1811,5,20,34002,0,0,424,ngfry,424,42.909012,-78.899323,1596106880,34,34002,0,3064,
1812,50,19,50020,0,99999,9999,lwstn,408,43.175846,-79.044228,1596106341,50,50020,0,3090,
1813,35,20,35001,0,0,428,covhl,428,43.000038,-78.783371,1596106702,35,35001,0,3071,
1814,60,19,40001,0,0,435,giplz,435,43.100605,-78.980690,1596106896,40,40001,0,3076,
1815,25,20,5003,0,99999,9999,dlwnr,411,42.939236,-78.867424,1596106936,5,5003,0,3016,
1817,0,0,32008,4,0,425,twyml,425,42.902851,-78.783669,1596106926,32,32008,0,1004,
1818,32,19,32004,0,-60,426,dlwam,425,42.941353,-78.854805,1596106938,32,32004,0,1080,
1819,4,20,4003,0,-60,423,michl,422,42.897709,-78.806305,1596106895,4,4003,0,1016,
1822,6,19,6001,0,0,422,wtfrt,422,42.880112,-78.882828,1596106842,6,6001,0,1021,
1824,15,19,15004,0,0,427,sensm,427,42.866936,-78.824760,1596106911,15,15004,0,1070,
1902,0,0,34006,4,0,440,tonvl,440,42.959667,-78.890793,1596106931,34,34006,0,3066,
1903,3,19,5002,0,0,430,ellop,430,42.882584,-78.872299,1596106905,5,5002,0,3015,
1904,55,19,55033,0,-180,427,mlnfb,424,43.099258,-78.942650,1596106923,55,55033,0,3103,
1905,20,19,20007,0,-120,422,ellop,420,42.882584,-78.872185,1596106920,20,20007,0,3005,
1907,34,19,34003,0,1320,413,socam,435,42.955158,-78.820335,1596106693,34,34003,0,3098,
1908,40,19,55032,0,99999,9999,casno,376,42.890999,-78.882607,1596106927,55,55032,0,3102,
1909,11,19,3003,0,-300,427,prpky,422,43.002705,-78.854614,1596106926,3,3003,0,3003,
1910,50,19,50019,0,-120,421,mlnfb,419,43.090786,-78.968475,1596106896,50,50019,0,3089,
1912,3,19,3007,0,0,425,trcem,425,42.899746,-78.885551,1596106917,3,3007,0,3006,
1914,5,20,20002,0,-60,423,dlwkn,422,42.958622,-78.878510,1596106890,20,20002,0,3037,
1917,5,20,20003,0,120,431,kenml,433,42.958759,-78.908585,1596106904,20,20003,0,3038,
1918,55,20,55031,0,60,423,pnhyd,424,43.095078,-79.039200,1596106778,55,55031,0,3101,
1921,25,20,25002,0,0,434,mdcty,434,43.050419,-78.876205,1596106751,25,25002,0,3052,
1922,35,19,35002,0,60,430,wtrgt,431,42.968990,-78.918381,1596106898,35,35002,0,3032,
2001,26,19,26002,0,-300,427,gnhar,422,42.906593,-78.780914,1596106932,26,26002,0,2079,
2004,8,20,18001,0,-60,426,socam,425,42.947403,-78.830345,1596106922,18,18001,0,2039,
2006,47,20,47001,0,240,411,airpt,415,42.934120,-78.730782,1596106882,47,47001,0,2034,
2010,13,20,13002,0,-120,425,flfry,423,42.914650,-78.848549,1596106930,13,13002,0,2033,
2015,24,20,24001,0,0,423,ungen,423,42.926941,-78.754860,1596106911,24,24001,0,2064,
2122,0,0,2007,4,0,446,ctrbd,446,42.884319,-78.824654,1596106904,2,2007,0,1037,
2128,2,20,2004,0,0,427,cltun,427,42.859787,-78.778755,1596106896,2,2004,0,1010,
2130,19,19,19005,0,180,421,abtba,424,42.857533,-78.829048,1596106889,19,19005,0,1055,
2215,35,20,35003,0,-120,429,ens,427,42.967972,-78.919945,1596106924,35,35003,0,3042,
2218,50,20,50018,0,180,430,mlnfb,433,43.074509,-78.984596,1596106911,50,50018,0,3088,
2501,4,19,4004,0,60,423,bdmgn,424,42.887508,-78.864815,1596106916,4,4004,0,1017,
2502,1,19,2003,0,180,422,tcbfl,425,42.883602,-78.872742,1596106539,2,2003,0,1009,
2503,69,19,69001,0,-180,430,ctrbd,427,42.891880,-78.608315,1596106899,69,69001,0,1056,
2507,19,19,19006,0,-60,432,baken,431,42.957413,-78.819031,1596106920,19,19006,0,1069,
2508,0,0,72001,4,-240,439,eccs,435,42.855499,-78.791862,1596106932,72,72001,0,1073,
2513,0,0,14003,6,540,423,bnmc,432,42.898506,-78.868721,1596106937,14,14003,0,1034,
2514,16,20,16002,0,0,432,rdgsp,432,42.855305,-78.828262,1596106919,16,16002,0,1052,
2515,16,19,19004,0,0,426,bnmc,426,42.898590,-78.868912,1596106896,19,19004,0,1068,
2605,24,19,47002,0,0,456,marmn,456,42.917622,-78.862358,1596106898,47,47002,0,2092,
2606,26,19,26004,0,60,422,elmdv,423,42.922211,-78.876801,1596106938,26,26004,0,2015,
2608,32,20,32003,0,60,430,twyml,431,42.912148,-78.765800,1596106913,32,32003,0,1003,
2610,15,19,15001,0,180,427,lterr,430,42.883106,-78.879967,1596106869,15,15001,0,1043,
2611,6,20,6002,0,-60,425,twyml,424,42.907196,-78.791374,1596106913,6,6002,0,1022,
2614,0,0,2006,4,60,419,eaura,420,42.767963,-78.611740,1596106874,2,2006,0,1046,
2615,32,19,4002,0,60,424,brrtc,425,42.945396,-78.907097,1596106801,4,4002,0,1015,
2616,1,20,46001,0,0,427,aptml,427,42.888554,-78.751732,1596106915,46,46001,0,1101,
2617,32,20,32006,0,0,423,amsta,423,42.940281,-78.844116,1596106936,32,32006,0,1082,
2618,14,20,14002,0,180,422,eccs,425,42.772556,-78.797440,1596106397,14,14002,0,1033,
2620,19,19,19001,0,120,427,abtba,429,42.874828,-78.818359,1596106885,19,19001,0,1065,
2625,15,20,15002,0,0,430,sogat,430,42.836880,-78.775742,1596106901,15,15002,0,1044,
2627,46,19,4001,0,-120,423,wldtr,421,42.908684,-78.717865,1596106934,4,4001,0,1014,
2628,14,20,14004,0,-120,435,spkls,433,42.890724,-78.867531,1596106931,14,14004,0,1035,
2629,0,0,16004,4,-960,379,mnbfl,363,99.000000,999.000000,1596101036,16,16004,0,1054,
2630,4,19,6004,0,-120,425,bdyba,423,42.898949,-78.798225,1596106884,6,6004,0,1024,
2701,26,20,26003,0,-120,424,elmdv,422,42.922184,-78.879181,1596106930,26,26003,0,2078,
2702,48,20,48002,0,240,433,ehmal,437,42.973610,-78.693932,1596106820,48,48002,0,2095,
2703,23,20,23001,0,0,433,bdyfl,433,42.859074,-78.835411,1596106891,23,23001,0,2049,
2705,0,0,13003,4,-240,429,socam,425,42.954857,-78.821899,1596106933,13,13003,0,2019,
2706,12,20,12004,0,60,419,ctyli,420,42.958733,-78.815231,1596106878,12,12004,0,2011,
2707,23,19,23003,0,120,430,bdyfl,432,42.914402,-78.839394,1596106897,23,23003,0,2051,
2713,44,19,44002,0,0,425,mlpsh,425,42.991428,-78.792564,1596106907,44,44002,0,2084,
8143,45,99,45143,99,99999,9999,,9999,42.913963,-78.901665,1596106901,45,0,0,45143,
8144,45,99,45091,99,99999,9999,,9999,42.957771,-78.818359,1596106920,45,0,0,45091,
8201,45,99,45201,99,99999,9999,,9999,43.043377,-78.989174,1596106843,45,0,0,45201,
8205,45,99,45205,99,99999,9999,,9999,42.904503,-78.868317,1596106902,45,0,0,45205,
8206,45,99,45206,99,99999,9999,,9999,43.054955,-78.900215,1596106259,45,0,0,45206,
8208,45,99,45208,99,99999,9999,,9999,42.909836,-78.803917,1596106912,45,0,0,45208,
8211,45,99,45211,99,99999,9999,,9999,42.988873,-78.815422,1596106929,45,0,0,45211,
8213,45,99,45213,99,99999,9999,,9999,42.903679,-78.846313,1596106912,45,0,0,45213,
8216,45,99,45216,99,99999,9999,,9999,42.866718,-78.709709,1596106921,45,0,0,45216,
8218,45,99,45218,99,99999,9999,,9999,43.016731,-78.782776,1596106894,45,0,0,45218,
8219,45,99,45219,99,99999,9999,,9999,42.958511,-78.832954,1596106927,45,0,0,45219,
8220,45,99,45220,99,99999,9999,,9999,42.705101,-78.786316,1596106909,45,0,0,45220,
8222,45,99,45222,99,99999,9999,,9999,42.893089,-78.751289,1596106890,45,0,0,45222,
8224,45,99,45224,99,99999,9999,,9999,42.887726,-78.757500,1596106895,45,0,0,45224,
8225,45,99,45225,99,99999,9999,,9999,42.876480,-78.878548,1596106915,45,0,0,45225,
8227,45,99,45227,99,99999,9999,,9999,43.066067,-78.990883,1596106910,45,0,0,45227,
8229,45,99,45229,99,99999,9999,,9999,43.012413,-78.845276,1596106906,45,0,0,45229,
8230,45,99,45230,99,99999,9999,,9999,42.948200,-78.856178,1596106885,45,0,0,45230,
8231,45,99,45231,99,99999,9999,,9999,42.929474,-78.826851,1596106919,45,0,0,45231,
8232,45,99,45232,99,99999,9999,,9999,42.981091,-78.860718,1596106843,45,0,0,45232,
8233,45,99,45233,99,99999,9999,,9999,99.000000,999.000000,1596098131,45,0,0,45233,
8234,45,99,45234,99,99999,9999,,9999,42.988049,-78.815567,1596106927,45,0,0,45234,
8236,45,99,45236,99,99999,9999,,9999,99.000000,999.000000,1596099746,45,0,0,45236,
8237,45,99,45237,99,99999,9999,,9999,43.011120,-78.800270,1596106938,45,0,0,45237,
8238,45,99,45238,99,99999,9999,,9999,42.796951,-78.815460,1596106886,45,0,0,45238,
8239,45,99,45239,99,99999,9999,,9999,42.963684,-78.804253,1596106917,45,0,0,45239,
8240,45,99,45240,99,99999,9999,,9999,42.922073,-78.843750,1596106893,45,0,0,45240,
8241,45,99,45241,99,99999,9999,,9999,42.936787,-78.890686,1596106743,45,0,0,45241,
8302,45,99,45302,99,99999,9999,,9999,42.930050,-78.839615,1596106924,45,0,0,45302,
8306,45,99,45306,99,99999,9999,,9999,42.850876,-78.825134,1596106874,45,0,0,45306,
8308,45,99,45308,99,99999,9999,,9999,42.921196,-78.784523,1596106925,45,0,0,45308,
8309,45,99,45309,99,99999,9999,,9999,42.813889,-78.793907,1596106900,45,0,0,45309,
8310,45,99,45310,99,99999,9999,,9999,42.919353,-78.796883,1596106883,45,0,0,45310,
