1001,22,20,22001,0,0,424,wldba,424,42.904778,-78.814041,1596107056,22,22001,0,2044,
1002,22,19,8003,0,0,427,lkv,427,42.901146,-78.892616,1596107107,8,8003,0,2003,
1003,12,20,12002,0,60,425,badlv,426,42.920425,-78.813675,1596107052,12,12002,0,2009,
1004,13,19,44001,0,120,426,flfry,428,42.914650,-78.836899,1596107087,44,44001,0,2083,
1006,12,19,12009,0,0,431,badlv,431,42.929913,-78.800163,1596107086,12,12009,0,2018,
1007,48,20,8002,0,-60,432,mnun,431,42.963928,-78.792824,1596107092,8,8002,0,2002,
1008,12,20,12001,0,180,427,socam,430,42.951363,-78.825363,1596107054,12,12001,0,2008,
1010,12,19,12007,0,-60,431,nghmp,430,42.912201,-78.882050,1596107054,12,12007,0,2014,
1011,12,19,12008,0,0,428,filut,428,42.914539,-78.831505,1596107102,12,12008,0,2096,
1016,67,19,67001,0,-420,430,mrvun,423,42.947018,-78.744659,1596107089,67,67001,0,2017,
1017,26,20,26001,0,0,450,twyml,450,42.903267,-78.783371,1596107046,26,26001,0,2077,
1018,18,20,18003,0,0,432,dlvst,432,42.903458,-78.853943,1596107064,18,18003,0,2016,
1020,2,19,2005,0,-240,432,fern,428,42.853573,-78.761490,1596107051,2,2005,0,1083,
1021,0,0,42001,6,540,439,sogat,448,42.827778,-78.754486,1596107094,42,42001,0,1095,
1022,0,0,6006,4,99999,9999,athpr,410,42.862537,-78.867424,1596107098,6,6006,0,1027,
1025,16,19,14001,0,-720,431,bgtsp,419,42.741814,-78.825058,1596107067,14,14001,0,1032,
1026,42,19,42002,0,120,427,spkls,429,42.860886,-78.867493,1596107063,42,42002,0,1096,
1027,2,20,2002,0,99999,9999,fltbk,409,42.848896,-78.697617,1596107072,2,2002,0,1008,
1029,0,0,74002,4,60,439,hrmhl,440,42.807400,-78.783409,1596107081,74,74002,0,1005,
1030,6,20,6003,0,0,428,glrml,428,42.910332,-78.763641,1596105714,6,6003,0,1023,
1031,76,19,1002,0,60,429,athpr,430,42.753555,-78.890686,1596107067,1,1002,0,1002,
1032,16,19,16006,0,-180,430,abtba,427,42.841942,-78.823723,1596107062,16,16006,0,1057,
1033,14,19,16005,0,0,441,bnmc,441,42.873070,-78.871735,1596107071,16,16005,0,1025,
1037,0,0,14005,4,60,440,eccs,441,42.817162,-78.792198,1596107096,14,14005,0,1018,
1038,1,19,32007,0,60,433,wmmgn,434,42.885059,-78.838684,1596107106,32,32007,0,1072,
1039,19,19,19002,0,0,426,bagen,426,42.916603,-78.813820,1596107102,19,19002,0,1066,
1040,6,19,6005,0,60,429,sycmg,430,42.895233,-78.847023,1596107056,6,6005,0,1084,
1044,4,19,32001,0,-240,424,tcbfl,420,42.883518,-78.872482,1596107083,32,32001,0,1077,
1045,19,20,19007,0,60,426,badlv,427,42.918419,-78.813675,1596107066,19,19007,0,1085,
1047,70,19,70001,0,99999,9999,hrnmn,425,42.885803,-78.874680,1596107107,70,70001,1,1079,
1048,46,19,46002,0,0,433,glrml,433,42.906704,-78.727394,1596107060,46,46002,0,1036,
1049,19,20,19003,0,120,430,socam,432,42.954994,-78.820480,1596107083,19,19003,0,1067,
1050,32,19,32002,0,-60,426,ungen,425,42.922268,-78.754044,1596107101,32,32002,0,1078,
1052,2,20,2001,0,99999,9999,fltbk,355,42.883465,-78.872299,1596107099,2,2001,1,1007,
1055,12,19,12005,0,60,419,nghmp,420,42.915089,-78.899391,1596106994,12,12005,0,2012,
1056,23,20,23002,0,0,425,brrtc,425,42.945671,-78.907097,1596106943,23,23002,0,2050,
1057,24,20,12006,0,60,427,genmn,428,42.889874,-78.869469,1596107085,12,12006,0,2013,
1061,13,20,8001,0,0,438,socam,438,42.955048,-78.820145,1596107070,8,8001,0,2001,
1062,24,19,24003,0,0,435,marmn,435,42.877331,-78.877876,1596107002,24,24003,0,2066,
1064,23,20,23007,0,-120,429,flfry,427,42.902222,-78.839241,1596107081,23,23007,0,2069,
1065,0,0,24007,4,0,428,socam,428,42.954250,-78.819962,1596106956,24,24007,0,2035,
1104,49,20,48001,0,0,427,mhosp,427,42.996216,-78.730629,1596107013,48,48001,0,2094,
1105,47,20,49001,0,120,435,airpt,437,42.951447,-78.724640,1596107072,49,49001,0,2099,
1106,44,20,44003,0,420,427,lkpt,434,43.154091,-78.696831,1596107027,44,44003,0,2085,
1108,24,19,24006,0,0,429,genmn,429,42.898865,-78.847733,1596107092,24,24006,0,2004,
1110,64,19,24004,0,480,459,mnaln,467,43.011147,-78.803215,1596107062,24,24004,0,2067,
1111,0,0,66002,4,180,448,ehmal,451,42.929775,-78.828079,1596107069,66,66002,0,2057,
1112,0,0,67002,4,780,429,eccn,442,42.960384,-78.724747,1596107108,67,67002,0,2046,
1113,18,19,18002,0,0,433,spkls,433,42.881321,-78.854019,1596107076,18,18002,0,2040,
1114,48,19,13001,0,0,417,eccn,417,42.961868,-78.751175,1596107100,13,13001,0,2032,
1115,8,20,44004,0,-240,438,mnaln,434,42.879669,-78.882011,1596107095,44,44004,0,2086,
1116,44,20,44005,0,0,439,crspt,439,42.997341,-78.776192,1596107068,44,44005,0,2041,
1117,0,0,12010,4,-180,433,ctyli,430,42.944294,-78.833435,1596107056,12,12010,0,2020,
1118,23,19,23008,0,-180,434,hrtpk,431,42.947182,-78.885811,1596107084,23,23008,0,2056,
1120,44,20,24005,0,-660,425,lkpt,414,43.167786,-78.695976,1596107093,24,24005,0,2068,
1124,23,19,23006,0,180,426,abtba,429,42.858192,-78.832657,1596107094,23,23006,0,2054,
1126,0,0,81001,4,-540,440,socam,431,42.921799,-78.857666,1596107070,81,81001,0,2070,
1127,23,20,23005,0,0,427,brrtc,427,42.941105,-78.905609,1596107079,23,23005,0,2053,
1128,0,0,66001,4,99999,9999,mlptr,406,42.973774,-78.693741,1596107060,66,66001,0,2055,
1129,24,19,24002,0,-180,434,ungen,431,42.933708,-78.731522,1596107066,24,24002,0,2065,
1130,8,19,8004,0,0,424,dlvst,424,42.922352,-78.857300,1596107083,8,8004,0,2091,
1202,0,0,75001,4,0,426,fltbk,426,42.847523,-78.697281,1596107047,75,75001,0,1058,
1203,15,19,15003,0,-180,435,scl,432,42.829731,-78.761299,1596107050,15,15003,0,1045,
1204,14,20,16003,0,0,430,shops,430,42.831654,-78.785347,1596106926,16,16003,0,1053,
1205,32,19,32005,0,-60,432,amhba,431,42.943169,-78.800903,1596107058,32,32005,0,1081,
1206,16,20,16001,0,-120,430,bgtsp,428,42.787708,-78.811142,1596107060,16,16001,0,1051,
1207,1,20,1001,0,0,431,wmbck,431,42.885086,-78.854279,1596107086,1,1001,0,1001,
1208,74,19,74001,0,-480,431,mnbfl,423,42.689205,-78.780991,1596107095,74,74001,0,1071,
1211,42,20,42003,0,0,432,shops,432,42.828300,-78.811737,1596107092,42,42003,0,1097,
1212,0,0,76001,4,-600,432,senbg,422,42.556767,-79.113609,1596106936,76,76001,0,1026,
1213,22,19,22002,0,-60,432,wldba,431,42.907227,-78.783897,1596107094,22,22002,0,2045,
1502,5,20,5005,0,840,421,socam,435,42.954361,-78.820076,1596107022,5,5005,0,3018,
1504,11,20,25003,0,-60,427,dlwnr,426,42.896664,-78.874718,1596107103,25,25003,0,3053,
1505,52,19,52027,0,-60,424,olopc,423,43.154396,-79.035141,1596107073,52,52027,0,3097,
1506,34,19,34001,0,-60,437,nfbma,436,43.042553,-78.811142,1596106983,34,34001,0,3063,
1507,11,19,20008,0,60,435,ellop,436,42.898369,-78.874344,1596107091,20,20008,0,3054,
1508,5,19,5006,0,-240,424,ellop,420,42.882614,-78.872368,1596107093,5,5006,0,3019,
1511,3,20,5004,0,0,433,tonvl,433,42.959915,-78.907959,1596107104,5,5004,0,3017,
1512,3,19,3005,0,0,425,ellop,425,42.882614,-78.872444,1596107066,3,3005,0,3021,
1514,0,0,55035,4,0,461,prtc,461,42.959503,-78.890686,1596106978,55,55035,0,3106,
1517,20,19,25001,0,60,428,elmdv,429,42.932083,-78.877060,1596107057,25,25001,0,3051,
1519,20,19,34005,0,0,438,elmdv,438,42.955624,-78.878441,1596107071,34,34005,0,3007,
1520,40,19,40004,0,0,434,ngvln,434,43.008205,-78.950089,1596107053,40,40004,0,3078,
1601,3,19,5010,0,60,427,frgrt,428,42.918610,-78.890686,1596107080,5,5010,0,3033,
1604,25,19,5009,0,0,434,dlwkn,434,42.985901,-78.873154,1596107088,5,5009,0,3072,
1605,25,19,3006,0,0,429,dlwnr,429,42.913166,-78.869911,1596107080,3,3006,0,3091,
1610,5,19,5001,0,0,434,ellop,434,42.882557,-78.872070,1596107030,5,5001,0,3014,
1612,3,20,20004,0,0,441,sklmt,441,42.917152,-78.890610,1596107096,20,20004,0,3039,
1614,40,20,40002,0,0,434,giplz,434,42.977158,-78.932823,1596107078,40,40002,0,3077,
1615,11,20,3004,0,0,430,tnind,430,43.003777,-78.852867,1596107082,3,3004,0,3004,
1616,5,19,5008,0,240,426,ngvrg,430,42.895126,-78.886475,1596107070,5,5008,0,3022,
1622,0,0,5007,6,-180,423,socam,420,42.957851,-78.818657,1596107091,5,5007,0,3020,
1701,20,20,20005,0,-120,431,dlwsh,429,42.964973,-78.878738,1596107091,20,20005,0,3040,
1702,20,19,20001,0,60,429,ellop,430,42.888855,-78.874756,1596107050,20,20001,0,3036,
1708,60,19,60001,0,-120,452,tcbfl,450,43.005234,-78.948303,1596107087,60,60001,0,3092,
1714,55,20,52026,0,-120,424,nftc,422,43.100796,-78.980019,1596107051,52,52026,0,3096,
1715,3,19,3002,0,0,425,sklmt,425,42.958542,-78.893921,1596107064,3,3002,0,3002,
1716,5,19,20009,0,0,426,brrtc,426,42.947128,-78.908028,1596107099,20,20009,0,3023,
1718,23,20,23004,0,120,426,hrtpk,428,42.947678,-78.847435,1596107067,23,23004,0,2052,
1720,12,20,12003,0,60,429,filut,430,42.911102,-78.853127,1596107084,12,12003,0,2010,
1801,5,19,3001,0,180,434,brrtc,437,42.949932,-78.903641,1596107102,3,3001,0,3001,
1802,35,20,34004,0,0,427,covhl,427,42.998222,-78.789368,1596107088,34,34004,0,3024,
1803,40,20,40003,0,0,433,prtc,433,43.099396,-79.051636,1596106974,40,40003,0,3104,
1806,20,20,20006,0,60,436,elken,437,42.931011,-78.876984,1596107087,20,20006,0,3041,
1808,55,19,55034,0,-240,425,casno,421,43.088531,-79.059265,1596107058,55,55034,0,3105,
1809,0,0,20010,4,0,427,orch,427,42.988377,-78.873077,1596106872,20,20010,0,3008,
1810,34,20,11001,0,-60,431,audbn,430,43.024101,-78.822044,1596107078,11,11001,0,3031,
1811,5,20,34002,0,0,435,brrtc,435,42.915642,-78.899284,1596107053,34,34002,0,3064,
1812,50,19,50020,0,99999,9999,lwstn,408,43.175846,-79.044228,1596106341,50,50020,0,3090,
1813,35,20,35001,0,0,428,covhl,428,43.000011,-78.783371,1596107058,35,35001,0,3071,
1814,60,19,40001,0,-120,437,giplz,435,43.099945,-78.980019,1596107066,40,40001,0,3076,
1815,25,20,5003,0,99999,9999,dlwnr,411,42.944462,-78.867943,1596107055,5,5003,0,3016,
1817,0,0,32008,4,0,425,twyml,425,42.902851,-78.783669,1596106926,32,32008,0,1004,
1818,32,19,32004,0,-60,426,dlwam,425,42.940498,-78.859047,1596107057,32,32004,0,1080,
1819,4,20,4003,0,99999,9999,twyml,432,42.900459,-78.783859,1596107073,4,4003,0,1016,
1822,6,19,6001,0,-120,424,wtfrt,422,42.880112,-78.882828,1596107061,6,6001,0,1021,
1824,15,19,15004,0,0,427,sensm,427,42.871422,-78.836380,1596107077,15,15004,0,1070,
1902,0,0,34006,4,0,440,tonvl,440,42.959667,-78.890724,1596107049,34,34006,0,3066,
1903,3,19,5002,0,0,430,ellop,430,42.882584,-78.872299,1596106905,5,5002,0,3015,
1904,55,19,55033,0,-60,425,mlnfb,424,43.091667,-78.963562,1596107100,55,55033,0,3103,
1905,20,19,20007,0,-240,424,ellop,420,42.882584,-78.872185,1596107098,20,20007,0,3005,
1907,34,19,34003,0,1320,413,socam,435,42.955158,-78.820335,1596107108,34,34003,0,3098,
1908,40,19,55032,0,99999,9999,casno,376,42.885830,-78.875610,1596107105,55,55032,0,3102,
1909,11,19,3003,0,-300,427,prpky,422,42.991322,-78.852867,1596107104,3,3003,0,3003,
1910,50,19,50019,0,-180,435,bfhyd,432,43.086609,-78.964790,1596107014,50,50019,0,3089,
1912,3,19,3007,0,0,425,trcem,425,42.893669,-78.879776,1596107095,3,3007,0,3006,
1914,5,20,20002,0,0,435,socam,435,42.958595,-78.858971,1596107068,20,20002,0,3037,
1917,5,20,20003,0,120,431,kenml,433,42.949821,-78.903938,1596107082,20,20003,0,3038,
1918,55,20,55031,0,0,424,pnhyd,424,43.095104,-79.026138,1596107015,55,55031,0,3101,
1921,25,20,25002,0,0,434,mdcty,434,43.050419,-78.876244,1596107107,25,25002,0,3052,
1922,35,19,35002,0,120,429,wtrgt,431,42.954472,-78.910118,1596107076,35,35002,0,3032,
2001,26,19,26002,0,-300,427,gnhar,422,42.913742,-78.784561,1596107052,26,26002,0,2079,
2004,8,20,18001,0,-60,426,socam,425,42.954689,-78.821304,1596107085,18,18001,0,2039,
2006,47,19,47001,0,-420,440,eccn,433,42.930325,-78.739189,1596107061,47,47001,0,2034,
2010,13,20,13002,0,-60,431,dlvgr,430,42.914566,-78.839279,1596107108,13,13002,0,2033,
2015,24,20,24001,0,60,432,airpt,433,42.929554,-78.741531,1596107091,24,24001,0,2064,
2122,0,0,2007,4,-60,447,ctrbd,446,42.896362,-78.814270,1596107083,2,2007,0,1037,
2128,2,20,2004,0,0,427,cltun,427,42.853516,-78.762154,1596107076,2,2004,0,1010,
2130,19,19,19005,0,180,421,abtba,424,42.857533,-78.829010,1596106949,19,19005,0,1055,
2215,35,20,35003,0,-120,429,ens,427,42.979523,-78.908257,1596107104,35,35003,0,3042,
2218,50,20,50018,0,180,430,mlnfb,433,43.074509,-78.984596,1596106911,50,50018,0,3088,
2501,4,19,4004,0,60,434,tcbfl,435,42.886021,-78.874268,1596107096,4,4004,0,1017,
2502,1,19,2003,0,180,422,tcbfl,425,42.883602,-78.872742,1596106539,2,2003,0,1009,
2503,69,19,69001,0,-180,430,ctrbd,427,42.895126,-78.649300,1596107081,69,69001,0,1056,
2507,19,19,19006,0,-60,432,baken,431,42.951416,-78.814156,1596107100,19,19006,0,1069,
2508,0,0,72001,4,-240,439,eccs,435,42.826321,-78.791565,1596107052,72,72001,0,1073,
2513,0,0,14003,6,540,423,bnmc,432,42.898563,-78.868721,1596107058,14,14003,0,1034,
2514,16,20,16002,0,0,432,rdgsp,432,42.838558,-78.824097,1596107098,16,16002,0,1052,
2515,16,19,19004,0,0,426,bnmc,426,42.906456,-78.867722,1596107075,19,19004,0,1068,
2605,24,19,47002,0,0,456,marmn,456,42.924908,-78.840881,1596107097,47,47002,0,2092,
2606,26,19,26004,0,0,431,ngdlv,431,42.922104,-78.884949,1596107058,26,26004,0,2015,
2608,32,20,32003,0,60,430,twyml,431,42.908463,-78.773773,1596107092,32,32003,0,1003,
2610,15,19,15001,0,180,427,lterr,430,42.883106,-78.879967,1596107107,15,15001,0,1043,
2611,6,20,6002,0,-60,425,twyml,424,42.902744,-78.784004,1596107038,6,6002,0,1022,
2614,70,19,2006,0,-60,426,trfcr,425,42.767857,-78.629608,1596107061,2,2006,0,1046,
2615,32,19,4002,0,60,424,brrtc,425,42.945423,-78.907097,1596107101,4,4002,0,1015,
2616,1,20,46001,0,0,427,aptml,427,42.888634,-78.751770,1596107094,46,46001,0,1101,
2617,32,20,32006,0,0,423,amsta,423,42.940197,-78.838722,1596107056,32,32006,0,1082,
2618,14,20,14002,0,180,422,eccs,425,42.772556,-78.797478,1596106996,14,14002,0,1033,
2620,19,19,19001,0,120,427,abtba,429,42.864712,-78.825768,1596107066,19,19001,0,1065,
2625,15,20,15002,0,0,430,sogat,430,42.829426,-78.769638,1596107080,15,15002,0,1044,
2627,46,19,4001,0,-120,423,wldtr,421,42.911762,-78.697578,1596107055,4,4001,0,1014,
2628,14,20,14004,0,-120,435,spkls,433,42.889874,-78.871964,1596107051,14,14004,0,1035,
2629,0,0,16004,4,-960,379,mnbfl,363,99.000000,999.000000,1596101036,16,16004,0,1054,
2630,4,19,6004,0,0,432,bdyfl,432,42.896362,-78.818733,1596107064,6,6004,0,1024,
2701,26,20,26003,0,0,427,dlvst,427,42.922352,-78.869392,1596107051,26,26003,0,2078,
2702,48,20,48002,0,240,433,ehmal,437,42.973583,-78.693962,1596107059,48,48002,0,2095,
2703,23,20,23001,0,0,433,bdyfl,433,42.866001,-78.847801,1596107070,23,23001,0,2049,
2705,0,0,13003,4,120,428,socam,430,42.955074,-78.821007,1596106992,13,13003,0,2019,
2706,12,20,12004,0,60,419,ctyli,420,42.958649,-78.814156,1596107058,12,12004,0,2011,
2707,23,19,23003,0,120,430,bdyfl,432,42.902439,-78.839615,1596107076,23,23003,0,2051,
2713,44,19,44002,0,0,425,mlpsh,425,42.981033,-78.797928,1596107088,44,44002,0,2084,
8143,45,99,45143,99,99999,9999,,9999,42.877716,-78.874046,1596107078,45,0,0,45143,
8144,45,99,45091,99,99999,9999,,9999,42.954140,-78.820518,1596106997,45,0,0,45091,
8201,45,99,45201,99,99999,9999,,9999,43.090183,-78.995316,1596107084,45,0,0,45201,
8205,45,99,45205,99,99999,9999,,9999,42.903732,-78.846947,1596107083,45,0,0,45205,
8206,45,99,45206,99,99999,9999,,9999,43.054955,-78.900215,1596106259,45,0,0,45206,
8208,45,99,45208,99,99999,9999,,9999,42.902824,-78.814003,1596107091,45,0,0,45208,
8211,45,99,45211,99,99999,9999,,9999,42.989063,-78.815758,1596107050,45,0,0,45211,
8213,45,99,45213,99,99999,9999,,9999,42.903679,-78.843452,1596107092,45,0,0,45213,
8216,45,99,45216,99,99999,9999,,9999,42.866718,-78.709709,1596107099,45,0,0,45216,
8218,45,99,45218,99,99999,9999,,9999,43.015903,-78.784340,1596107073,45,0,0,45218,
8219,45,99,45219,99,99999,9999,,9999,42.951637,-78.825768,1596107106,45,0,0,45219,
8220,45,99,45220,99,99999,9999,,9999,42.705101,-78.786316,1596106909,45,0,0,45220,
8222,45,99,45222,99,99999,9999,,9999,42.890888,-78.750992,1596107009,45,0,0,45222,
8224,45,99,45224,99,99999,9999,,9999,42.885994,-78.761971,1596107074,45,0,0,45224,
8225,45,99,45225,99,99999,9999,,9999,42.843094,-78.859489,1596107095,45,0,0,45225,
8227,45,99,45227,99,99999,9999,,9999,43.075607,-78.990479,1596106969,45,0,0,45227,
8229,45,99,45229,99,99999,9999,,9999,43.024181,-78.822754,1596107087,45,0,0,45229,
8230,45,99,45230,99,99999,9999,,9999,42.948284,-78.856140,1596107005,45,0,0,45230,
8231,45,99,45231,99,99999,9999,,9999,42.932854,-78.774773,1596107099,45,0,0,45231,
8232,45,99,45232,99,99999,9999,,9999,42.970036,-78.871254,1596107082,45,0,0,45232,
8233,45,99,45233,99,99999,9999,,9999,99.000000,999.000000,1596098131,45,0,0,45233,
8234,45,99,45234,99,99999,9999,,9999,42.988049,-78.815567,1596107046,45,0,0,45234,
8236,45,99,45236,99,99999,9999,,9999,99.000000,999.000000,1596099746,45,0,0,45236,
8237,45,99,45237,99,99999,9999,,9999,43.008533,-78.799377,1596107059,45,0,0,45237,
8238,45,99,45238,99,99999,9999,,9999,42.792824,-78.807793,1596107065,45,0,0,45238,
8239,45,99,45239,99,99999,9999,,9999,42.962940,-78.804214,1596107097,45,0,0,45239,
8240,45,99,45240,99,99999,9999,,9999,42.932579,-78.794579,1596107071,45,0,0,45240,
8241,45,99,45241,99,99999,9999,,9999,42.936760,-78.890686,1596107043,45,0,0,45241,
8302,45,99,45302,99,99999,9999,,9999,42.927933,-78.839172,1596106966,45,0,0,45302,
8306,45,99,45306,99,99999,9999,,9999,42.850876,-78.825058,1596107053,45,0,0,45306,
8308,45,99,45308,99,99999,9999,,9999,42.932938,-78.789963,1596107045,45,0,0,45308,
8309,45,99,45309,99,99999,9999,,9999,42.838669,-78.793236,1596107020,45,0,0,45309,
8310,45,99,45310,99,99999,9999,,9999,42.919353,-78.796883,1596106883,45,0,0,45310,
