1002,26,20,26008,0,60,1070,gnhar,1071,42.922764,-78.793793,1596145542,26,26008,0,2082,
1003,0,0,23017,5,60,1081,colds,1082,42.871723,-78.844902,1596145512,23,23017,0,2055,
1004,64,20,12022,0,0,1084,lkpt,1084,43.169739,-78.689941,1596145549,12,12022,0,2028,
1005,48,20,48006,0,0,1067,ehmal,1067,42.973557,-78.693703,1596145224,48,48006,0,2098,
1006,23,20,23020,0,0,1070,mnfil,1070,42.927464,-78.839279,1596145548,23,23020,0,2062,
1007,24,19,24015,0,120,1068,marmn,1070,42.879368,-78.875351,1596145513,24,24015,0,2072,
1010,66,20,66003,0,120,1061,mlptr,1063,43.041454,-78.757988,1596145515,66,66003,0,2056,
1011,24,20,24018,0,360,1073,holtz,1079,42.932526,-78.728020,1596145516,24,24018,0,2074,
1013,12,19,13008,0,120,1067,utica,1069,42.911240,-78.862282,1596145545,13,13008,0,2038,
1014,26,20,18005,0,0,1075,twyml,1075,42.903126,-78.783485,1596144727,18,18005,0,2043,
1016,24,19,24017,0,0,1070,bagen,1070,42.917728,-78.801201,1596145536,24,24017,0,2070,
1018,12,19,12023,0,-360,1075,knegt,1069,42.949436,-78.822197,1596145523,12,12023,0,2029,
1020,4,19,2009,0,0,1070,bdyfl,1070,42.895676,-78.824280,1596145525,2,2009,0,1012,
1021,0,0,32011,5,-720,1077,babck,1065,42.885143,-78.784752,1596145533,32,32011,0,1083,
1022,0,0,19009,5,0,1071,babck,1071,42.881622,-78.814079,1596145515,19,19009,0,1070,
1023,72,20,16008,0,360,1074,4cors,1080,42.799480,-78.751808,1596145556,16,16008,0,1059,
1026,1,20,1003,0,-420,1076,aptml,1069,42.885281,-78.800941,1596145522,1,1003,0,1006,
1027,4,20,4007,0,0,1065,bdyfl,1065,42.892979,-78.839058,1596145535,4,4007,0,1017,
1028,32,19,32020,0,-180,1068,knhty,1065,42.944981,-78.785423,1596145513,32,32020,0,1093,
1030,4,20,32021,0,120,1070,twyml,1072,42.906536,-78.780731,1596145559,32,32021,0,1092,
1032,76,20,76002,0,0,1066,evgsp,1066,42.619656,-79.097679,1596145409,76,76002,0,1103,
1033,32,19,32019,0,-60,1077,brrtc,1076,42.932854,-78.876984,1596145529,32,32019,0,1091,
1034,15,20,15010,0,0,1069,sogat,1069,42.827446,-78.754448,1596144126,15,15010,0,1050,
1037,19,19,19014,0,0,1065,abtba,1065,42.857616,-78.828674,1596145550,19,19014,0,1075,
1038,6,20,6008,0,120,1085,glrml,1087,42.911377,-78.765022,1596145562,6,6008,0,1028,
1040,15,19,15006,0,60,1066,sensm,1067,42.873402,-78.841591,1596145511,15,15006,0,1047,
1041,16,20,16016,0,240,1073,rdgsp,1077,42.845268,-78.823799,1596145510,16,16016,0,1064,
1042,16,20,16015,0,0,1072,bgtsp,1072,42.789856,-78.816460,1596145555,16,16015,0,1063,
1043,14,20,14011,0,60,1069,rdgab,1070,42.838146,-78.807602,1596145531,14,14011,0,1041,
1044,6,19,6014,0,-240,1071,twyml,1067,42.908710,-78.772545,1596145555,6,6014,0,1031,
1045,76,20,15007,0,-60,1076,lkrt5,1075,42.770000,-78.867455,1596145557,15,15007,0,1048,
1046,2,19,4009,0,-60,1075,cltun,1074,42.867928,-78.701897,1596145530,4,4009,0,1020,
1047,14,20,14007,0,-240,1082,spkls,1078,42.892952,-78.865593,1596145531,14,14007,0,1039,
1048,32,20,32013,0,60,1066,amhba,1067,42.940197,-78.813934,1596145534,32,32013,0,1087,
1049,4,20,4006,0,-60,1065,twyml,1064,42.902851,-78.783669,1596145545,4,4006,0,1019,
1055,26,19,26007,0,0,1076,dlvst,1076,42.922653,-78.822083,1596145534,26,26007,0,2081,
1057,13,20,13005,0,-240,1080,winsp,1076,42.927738,-78.829155,1596145546,13,13005,0,2035,
1059,23,19,23021,0,-60,1070,bdyfl,1069,42.905025,-78.838760,1596145552,23,23021,0,2063,
1061,47,20,47005,0,-120,1067,mnun,1065,42.958954,-78.768486,1596145523,47,47005,0,2092,
1062,49,20,44007,0,0,1066,shhop,1066,42.978451,-78.737442,1596145524,44,44007,0,2088,
1065,8,20,44006,0,0,1065,socam,1065,42.954826,-78.820412,1596145478,44,44006,0,2089,
1104,49,19,47004,0,0,1065,socam,1065,42.954277,-78.820747,1596145359,47,47004,0,2093,
1105,44,20,44008,0,0,1067,lkpt,1067,43.169601,-78.689911,1596145534,44,44008,0,2087,
1106,23,19,23019,0,-420,1066,hrtpk,1059,42.947594,-78.850037,1596145564,23,23019,0,2021,
1107,8,20,13007,0,0,1066,bstmn,1066,42.901863,-78.869095,1596145531,13,13007,0,2037,
1110,18,20,18006,0,120,1068,dlvst,1070,42.922569,-78.856369,1596145479,18,18006,0,2042,
1111,23,20,23012,0,0,1066,hrtpk,1066,42.947624,-78.843559,1596145488,23,23012,0,2057,
1112,66,20,12020,0,-180,1092,mnun,1089,42.882145,-78.872002,1596145548,12,12020,0,2022,
1113,24,19,24020,0,-60,1066,marmn,1065,42.877304,-78.877808,1596145566,24,24020,0,2076,
1114,12,20,12016,0,0,1069,ctyli,1069,42.955101,-78.820969,1596145563,12,12016,0,2026,
1115,44,19,44009,0,-180,1072,mlpsh,1069,42.995995,-78.791000,1596145554,44,44009,0,2090,
1116,23,20,23014,0,-60,1074,bdyfl,1073,42.865837,-78.847282,1596145544,23,23014,0,2061,
1118,66,20,23018,0,480,1065,ehmal,1073,42.968689,-78.697014,1596145520,23,23018,0,2020,
1119,12,19,12013,0,0,1065,badlv,1065,42.923065,-78.813744,1596145533,12,12013,0,2024,
1120,12,19,12012,0,240,1056,nghmp,1060,42.915283,-78.889717,1596145529,12,12012,0,2023,
1124,13,20,8008,0,0,1080,socam,1080,42.955212,-78.820412,1596145547,8,8008,0,2007,
1126,23,20,23011,0,120,1068,brrtc,1070,42.940941,-78.905350,1596145516,23,23011,0,2059,
1127,22,19,22006,0,0,1068,lkv,1068,42.898151,-78.893738,1596145365,22,22006,0,2047,
1128,12,20,12017,0,0,1070,knegt,1070,42.932690,-78.798965,1596145523,12,12017,0,2027,
1129,12,20,12024,0,-60,1066,filut,1065,42.910938,-78.842781,1596145531,12,12024,0,2030,
1130,22,19,22004,0,-360,1074,wldba,1068,42.907196,-78.783859,1596145519,22,22004,0,2046,
1201,42,19,42007,0,0,1071,lcvtc,1071,42.828136,-78.798302,1596145558,42,42007,0,1100,
1202,2,19,2008,0,-180,1072,clmgm,1069,42.879505,-78.840324,1596145522,2,2008,0,1011,
1203,6,20,6013,0,0,1080,sycmg,1080,42.879780,-78.882164,1596145512,6,6013,0,1030,
1204,46,19,46003,0,-300,1078,wldtr,1073,42.910114,-78.761673,1596145546,46,46003,0,1102,
1205,1,20,1005,0,0,1068,wmmgn,1068,42.885693,-78.872002,1596145541,1,1005,0,1004,
1206,2,20,4005,0,120,1076,cltun,1078,42.871529,-78.793388,1596145514,4,4005,0,1018,
1207,70,20,16012,0,99999,9999,eaura,1067,42.788864,-78.620636,1596145548,16,16012,1,1058,
1211,15,20,32014,0,0,1073,sogat,1073,42.839767,-78.782928,1596145553,32,32014,0,1085,
1212,19,19,19011,0,0,1066,bdyba,1066,42.897133,-78.814079,1596145536,19,19011,0,1071,
1213,12,20,12014,0,0,1065,ctyli,1065,42.958706,-78.814568,1596145508,12,12014,0,2025,
1301,155,20,155003,0,0,1080,nfia,1080,43.101318,-78.940338,1596145552,155,155003,0,3114,
1501,0,0,50024,4,99999,9999,prtc,775,43.009056,-78.957497,1596126076,50,50024,0,3091,
1502,34,19,34009,0,99999,9999,socam,895,43.028858,-78.815010,1596145423,34,34009,0,3069,
1504,50,19,50025,0,-60,1067,mlnfb,1066,43.093288,-78.971199,1596145549,50,50025,0,3095,
1505,5,20,3013,0,0,1066,kenml,1066,42.959751,-78.889160,1596145538,3,3013,0,3007,
1506,52,19,52030,0,180,1063,nuniv,1066,43.135475,-79.038460,1596145341,52,52030,0,3100,
1507,50,19,40010,0,0,1071,nuniv,1071,43.122330,-79.050148,1596145553,40,40010,0,3082,
1508,35,19,35006,0,180,1070,wtrgt,1073,42.957577,-78.913612,1596145528,35,35006,0,3074,
1511,0,0,35005,5,-360,1086,front,1080,43.074810,-79.005325,1596145380,35,35005,0,3072,
1517,55,20,55041,0,-60,1070,nfbwd,1069,43.099094,-78.927681,1596145519,55,55041,0,3109,
1518,3,19,3016,0,0,1075,frgrt,1075,42.937611,-78.889565,1596145551,3,3016,0,3079,
1519,60,20,40012,0,60,1067,nftc,1068,43.089111,-78.989922,1596145510,40,40012,0,3084,
1520,52,20,52028,0,-60,1072,pnhyd,1071,43.108250,-79.048988,1596145513,52,52028,0,3099,
1601,5,19,20013,0,0,1071,kenml,1071,42.958733,-78.870880,1596145556,20,20013,0,3045,
1603,40,19,40011,0,0,1070,tcbfl,1070,42.883354,-78.872299,1596145543,40,40011,0,3083,
1605,25,20,25006,0,0,1070,dlwdv,1070,42.910717,-78.870506,1596145543,25,25006,0,3058,
1606,25,19,25009,0,-60,1073,dlwdv,1072,42.940666,-78.867828,1596145558,25,25009,0,3059,
1608,5,20,5021,0,0,1067,brrtc,1067,42.945423,-78.907471,1596145561,5,5021,0,3029,
1610,3,19,3012,0,0,1070,ellop,1070,42.882584,-78.872223,1596144684,3,3012,0,3009,
1612,11,19,11005,0,-360,1072,dlwdv,1066,42.942287,-78.867981,1596145554,11,11005,0,3034,
1615,11,20,34010,0,-180,1076,dlwnr,1073,42.883575,-78.877357,1596145544,34,34010,0,3065,
1616,25,19,25011,0,0,1065,ellop,1065,42.882584,-78.872108,1596145441,25,25011,0,3057,
1617,25,20,20015,0,60,1060,mdcty,1061,43.028061,-78.879517,1596145563,20,20015,0,3042,
1622,20,20,3018,0,-180,1079,elmnr,1076,42.883163,-78.873566,1596145536,3,3018,0,3012,
1701,5,20,11006,0,99999,9999,socam,1065,42.954441,-78.821045,1596145537,11,11006,0,3035,
1702,3,20,3019,0,60,1066,sklmt,1067,42.956341,-78.889603,1596145509,3,3019,0,3013,
1703,3,20,5017,0,0,1066,trcem,1066,42.891964,-78.877991,1596145527,5,5017,0,3028,
1708,55,19,55038,0,240,1068,prtc,1072,43.095104,-79.048767,1596145514,55,55038,0,3108,
1711,5,19,35007,0,0,1070,brrtc,1070,42.958706,-78.909294,1596145532,35,35007,0,3075,
1713,5,20,20020,0,0,1069,socam,1069,42.958649,-78.867233,1596144937,20,20020,0,3050,
1714,0,0,3010,5,60,1077,front,1078,43.017361,-78.878777,1596145511,3,3010,0,3008,
1715,25,20,25012,0,0,1067,mnngr,1067,43.017471,-78.874229,1596145470,25,25012,0,3056,
1716,50,20,50022,0,-120,1066,nuniv,1064,43.137867,-79.037529,1596145556,50,50022,0,3094,
1720,18,19,12025,0,0,1070,spkls,1070,42.871696,-78.863922,1596145545,12,12025,0,2031,
1802,0,0,25014,4,0,1068,tonvl,1068,42.960079,-78.907959,1596145529,25,25014,0,3062,
1803,55,20,40008,0,0,1069,mlnfb,1069,43.088203,-78.982552,1596145510,40,40008,0,3080,
1806,3,19,3017,0,0,1071,trcem,1071,42.903648,-78.887520,1596145543,3,3017,0,3011,
1807,11,20,20016,0,0,1074,prpky,1074,42.961594,-78.858299,1596145563,20,20016,0,3047,
1808,34,20,34012,0,60,1074,hazwd,1075,43.044861,-78.811401,1596145521,34,34012,0,3093,
1809,40,19,40009,0,60,1079,tcbfl,1080,42.913879,-78.899620,1596145567,40,40009,0,3081,
1810,3,19,20018,0,0,1070,ellop,1070,42.882584,-78.872299,1596145508,20,20018,0,3048,
1811,20,19,20019,0,-60,1072,elken,1071,42.980953,-78.877136,1596145532,20,20019,0,3049,
1812,25,20,25013,0,120,1069,orch,1071,42.980457,-78.872223,1596145539,25,25013,0,3061,
1813,40,20,55042,0,-120,1076,giplz,1074,42.968658,-78.925598,1596145521,55,55042,0,3110,
1815,0,0,11002,5,99999,9999,front,1071,42.994041,-78.880112,1596145517,11,11002,0,3032,
1816,5,20,5012,0,0,1068,ngfry,1068,42.911488,-78.899841,1596145560,5,5012,0,3026,
1817,16,19,16014,0,0,1069,abtba,1069,42.850216,-78.824097,1596145561,16,16014,0,1062,
1819,42,20,42006,0,-180,1075,tpodl,1072,42.870293,-78.865074,1596145560,42,42006,0,1099,
1820,4,19,2011,0,0,1065,tcbfl,1065,42.883492,-78.872368,1596145198,2,2011,0,1013,
1821,15,20,15009,0,240,1069,sensm,1073,42.876617,-78.850258,1596145564,15,15009,0,1049,
1822,19,20,19012,0,1920,1048,socam,1080,42.954994,-78.820038,1596145366,19,19012,0,1074,
1824,69,20,42004,0,0,1069,ctrbd,1069,42.901478,-78.687859,1596145511,42,42004,0,1098,
1902,155,19,155004,0,0,1080,falls,1080,43.084187,-79.060677,1596145566,155,155004,0,3115,
1903,5,19,5018,0,180,1077,ellop,1080,42.882614,-78.872444,1596145518,5,5018,0,3025,
1904,0,0,5022,4,180,1078,covhl,1081,43.000946,-78.838608,1596145557,5,5022,0,3030,
1905,34,19,34007,0,180,1065,blvml,1068,42.985409,-78.822006,1596145555,34,34007,0,3067,
1907,20,20,20014,0,180,1067,dlwsh,1070,42.980843,-78.872665,1596145566,20,20014,0,3046,
1910,20,20,20017,0,0,1081,elken,1081,42.927547,-78.877022,1596145538,20,20017,0,3044,
1911,40,19,40015,0,-120,1072,giplz,1070,43.068432,-78.990959,1596145524,40,40015,0,3107,
1912,34,19,34008,0,-300,1065,socam,1060,42.955132,-78.820930,1596145554,34,34008,0,3068,
1914,55,19,40014,0,-180,1077,nfb56,1074,43.100136,-78.980095,1596145532,40,40014,0,3085,
1915,55,20,55043,0,-60,1073,casno,1072,43.099148,-79.051003,1596145564,55,55043,0,3111,
1916,0,0,40017,4,-60,1085,tcbfl,1084,42.957302,-78.889534,1596145550,40,40017,0,3087,
1917,40,20,40016,0,0,1077,prtc,1077,43.099369,-79.051636,1596145538,40,40016,0,3086,
1919,20,19,34011,0,240,1068,ellop,1072,42.883549,-78.876389,1596145525,34,34011,0,3070,
1920,5,19,5014,0,0,1075,ngvrg,1075,42.913109,-78.899727,1596145536,5,5014,0,3027,
1921,3,20,11003,0,0,1082,sklmt,1082,42.920837,-78.890312,1596145563,11,11003,0,3033,
1922,20,19,3009,0,0,1067,elmdv,1067,42.926117,-78.877060,1596145540,3,3009,0,3010,
2011,26,19,26006,0,180,1062,ngdlv,1065,42.922157,-78.898239,1596145393,26,26006,0,2080,
2015,13,19,13006,0,0,1067,utica,1067,42.915337,-78.861649,1596145541,13,13006,0,2036,
2215,35,20,35004,0,60,1072,flint,1073,42.991184,-78.795135,1596145526,35,35004,0,3073,
2218,25,19,25010,0,-300,1073,mnngr,1068,43.043404,-78.875198,1596145507,25,25010,0,3060,
2504,19,20,19010,0,0,1069,badlv,1069,42.912338,-78.814003,1596145558,19,19010,0,1073,
2512,14,19,14008,0,120,1071,mercy,1073,42.829594,-78.805145,1596145514,14,14008,0,1040,
2601,8,19,8006,0,60,1071,wtfrt,1072,42.878544,-78.878700,1596145555,8,8006,0,2006,
2602,64,20,8005,0,240,1068,mlptr,1072,43.082153,-78.697540,1596145562,8,8005,0,2005,
2605,47,19,48004,0,60,1069,socam,1070,42.960136,-78.812851,1596145538,48,48004,0,2097,
2606,23,19,23013,0,-180,1082,hrtpk,1079,42.942619,-78.901482,1596145535,23,23013,0,2060,
2607,14,19,14012,0,-360,1068,spkls,1062,42.865204,-78.846504,1596145560,14,14012,0,1042,
2608,32,20,32018,0,-180,1078,bflst,1075,42.934669,-78.902634,1596145540,32,32018,0,1090,
2611,1,19,32017,0,120,1074,tcbfl,1076,42.885914,-78.873154,1596145544,32,32017,0,1089,
2612,6,20,32010,0,-240,1066,sycfl,1062,42.897434,-78.839989,1596145554,32,32010,0,1086,
2614,6,19,6009,0,0,1069,sycmg,1069,42.894382,-78.850075,1596145527,6,6009,0,1029,
2615,19,19,19015,0,0,1075,bagen,1075,42.935356,-78.814003,1596145535,19,19015,0,1076,
2617,74,20,1004,0,0,1070,athpr,1070,42.786774,-78.847656,1596145486,1,1004,0,1005,
2620,0,0,32015,5,-240,1074,babck,1070,42.884811,-78.813187,1596145561,32,32015,0,1084,
2623,16,20,16009,0,-180,1086,spkls,1083,42.898014,-78.864182,1596145563,16,16009,0,1060,
2624,4,20,32022,0,-240,1077,bdmgn,1073,42.883244,-78.875275,1596145521,32,32022,0,1094,
2625,32,20,32016,0,0,1070,glrml,1070,42.908051,-78.759102,1596145514,32,32016,0,1088,
2628,19,20,19013,0,0,1072,socam,1072,42.957661,-78.814079,1596145512,19,19013,0,1038,
2630,16,20,16013,0,300,1063,mnbfl,1068,42.716484,-78.826286,1596145559,16,16013,0,1061,
2701,24,20,24016,0,240,1071,airpt,1075,42.930820,-78.735062,1596145540,24,24016,0,2073,
2704,12,19,12018,0,180,1070,nghmp,1073,42.915474,-78.883316,1596145553,12,12018,0,2017,
2706,24,20,24014,0,120,1071,airpt,1073,42.934147,-78.730743,1596145337,24,24014,0,2071,
2707,22,20,22005,0,0,1077,twyml,1077,42.904968,-78.812851,1596145510,22,22005,0,2048,
2708,0,0,24019,6,900,1073,airpt,1088,42.934120,-78.731003,1596145530,24,24019,0,2075,
2713,67,20,47003,0,-60,1057,eccn,1056,42.930351,-78.737923,1596145548,47,47003,0,2091,
8145,45,99,45145,99,99999,9999,,9999,42.882694,-78.872635,1596145514,45,0,0,45145,
8206,45,99,45206,99,99999,9999,,9999,42.934204,-78.867607,1596145532,45,0,0,45206,
8208,45,99,45208,99,99999,9999,,9999,42.992035,-78.821449,1596145542,45,0,0,45208,
8211,45,99,45211,99,99999,9999,,9999,42.882336,-78.753891,1596145515,45,0,0,45211,
8213,45,99,45213,99,99999,9999,,9999,42.991074,-78.744736,1596145509,45,0,0,45213,
8222,45,99,45222,99,99999,9999,,9999,42.881210,-78.698914,1596145223,45,0,0,45222,
8224,45,99,45224,99,99999,9999,,9999,42.939152,-78.810921,1596145529,45,0,0,45224,
8225,45,99,45225,99,99999,9999,,9999,43.015411,-78.822639,1596145517,45,0,0,45225,
8229,45,99,45229,99,99999,9999,,9999,42.941681,-78.872665,1596145516,45,0,0,45229,
8231,45,99,45231,99,99999,9999,,9999,42.789413,-78.833061,1596145521,45,0,0,45231,
8233,45,99,45233,99,99999,9999,,9999,99.000000,999.000000,1596138517,45,0,0,45233,
