1001,26,20,22001,0,120,836,twyml,838,42.914925,-78.843750,1596132346,22,22001,0,2044,
1002,8,20,8003,0,120,840,socam,842,42.936539,-78.842148,1596132333,8,8003,0,2003,
1003,23,20,23017,0,0,858,brrtc,858,42.947842,-78.867981,1596132341,23,23017,0,2055,
1004,0,0,12022,4,-120,862,twyml,860,42.921993,-78.847137,1596132377,12,12022,0,2028,
1006,23,20,23016,0,0,850,brrtc,850,42.945671,-78.906990,1596132376,23,23016,0,2040,
1008,23,20,23015,0,-240,857,bdyfl,853,42.858524,-78.833511,1596132344,23,23015,0,2058,
1014,22,19,18005,0,-300,857,wldba,852,42.903267,-78.783371,1596132324,18,18005,0,2043,
1016,24,19,24010,0,-60,850,genmn,849,42.899002,-78.847282,1596132364,24,24010,0,2070,
1017,18,20,18004,0,120,852,dlvst,854,42.905190,-78.853943,1596132332,18,18004,0,2041,
1018,13,19,13004,0,-180,847,dlvgr,844,42.925377,-78.830421,1596132325,13,13004,0,2034,
1020,0,0,2009,4,300,840,twyml,845,42.903458,-78.783333,1596132352,2,2009,0,1012,
1021,32,20,32011,0,0,855,twyml,855,42.915089,-78.765205,1596132360,32,32011,0,1083,
1022,19,20,19009,0,0,853,wlmba,853,42.862015,-78.825325,1596132344,19,19009,0,1070,
1023,14,20,16008,0,60,845,rdgab,846,42.828053,-78.799416,1596132326,16,16008,0,1059,
1025,6,20,6011,0,-300,859,sycmg,854,42.879753,-78.882088,1596132358,6,6011,0,1025,
1026,14,19,1003,0,-60,846,abtba,845,42.857094,-78.828972,1596132349,1,1003,0,1006,
1027,0,0,4007,4,-360,846,tcbfl,840,42.883217,-78.875351,1596132362,4,4007,0,1017,
1029,32,20,32012,0,0,849,twyml,849,42.902798,-78.783669,1596131375,32,32012,0,1079,
1031,0,0,1002,5,-60,855,babck,854,42.884594,-78.869881,1596132299,1,1002,0,1002,
1032,4,20,76002,0,60,852,bdmgn,853,42.885914,-78.875725,1596132353,76,76002,0,1103,
1038,6,19,6008,0,0,855,wtfrt,855,42.885033,-78.872299,1596132361,6,6008,0,1028,
1040,15,19,15006,0,0,850,lterr,850,42.883106,-78.879707,1596132047,15,15006,0,1047,
1041,16,20,16011,0,99999,9999,mnbfl,810,42.769753,-78.823982,1596132363,16,16011,0,1095,
1043,16,20,14011,0,0,850,abtba,850,42.863472,-78.843414,1596132359,14,14011,0,1041,
1044,42,20,42005,0,0,870,sogat,870,42.828190,-78.753929,1596132372,42,42005,0,1035,
1045,15,20,15007,0,0,856,sogat,856,42.827419,-78.754448,1596132328,15,15007,0,1048,
1047,1,19,14007,0,0,847,nolvj,847,42.884701,-78.799637,1596132349,14,14007,0,1039,
1048,32,20,32013,0,60,854,bflst,855,42.938026,-78.890427,1596132362,32,32013,0,1087,
1049,2,20,4006,0,0,854,fern,854,42.871422,-78.795357,1596132372,4,4006,0,1019,
1052,15,19,15008,0,0,851,basen,851,42.857311,-78.811996,1596132357,15,15008,0,1046,
1057,13,20,13005,0,-180,853,dlvgr,850,42.914566,-78.837646,1596132375,13,13005,0,2035,
1061,26,19,26005,0,60,854,ngdlv,855,42.922131,-78.897980,1596132350,26,26005,0,2092,
1062,44,20,44007,0,0,871,lkpt,871,43.169659,-78.689911,1596132352,44,44007,0,2088,
1065,49,19,44006,0,120,848,socam,850,42.954277,-78.820747,1596132365,44,44006,0,2089,
1066,155,19,155001,0,-240,848,bswst,844,43.099285,-78.942383,1596132331,155,155001,0,3112,
1104,8,19,48001,0,60,837,wtfrt,838,42.895264,-78.871071,1596132363,48,48001,0,2094,
1105,47,19,44008,0,0,867,socam,867,42.955238,-78.820480,1596131719,44,44008,0,2087,
1106,0,0,44003,5,99999,9999,,9999,42.916824,-78.861580,1596132376,44,44003,0,2085,
1108,24,20,24011,0,-480,845,bagen,837,42.912533,-78.813858,1596132341,24,24011,0,2069,
1109,8,19,8007,0,60,847,utica,848,42.911404,-78.866005,1596132368,8,8007,0,2004,
1111,23,19,23012,0,-180,847,flfry,844,42.919518,-78.839394,1596132375,23,23012,0,2057,
1112,12,20,12020,0,240,849,knegt,853,42.935524,-78.798965,1596132376,12,12020,0,2022,
1114,12,19,12016,0,0,834,nghmp,834,42.911266,-78.881531,1596132339,12,12016,0,2026,
1115,44,19,44004,0,0,850,mlpsh,850,42.991402,-78.792343,1596132324,44,44004,0,2086,
1116,23,19,23014,0,-120,851,hrtpk,849,42.947704,-78.868088,1596132371,23,23014,0,2061,
1119,12,20,12013,0,0,853,ctyli,853,42.958706,-78.814568,1596131893,12,12013,0,2024,
1120,12,19,12012,0,0,851,badlv,851,42.929939,-78.801910,1596132356,12,12012,0,2023,
1124,8,20,8008,0,-240,848,mnaln,844,42.896664,-78.868462,1596132374,8,8008,0,2007,
1126,23,19,23011,0,0,860,abtba,860,42.857559,-78.828712,1596132344,23,23011,0,2059,
1127,0,0,22006,4,99999,9999,twyml,835,42.922047,-78.785088,1596132369,22,22006,0,2047,
1128,12,19,12017,0,60,854,nghmp,855,42.910881,-78.899879,1596132059,12,12017,0,2027,
1129,24,20,24012,0,0,853,genmn,853,42.882805,-78.872894,1596132357,24,24012,0,2018,
1130,22,20,22004,0,-240,848,bstgn,844,42.903706,-78.847397,1596132347,22,22004,0,2046,
1202,2,19,2008,0,120,853,tcbfl,855,42.883465,-78.872337,1596132345,2,2008,0,1011,
1204,4,20,46003,0,60,852,twyml,853,42.898342,-78.783928,1596132322,46,46003,0,1102,
1205,2,20,1005,0,0,872,fltbk,872,42.848869,-78.697685,1596132227,1,1005,0,1004,
1206,46,19,4005,0,-300,846,ctrbd,841,42.901505,-78.670479,1596132351,4,4005,0,1018,
1207,16,19,16012,0,-60,856,abtba,855,42.829674,-78.823944,1596132375,16,16012,0,1058,
1208,14,20,14010,0,0,873,eccs,873,42.772556,-78.797180,1596132233,14,14010,0,1037,
1211,32,20,32014,0,0,850,amhba,850,42.940170,-78.834442,1596132323,32,32014,0,1085,
1212,19,19,19011,0,-240,851,bdyba,847,42.909973,-78.813744,1596132364,19,19011,0,1071,
1213,12,20,12014,0,-60,847,filut,846,42.910965,-78.843933,1596132337,12,12014,0,2025,
1303,155,20,155002,0,60,852,ltity,853,43.094418,-79.057327,1596132335,155,155002,0,3113,
1501,0,0,50024,4,99999,9999,prtc,775,43.009056,-78.957497,1596126076,50,50024,0,3091,
1502,0,0,34009,4,-180,845,hazwd,842,43.028858,-78.815201,1596132353,34,34009,0,3069,
1504,0,0,25003,5,-60,862,front,861,42.886517,-78.885956,1596132330,25,25003,0,3053,
1505,0,0,3013,4,-240,846,tonvl,842,42.959888,-78.907959,1596132366,3,3013,0,3007,
1506,0,0,34001,5,99999,9999,,9999,42.958347,-78.889267,1596132330,34,34001,0,3063,
1507,40,20,40010,0,0,848,brrtc,848,42.936153,-78.903008,1596132322,40,40010,0,3082,
1508,0,0,35006,4,0,850,covhl,850,43.000065,-78.783264,1596132296,35,35006,0,3074,
1511,35,20,35005,0,-60,848,ens,847,42.980595,-78.907959,1596132327,35,35005,0,3072,
1512,5,20,5015,0,-120,847,ngfry,845,42.911816,-78.899803,1596132352,5,5015,0,3021,
1514,0,0,11004,4,0,850,ellop,850,42.882584,-78.872261,1596132360,11,11004,0,3106,
1517,55,19,55041,0,0,845,prtc,845,43.099312,-79.051781,1596132230,55,55041,0,3109,
1519,40,19,40012,0,0,855,tcbfl,855,42.883301,-78.872520,1596132339,40,40012,0,3084,
1520,52,19,52028,0,-180,850,mlnfb,847,43.097553,-78.975441,1596132341,52,52028,0,3099,
1601,20,20,20013,0,0,861,elken,861,42.926449,-78.877022,1596132370,20,20013,0,3045,
1603,55,20,40011,0,0,849,nftc,849,43.091503,-78.969002,1596132371,40,40011,0,3083,
1604,52,20,52029,0,0,891,nftc,891,43.100796,-78.980095,1596132202,52,52029,0,3098,
1605,3,19,25006,0,120,853,ellop,855,42.889324,-78.877579,1596132371,25,25006,0,3058,
1606,11,20,25009,0,60,856,tnind,857,42.986645,-78.853424,1596132329,25,25009,0,3059,
1610,0,0,3012,4,300,850,socam,855,42.954388,-78.820930,1596132379,3,3012,0,3009,
1614,55,19,40013,0,0,847,nftc,847,43.100056,-78.977600,1596132369,40,40013,0,3078,
1615,0,0,34010,4,-240,864,socam,860,42.958595,-78.880638,1596132372,34,34010,0,3065,
1616,0,0,25011,4,0,848,tnind,848,43.013817,-78.859421,1596132329,25,25011,0,3057,
1617,20,20,20015,0,-60,856,elmnr,855,42.886299,-78.877251,1596132333,20,20015,0,3042,
1622,0,0,5007,5,0,860,front,860,42.958073,-78.820930,1596132321,5,5007,0,3020,
1701,0,0,20005,5,-180,847,front,844,42.976360,-78.886292,1596132322,20,20005,0,3040,
1703,5,19,5017,0,0,847,ngvrg,847,42.895180,-78.886551,1596132354,5,5017,0,3028,
1708,55,19,55038,0,180,852,prtc,855,43.091915,-79.059227,1596132343,55,55038,0,3108,
1711,0,0,35007,4,-420,858,orch,851,42.979328,-78.885582,1596132360,35,35007,0,3075,
1714,3,20,3010,0,0,856,tonvl,856,42.960026,-78.908028,1596132340,3,3010,0,3008,
1715,0,0,25012,4,240,851,ellop,855,42.882557,-78.872185,1596132355,25,25012,0,3056,
1716,50,19,50022,0,-60,844,olopc,843,43.154259,-79.034805,1596132269,50,50022,0,3094,
1718,24,19,24013,0,0,846,holtz,846,42.937145,-78.717598,1596132359,24,24013,0,2054,
1720,12,19,12021,0,0,847,filut,847,42.910664,-78.839058,1596132373,12,12021,0,2016,
1801,25,20,25007,0,-240,859,dlwkn,855,42.923450,-78.867348,1596132357,25,25007,0,3054,
1802,50,19,50021,0,60,852,casno,853,43.088478,-79.033211,1596132356,50,50021,0,3092,
1803,40,20,40008,0,0,875,prtc,875,43.099396,-79.051598,1596132338,40,40008,0,3080,
1806,3,20,20006,0,0,858,sklmt,858,42.928207,-78.889305,1596132377,20,20006,0,3041,
1807,20,19,20016,0,180,847,ellop,850,42.883080,-78.875534,1596132333,20,20016,0,3047,
1808,50,20,50023,0,-540,850,bfhyd,841,43.088421,-79.033356,1596132348,50,50023,0,3093,
1809,55,19,40009,0,0,845,prtc,845,43.099644,-79.051559,1596132337,40,40009,0,3081,
1810,3,20,11001,0,-60,849,tonvl,848,42.959229,-78.895042,1596132369,11,11001,0,3031,
1811,34,19,34002,0,0,846,blvml,846,42.986866,-78.822754,1596132290,34,34002,0,3064,
1812,25,20,25008,0,-180,850,mnngr,847,43.010571,-78.872665,1596132367,25,25008,0,3097,
1815,11,19,11002,0,99999,9999,prpky,830,42.937092,-78.867386,1596132345,11,11002,0,3032,
1816,20,20,5012,0,-60,852,dlwsh,851,42.963737,-78.878700,1596132330,5,5012,0,3026,
1817,0,0,16014,4,99999,9999,mowsh,870,42.881596,-78.825844,1596132367,16,16014,0,1062,
1818,19,20,19008,0,60,847,socam,848,42.954937,-78.821152,1596132346,19,19008,0,1072,
1822,0,0,19012,4,99999,9999,socam,840,42.951447,-78.813858,1596132370,19,19012,0,1074,
1824,42,19,42004,0,99999,9999,mohel,848,42.886929,-78.872223,1596132340,42,42004,1,1098,
1902,34,20,34006,0,0,855,blvml,855,42.964672,-78.823502,1596132336,34,34006,0,3066,
1903,3,20,5018,0,60,857,frgrt,858,42.895950,-78.881973,1596132345,5,5018,0,3025,
1904,5,19,5019,0,0,857,brrtc,857,42.959915,-78.894333,1596132328,5,5019,0,3105,
1905,34,20,34007,0,0,872,hazwd,872,43.028858,-78.814972,1596132150,34,34007,0,3067,
1907,25,19,20014,0,60,852,dlwnr,853,42.916409,-78.869019,1596132336,20,20014,0,3046,
1908,3,19,3011,0,0,850,ellop,850,42.882530,-78.872040,1596132332,3,3011,0,3005,
1909,0,0,5020,4,1440,831,ellop,855,42.882530,-78.872185,1596131629,5,5020,0,3023,
1910,20,19,20017,0,60,848,elken,849,42.963711,-78.878807,1596132366,20,20017,0,3044,
1912,5,20,34008,0,-300,855,ngvrg,850,42.883190,-78.873749,1596132344,34,34008,0,3068,
1914,3,19,40014,0,60,849,frgrt,850,42.922157,-78.890198,1596132359,40,40014,0,3085,
1915,20,19,20011,0,120,854,elmnr,856,42.917099,-78.877098,1596132378,20,20011,0,3043,
1916,55,20,55039,0,-180,846,boces,843,43.145760,-78.866005,1596132378,55,55039,0,3104,
1918,5,20,5016,0,60,858,socam,859,42.958595,-78.858932,1596132366,5,5016,0,3024,
1920,40,19,5014,0,-60,858,ngvln,857,43.025116,-78.966095,1596132364,5,5014,0,3027,
1921,25,19,11003,0,0,848,orch,848,43.001907,-78.875275,1596132333,11,11003,0,3033,
1922,5,19,3009,0,0,865,ellop,865,42.882584,-78.872337,1596132368,3,3009,0,3010,
2015,0,0,13006,4,-180,858,wtfrt,855,42.901257,-78.869652,1596132341,13,13006,0,2036,
2130,0,0,16007,5,720,9999,,9999,42.882477,-78.825134,1596132369,16,16007,0,1055,
2203,5,19,5013,0,-60,853,ngfry,852,42.940994,-78.905945,1596132348,5,5013,0,3022,
2215,35,19,35004,0,0,890,brrtc,890,42.945339,-78.907394,1596131968,35,35004,0,3073,
2218,5,20,25010,0,240,851,kenml,855,42.950756,-78.904716,1596132363,25,25010,0,3060,
2501,6,19,6012,0,-120,850,wldba,848,42.905273,-78.811699,1596132322,6,6012,0,1026,
2503,16,20,16010,0,120,878,mcmal,880,42.782375,-78.808792,1596132343,16,16010,0,1056,
2504,19,20,19010,0,60,856,winsp,857,42.922405,-78.813934,1596132354,19,19010,0,1073,
2512,15,20,14008,0,60,849,scl,850,42.853241,-78.807640,1596132372,14,14008,0,1040,
2601,48,20,8006,0,120,843,eccn,845,42.957413,-78.714882,1596132354,8,8006,0,2006,
2602,13,20,8005,0,0,845,socam,845,42.954716,-78.820892,1596132358,8,8005,0,2005,
2604,12,19,12015,0,99999,9999,socam,844,42.958183,-78.817619,1596132325,12,12015,0,2015,
2605,48,19,48004,0,0,855,socam,855,42.954224,-78.820778,1596132335,48,48004,0,2097,
2606,23,20,23013,0,-180,849,flfry,846,42.905849,-78.839279,1596132340,23,23013,0,2060,
2607,76,19,76003,0,60,851,lkrt5,852,42.659916,-79.033615,1596132108,76,76003,0,1054,
2612,32,19,32010,0,0,858,brrtc,858,42.931839,-78.877548,1596132352,32,32010,0,1086,
2613,14,20,14009,0,-180,860,spkls,857,42.890091,-78.869247,1596132320,14,14009,0,1036,
2614,6,20,6009,0,-120,849,wldba,847,42.901367,-78.827667,1596132331,6,6009,0,1029,
2617,1,20,1004,0,0,851,aptml,851,42.884235,-78.777229,1596132341,1,1004,0,1005,
2618,4,19,1006,0,60,853,bdmgn,854,42.893147,-78.839317,1596132373,1,1006,0,1003,
2620,32,19,32015,0,-120,850,clwbr,848,42.930382,-78.754303,1596132299,32,32015,0,1084,
2623,16,19,16009,0,0,880,bnmc,880,42.898590,-78.868652,1596132361,16,16009,0,1060,
2624,6,20,6007,0,99999,9999,glrml,861,42.910496,-78.763947,1596132379,6,6007,1,1027,
2625,0,0,32016,4,1200,842,tcbfl,862,42.883575,-78.872818,1596132368,32,32016,0,1088,
2629,0,0,6010,4,-960,791,wtfrt,775,99.000000,999.000000,1596126234,6,6010,0,1096,
2630,0,0,16013,4,0,855,mowsh,855,42.885059,-78.861465,1596132356,16,16013,0,1061,
2702,47,19,48005,0,-300,858,eccn,853,42.934174,-78.718460,1596132317,48,48005,0,2096,
2703,12,19,12019,0,60,853,nghmp,854,42.911297,-78.880264,1596132363,12,12019,0,2019,
2704,12,20,12018,0,60,847,socam,848,42.954662,-78.820969,1596132351,12,12018,0,2017,
2706,0,0,24014,4,180,862,marmn,865,42.904118,-78.868721,1596132375,24,24014,0,2071,
2707,26,20,22005,0,0,850,badlv,850,42.922596,-78.820854,1596132366,22,22005,0,2048,
2713,0,0,47003,4,-540,854,socam,845,42.945122,-78.832840,1596132345,47,47003,0,2091,
8141,45,99,45094,99,99999,9999,,9999,42.945724,-78.906761,1596131874,45,0,0,45094,
8145,45,99,45145,99,99999,9999,,9999,42.882641,-78.872444,1596132343,45,0,0,45145,
8201,45,99,45201,99,99999,9999,,9999,42.981888,-78.739822,1596132362,45,0,0,45201,
8205,45,99,45205,99,99999,9999,,9999,42.935879,-78.841812,1596132371,45,0,0,45205,
8206,45,99,45206,99,99999,9999,,9999,42.974518,-78.909889,1596132278,45,0,0,45206,
8208,45,99,45208,99,99999,9999,,9999,42.998417,-78.851379,1596132343,45,0,0,45208,
8211,45,99,45211,99,99999,9999,,9999,42.935879,-78.851082,1596132330,45,0,0,45211,
8213,45,99,45213,99,99999,9999,,9999,42.909397,-78.721176,1596128805,45,0,0,45213,
8216,45,99,45216,99,99999,9999,,9999,43.008644,-78.822601,1596132365,45,0,0,45216,
8217,45,99,45217,99,99999,9999,,9999,42.953754,-78.780876,1596132367,45,0,0,45217,
8218,45,99,45218,99,99999,9999,,9999,42.979111,-78.816277,1596131427,45,0,0,45218,
8219,45,99,45219,99,99999,9999,,9999,42.934505,-78.841629,1596132328,45,0,0,45219,
8220,45,99,45220,99,99999,9999,,9999,42.934010,-78.877022,1596132350,45,0,0,45220,
8221,45,99,45221,99,99999,9999,,9999,42.849281,-78.800980,1596132174,45,0,0,45221,
8222,45,99,45222,99,99999,9999,,9999,42.944653,-78.877357,1596132320,45,0,0,45222,
8224,45,99,45224,99,99999,9999,,9999,42.951004,-78.826401,1596132334,45,0,0,45224,
8225,45,99,45225,99,99999,9999,,9999,42.925209,-78.831017,1596132376,45,0,0,45225,
8226,45,99,45226,99,99999,9999,,9999,42.995556,-78.876648,1596132356,45,0,0,45226,
8230,45,99,45230,99,99999,9999,,9999,42.910912,-78.742020,1596132258,45,0,0,45230,
8231,45,99,45231,99,99999,9999,,9999,42.934036,-78.810844,1596132321,45,0,0,45231,
8232,45,99,45232,99,99999,9999,,9999,42.907829,-78.775925,1596132327,45,0,0,45232,
8233,45,99,45233,99,99999,9999,,9999,99.000000,999.000000,1596113295,45,0,0,45233,
8234,45,99,45234,99,99999,9999,,9999,42.932030,-78.829605,1596132364,45,0,0,45234,
8236,45,99,45236,99,99999,9999,,9999,99.000000,999.000000,1596099746,45,0,0,45236,
8238,45,99,45238,99,99999,9999,,9999,42.973801,-78.694038,1596132288,45,0,0,45238,
8239,45,99,45239,99,99999,9999,,9999,99.000000,999.000000,1596132273,45,0,0,45239,
8240,45,99,45240,99,99999,9999,,9999,42.959614,-78.890236,1596132362,45,0,0,45240,
8241,45,99,45241,99,99999,9999,,9999,42.887920,-78.875275,1596132326,45,0,0,45241,
8301,45,99,45301,99,99999,9999,,9999,42.959915,-78.890198,1596132333,45,0,0,45301,
8304,45,99,45304,99,99999,9999,,9999,42.956642,-78.869652,1596132345,45,0,0,45304,
8306,45,99,45306,99,99999,9999,,9999,43.017803,-78.782997,1596132366,45,0,0,45306,
8307,45,99,45307,99,99999,9999,,9999,42.958679,-78.879517,1596132352,45,0,0,45307,
