1002,26,19,26008,0,0,1036,ngdlv,1036,42.922157,-78.897980,1596143416,26,26008,0,2082,
1003,23,19,23017,0,60,1033,mnfil,1034,42.939812,-78.838608,1596143504,23,23017,0,2055,
1004,0,0,12022,6,99999,9999,ellop,1005,43.017334,-78.799194,1596143364,12,12022,0,2028,
1005,48,20,48006,0,0,1036,mnun,1036,42.961704,-78.778687,1596143511,48,48006,0,2098,
1006,23,19,23020,0,0,1040,abtba,1040,42.857342,-78.830048,1596143491,23,23020,0,2062,
1007,24,20,24015,0,99999,9999,holtz,1015,42.931423,-78.736137,1596143505,24,24015,0,2072,
1008,23,20,23015,0,-120,1039,brrtc,1037,42.947266,-78.885880,1596143508,23,23015,0,2058,
1010,66,20,66003,0,480,1034,ehmal,1042,42.968990,-78.696686,1596143507,66,66003,0,2056,
1011,24,19,24018,0,-120,1037,marmn,1035,42.885143,-78.872818,1596143508,24,24018,0,2074,
1013,12,19,13008,0,0,1039,knegt,1039,42.948944,-78.815681,1596143538,13,13008,0,2038,
1014,26,20,18005,0,120,1042,gnhar,1044,42.922653,-78.811478,1596143508,18,18005,0,2043,
1016,24,19,24017,0,180,1055,ungen,1058,42.932690,-78.726463,1596143528,24,24017,0,2070,
1017,18,20,18004,0,0,1034,dlvst,1034,42.916164,-78.853981,1596143495,18,18004,0,2041,
1018,12,20,12023,0,-120,1038,socam,1036,42.948944,-78.809464,1596143515,12,12023,0,2029,
1020,4,20,2009,0,99999,9999,twyml,1028,42.903484,-78.783333,1596143518,2,2009,1,1012,
1021,32,20,32011,0,-1320,1038,knhty,1016,42.938961,-78.811104,1596143525,32,32011,0,1083,
1022,19,19,19009,0,0,1042,bagen,1042,42.936432,-78.813744,1596143507,19,19009,0,1070,
1023,16,19,16008,0,-60,1031,mowsh,1030,42.887150,-78.872932,1596143489,16,16008,0,1059,
1025,6,20,6011,0,120,1033,glrml,1035,42.910496,-78.764130,1596143509,6,6011,0,1025,
1026,1,19,1003,0,-360,1031,tcbfl,1025,42.883438,-78.872665,1596143514,1,1003,0,1006,
1027,4,19,4007,0,99999,9999,tcbfl,1035,42.883053,-78.875496,1596143527,4,4007,1,1017,
1028,32,19,32020,0,0,1040,glrml,1040,42.881817,-78.825989,1596143447,32,32020,0,1093,
1030,0,0,32021,4,-60,1031,tcbfl,1030,42.883549,-78.872520,1596143492,32,32021,0,1092,
1032,76,20,76002,0,0,1039,lkrt5,1039,42.752399,-78.893066,1596143519,76,76002,0,1103,
1033,32,19,32019,0,0,1035,knhty,1035,42.944981,-78.785385,1596143521,32,32019,0,1091,
1034,15,20,15010,0,60,1042,sogat,1043,42.842434,-78.788773,1596143538,15,15010,0,1050,
1037,19,19,19014,0,0,1037,bdyba,1037,42.910030,-78.813782,1596143482,19,19014,0,1075,
1038,6,20,6008,0,-60,1036,sycmg,1035,42.885033,-78.872147,1596143496,6,6008,0,1028,
1039,69,20,69002,0,300,1038,ctrbd,1043,42.901699,-78.693665,1596143525,69,69002,0,1097,
1040,15,20,15006,0,0,1037,sogat,1037,42.827778,-78.754486,1596143092,15,15006,0,1047,
1041,0,0,16016,4,99999,9999,mowsh,1037,42.887672,-78.872780,1596143456,16,16016,0,1064,
1042,16,20,16015,0,0,1045,rdgsp,1045,42.856239,-78.828636,1596143530,16,16015,0,1063,
1043,16,19,14011,0,0,1035,mowsh,1035,42.887535,-78.872818,1596142640,14,14011,0,1041,
1044,0,0,6014,4,99999,9999,glrml,1052,42.882282,-78.825096,1596143460,6,6014,0,1031,
1045,0,0,15007,6,0,1035,ellop,1035,42.882504,-78.872597,1596143490,15,15007,0,1048,
1046,2,20,4009,0,0,1057,fltbk,1057,42.847469,-78.697350,1596143522,4,4009,0,1020,
1047,14,19,14007,0,120,1042,bnmc,1044,42.882420,-78.874306,1596143514,14,14007,0,1039,
1048,32,20,32013,0,0,1045,bflst,1045,42.938412,-78.904343,1596143526,32,32013,0,1087,
1049,4,20,4006,0,0,1035,bdyfl,1035,42.889790,-78.853874,1596143537,4,4006,0,1019,
1050,70,20,70002,0,99999,9999,fern,990,42.767799,-78.608505,1596143138,70,70002,1,1080,
1052,75,20,15008,0,0,1042,ctrbl,1042,42.842766,-78.789627,1596143532,15,15008,0,1046,
1055,26,20,26007,0,0,1045,twyml,1045,42.903072,-78.783524,1596143408,26,26007,0,2081,
1057,13,19,13005,0,60,1036,utica,1037,42.915310,-78.857521,1596143538,13,13005,0,2035,
1059,23,19,23021,0,-120,1046,hrtpk,1044,42.943607,-78.898689,1596143484,23,23021,0,2063,
1061,44,19,47005,0,240,1046,socam,1050,42.954361,-78.820892,1596143516,47,47005,0,2092,
1062,13,20,44007,0,0,1045,socam,1045,42.954250,-78.820709,1596143517,44,44007,0,2088,
1065,8,20,44006,0,-60,1035,mnaln,1034,42.892704,-78.869690,1596143530,44,44006,0,2089,
1104,49,19,47004,0,-720,1036,mlpsh,1024,42.978340,-78.773170,1596143527,47,47004,0,2093,
1105,44,20,44008,0,-240,1046,crspt,1042,42.998001,-78.781586,1596143527,44,44008,0,2087,
1106,23,20,23019,0,0,1040,brrtc,1040,42.945644,-78.907356,1596143438,23,23019,0,2021,
1107,8,19,13007,0,0,1043,wtfrt,1043,42.895454,-78.871330,1596143523,13,13007,0,2037,
1108,0,0,12025,4,0,1035,dlvst,1035,42.916851,-78.860313,1596143506,12,12025,0,2031,
1109,48,19,8007,0,-180,1034,eccn,1031,42.961372,-78.719055,1596143533,8,8007,0,2004,
1110,18,19,18006,0,0,1033,spkls,1033,42.871475,-78.862877,1596143530,18,18006,0,2042,
1111,23,20,23012,0,0,1040,bdyfl,1040,42.865726,-78.847099,1596143539,23,23012,0,2057,
1112,12,20,12020,0,0,1031,ctyli,1031,42.958706,-78.814606,1596143481,12,12020,0,2022,
1113,24,19,24020,0,60,1032,bagen,1033,42.912670,-78.813744,1596143499,24,24020,0,2076,
1114,12,20,12016,0,0,1031,filut,1031,42.910912,-78.839798,1596143502,12,12016,0,2026,
1115,44,19,44009,0,-480,1046,mlptr,1038,43.165478,-78.696983,1596143428,44,44009,0,2090,
1116,23,19,23014,0,-60,1036,bdyfl,1035,42.905437,-78.838943,1596143536,23,23014,0,2061,
1118,66,20,23018,0,0,1059,mnun,1059,42.883438,-78.876350,1596143512,23,23018,0,2020,
1119,12,20,12013,0,0,1035,ctyli,1035,42.958649,-78.814568,1596143231,12,12013,0,2024,
1120,12,19,12012,0,0,1039,utica,1039,42.911018,-78.842964,1596143521,12,12012,0,2023,
1124,13,20,8008,0,60,1045,winsp,1046,42.923916,-78.829346,1596143539,8,8008,0,2007,
1126,23,20,23011,0,60,1035,flfry,1036,42.907555,-78.839058,1596143509,23,23011,0,2059,
1127,22,19,22006,0,-300,1043,wldba,1038,42.903870,-78.780243,1596143533,22,22006,0,2047,
1128,12,20,12017,0,-360,1037,elmut,1031,42.915310,-78.888229,1596143516,12,12017,0,2027,
1129,0,0,12024,4,-180,1038,nghmp,1035,42.915173,-78.895782,1596143523,12,12024,0,2030,
1130,22,20,22004,0,120,1036,wldba,1038,42.903484,-78.826622,1596143512,22,22004,0,2046,
1201,42,20,42007,0,0,1041,sogat,1041,42.833031,-78.786087,1596143521,42,42007,0,1100,
1202,2,20,2008,0,0,1031,cltba,1031,42.872135,-78.820412,1596143510,2,2008,0,1011,
1203,6,19,6013,0,-300,1037,wldba,1032,42.906979,-78.796959,1596143504,6,6013,0,1030,
1204,4,20,46003,0,60,1042,twyml,1043,42.899525,-78.792755,1596143522,46,46003,0,1102,
1205,1,19,1005,0,120,1043,tcbfl,1045,42.885361,-78.868874,1596143534,1,1005,0,1004,
1206,4,19,4005,0,0,1035,tcbfl,1035,42.883465,-78.872597,1596143458,4,4005,0,1018,
1207,70,20,16012,0,-120,1063,trfcr,1061,42.884483,-78.872482,1596143480,16,16012,0,1058,
1211,0,0,32014,6,480,1022,lterr,1030,42.883106,-78.879669,1596143369,32,32014,0,1085,
1212,19,20,19011,0,0,1035,socam,1035,42.954964,-78.820038,1596143469,19,19011,0,1071,
1213,12,20,12014,0,60,1040,knegt,1041,42.929859,-78.806671,1596143500,12,12014,0,2025,
1301,155,20,155003,0,-240,1030,aquar,1026,43.094471,-79.055916,1596143485,155,155003,0,3114,
1501,0,0,50024,4,99999,9999,prtc,775,43.009056,-78.957497,1596126076,50,50024,0,3091,
1502,34,19,34009,0,99999,9999,socam,895,43.027153,-78.807045,1596143519,34,34009,0,3069,
1504,50,20,50025,0,-60,1034,bfhyd,1033,43.088314,-79.028069,1596143482,50,50025,0,3095,
1505,5,20,3013,0,-60,1041,ngfry,1040,42.894905,-78.886108,1596143530,3,3013,0,3007,
1506,52,19,52030,0,-300,1031,mlnfb,1026,43.090374,-78.968147,1596143510,52,52030,0,3100,
1507,50,19,40010,0,0,1036,bfhyd,1036,43.074589,-78.984375,1596143427,40,40010,0,3082,
1508,35,19,35006,0,120,1037,nfbsh,1039,42.990879,-78.814453,1596143520,35,35006,0,3074,
1511,40,20,35005,0,-360,1043,falls,1037,43.048603,-78.988098,1596143489,35,35005,0,3072,
1512,25,20,5015,0,240,1029,mnngr,1033,42.999321,-78.882233,1596143518,5,5015,0,3021,
1514,61,20,11004,0,240,1030,mnngr,1034,43.003586,-78.881340,1596143526,11,11004,0,3106,
1517,55,20,55041,0,-360,1033,pnhyd,1027,43.095051,-79.033394,1596143453,55,55041,0,3109,
1518,3,20,3016,0,-180,1042,sklmt,1039,42.930794,-78.888969,1596143484,3,3016,0,3079,
1519,40,19,40012,0,-60,1031,tcbfl,1030,42.883354,-78.872704,1596143502,40,40012,0,3084,
1520,52,19,52028,0,0,1032,olopc,1032,43.154285,-79.034584,1596143505,52,52028,0,3099,
1601,5,20,20013,0,60,1049,socam,1050,42.955212,-78.820412,1596143358,20,20013,0,3045,
1603,40,19,40011,0,60,1033,ngvln,1034,42.958294,-78.914764,1596143535,40,40011,0,3083,
1605,25,19,25006,0,180,1037,ellop,1040,42.886326,-78.878960,1596143535,25,25006,0,3058,
1606,25,20,25009,0,0,1037,mnngr,1037,43.020554,-78.879593,1596141664,25,25009,0,3059,
1608,0,0,5021,4,99999,9999,ellop,1035,42.882557,-78.872520,1596143376,5,5021,0,3029,
1610,3,19,3012,0,0,1041,trcem,1041,42.912258,-78.893547,1596143506,3,3012,0,3009,
1612,11,20,11005,0,0,1032,tnind,1032,43.012962,-78.859383,1596143135,11,11005,0,3034,
1614,60,20,40013,0,540,1027,nftc,1036,43.089687,-78.990364,1596143533,40,40013,0,3078,
1615,5,19,34010,0,180,1036,ellop,1039,42.885914,-78.875648,1596143537,34,34010,0,3065,
1616,25,19,25011,0,-60,1040,dlwdv,1039,42.944817,-78.868317,1596143491,25,25011,0,3057,
1617,25,20,20015,0,60,1035,orch,1036,42.980267,-78.872223,1596143495,20,20015,0,3042,
1622,5,19,3018,0,0,1035,ngfry,1035,42.925320,-78.897980,1596143529,3,3018,0,3012,
1701,5,20,11006,0,120,1024,dlwkn,1026,42.958263,-78.833733,1596143486,11,11006,0,3035,
1702,3,20,3019,0,0,1036,trcem,1036,42.887177,-78.878845,1596143501,3,3019,0,3013,
1703,5,19,5017,0,0,1055,ellop,1055,42.882614,-78.872444,1596142682,5,5017,0,3028,
1708,55,19,55038,0,60,1033,nftc,1034,43.100853,-78.978531,1596143506,55,55038,0,3108,
1711,5,20,35007,0,2460,994,socam,1035,42.954525,-78.819702,1596142524,35,35007,0,3075,
1713,5,20,20020,0,99999,9999,brrtc,1037,42.916519,-78.899246,1596143186,20,20020,0,3050,
1714,25,19,3010,0,0,1032,ellop,1032,42.882584,-78.872368,1596143444,3,3010,0,3008,
1715,25,20,25012,0,-60,1032,dlwdv,1031,42.921936,-78.867348,1596143521,25,25012,0,3056,
1716,50,19,50022,0,99999,9999,lwstn,1033,43.154312,-79.030121,1596143137,50,50022,0,3094,
1801,5,20,25007,0,60,1035,kenml,1036,42.957550,-78.896492,1596143492,25,25007,0,3054,
1803,40,20,40008,0,0,1035,prtc,1035,43.099396,-79.051636,1596143501,40,40008,0,3080,
1806,3,20,3017,0,0,1038,tonvl,1038,42.960136,-78.907959,1596143477,3,3017,0,3011,
1807,11,20,20016,0,-60,1044,dlwnr,1043,42.883106,-78.873749,1596143493,20,20016,0,3047,
1808,34,20,34012,0,-60,1040,blvml,1039,42.966599,-78.823387,1596143514,34,34012,0,3093,
1809,40,19,40009,0,0,1041,giplz,1041,43.078468,-79.025909,1596143382,40,40009,0,3081,
1810,3,19,20018,0,-120,1047,frgrt,1045,42.955406,-78.889832,1596143514,20,20018,0,3048,
1811,20,20,20019,0,0,1042,elken,1042,42.935467,-78.878029,1596143524,20,20019,0,3049,
1812,25,20,25013,0,-180,1041,dlwnr,1038,42.885803,-78.877548,1596143531,25,25013,0,3061,
1813,40,19,55042,0,0,1035,tcbfl,1035,42.883381,-78.872856,1596143513,55,55042,0,3110,
1814,0,0,3015,5,99999,9999,,9999,42.959888,-78.891129,1596143518,3,3015,0,3006,
1815,11,20,11002,0,99999,9999,dlwnr,1013,42.951584,-78.858826,1596143509,11,11002,0,3032,
1816,3,19,5012,0,0,1037,ellop,1037,42.888908,-78.875313,1596143493,5,5012,0,3026,
1817,16,20,16014,0,0,1041,mcmal,1041,42.782566,-78.808609,1596143494,16,16014,0,1062,
1819,42,19,42006,0,120,1038,mohel,1040,42.877911,-78.868423,1596143529,42,42006,0,1099,
1820,4,19,2011,0,-120,1034,bdyba,1032,42.898918,-78.798409,1596143484,2,2011,0,1013,
1821,15,19,15009,0,120,1034,sensm,1036,42.871365,-78.836380,1596143497,15,15009,0,1049,
1822,19,20,19012,0,0,1043,winsp,1043,42.926144,-78.813637,1596143534,19,19012,0,1074,
1824,0,0,42004,6,60,1026,lterr,1027,42.881733,-78.878029,1596143503,42,42004,0,1098,
1902,155,19,155004,0,-240,1032,quain,1028,43.089218,-78.972534,1596143499,155,155004,0,3115,
1903,5,19,5018,0,60,1039,brrtc,1040,42.952381,-78.905167,1596143510,5,5018,0,3025,
1905,34,20,34007,0,0,1033,hazwd,1033,43.028831,-78.815048,1596143370,34,34007,0,3067,
1907,20,20,20014,0,-360,1041,elmnr,1035,42.887424,-78.879036,1596143499,20,20014,0,3046,
1908,0,0,3011,5,0,1041,front,1041,42.998581,-78.852310,1596143495,3,3011,0,3005,
1909,3,20,5020,0,60,1033,frgrt,1034,42.913109,-78.891724,1596143493,5,5020,0,3023,
1910,20,19,20017,0,0,1040,ellop,1040,42.882366,-78.872520,1596143531,20,20017,0,3044,
1911,55,19,40015,0,0,1042,prtc,1042,43.099422,-79.051521,1596143516,40,40015,0,3107,
1912,34,19,34008,0,-60,1032,blvml,1031,42.986919,-78.822754,1596143487,34,34008,0,3068,
1914,55,20,40014,0,0,1051,nfia,1051,43.100990,-78.940857,1596143524,40,40014,0,3085,
1915,0,0,55043,4,-60,1060,prtc,1059,42.980595,-78.907990,1596143482,55,55043,0,3111,
1917,40,20,40016,0,0,1042,giplz,1042,42.974270,-78.930809,1596143530,40,40016,0,3086,
1918,20,19,5016,0,60,1039,elmnr,1040,42.915779,-78.877098,1596143531,5,5016,0,3024,
1919,20,19,34011,0,-60,1034,elken,1033,42.966873,-78.878807,1596143517,34,34011,0,3070,
1920,5,19,5014,0,0,1036,dlwkn,1036,42.958679,-78.856331,1596143528,5,5014,0,3027,
1921,11,19,11003,0,0,1040,ellop,1040,42.882504,-78.872368,1596143085,11,11003,0,3033,
1922,20,20,3009,0,60,1039,orch,1040,42.988377,-78.873116,1596143473,3,3009,0,3010,
2001,48,20,48005,0,420,1019,ehmal,1026,42.930710,-78.736473,1596143499,48,48005,0,2096,
2011,26,19,26006,0,-180,1037,badlv,1034,42.922817,-78.802322,1596143482,26,26006,0,2080,
2015,13,20,13006,0,180,1027,socam,1030,42.955101,-78.820480,1596143148,13,13006,0,2036,
2203,5,19,5013,0,60,1024,ellop,1025,42.882504,-78.872597,1596143220,5,5013,0,3022,
2215,35,20,35004,0,-120,1044,ens,1042,42.940609,-78.906021,1596143497,35,35004,0,3073,
2218,25,20,25010,0,-60,1057,mdcty,1056,43.050636,-78.876427,1596143534,25,25010,0,3060,
2501,6,20,6012,0,0,1041,twyml,1041,42.905384,-78.808762,1596143491,6,6012,0,1026,
2503,16,20,16010,0,60,1026,mnbfl,1027,42.709446,-78.785904,1596143454,16,16010,0,1056,
2504,19,19,19010,0,60,1033,abtba,1034,42.862648,-78.825958,1596143526,19,19010,0,1073,
2511,74,20,74003,0,60,1029,athpr,1030,42.750061,-78.855247,1596143517,74,74003,0,1081,
2512,14,20,14008,0,240,1039,eccs,1043,42.772640,-78.797478,1596143361,14,14008,0,1040,
2601,8,20,8006,0,60,1034,socam,1035,42.955212,-78.821075,1596143347,8,8006,0,2006,
2602,64,20,8005,0,0,1064,crspt,1064,42.883244,-78.875275,1596143529,8,8005,0,2005,
2604,12,19,12015,0,180,1038,nghmp,1041,42.911350,-78.882126,1596143493,12,12015,0,2015,
2605,47,19,48004,0,-180,1046,eccn,1043,42.931396,-78.732269,1596143506,48,48004,0,2097,
2606,23,20,23013,0,0,1036,hrtpk,1036,42.947018,-78.833961,1596143505,23,23013,0,2060,
2607,14,20,14012,0,0,1027,rdgab,1027,42.830391,-78.805481,1596143162,14,14012,0,1042,
2608,32,19,32018,0,0,1034,bflst,1034,42.935741,-78.878548,1596143511,32,32018,0,1090,
2611,1,20,32017,0,60,1029,aptml,1030,42.888580,-78.751511,1596142431,32,32017,0,1089,
2612,6,19,32010,0,-240,1034,wtfrt,1030,42.882805,-78.874603,1596143465,32,32010,0,1086,
2613,72,20,14009,0,99999,9999,eccs,1038,42.777866,-78.789589,1596143489,14,14009,1,1036,
2614,6,20,6009,0,99999,9999,glrml,1033,42.910526,-78.763908,1596143197,6,6009,1,1029,
2615,0,0,19015,4,-120,1047,socam,1045,42.930931,-78.813896,1596143504,19,19015,0,1076,
2616,2,19,2010,0,0,1032,cltfl,1032,42.879452,-78.839317,1596143518,2,2010,0,1082,
2617,0,0,1004,6,-120,1042,ellop,1040,42.882145,-78.872520,1596143513,1,1004,0,1005,
2618,1,20,1006,0,60,1038,aptml,1039,42.884510,-78.784676,1596143483,1,1006,0,1003,
2620,46,19,32015,0,-240,1035,dckbd,1031,42.901669,-78.689644,1596143530,32,32015,0,1084,
2623,16,19,16009,0,0,1035,spkls,1035,42.866032,-78.847733,1596143532,16,16009,0,1060,
2625,32,20,32016,0,0,1037,amhba,1037,42.940197,-78.822083,1596143483,32,32016,0,1088,
2627,74,20,4008,0,120,1031,hrmhl,1033,42.709419,-78.785866,1596143538,4,4008,0,1057,
2628,19,20,19013,0,0,1032,bfind,1032,42.877800,-78.805931,1596143539,19,19013,0,1038,
2630,16,20,16013,0,120,1044,mnbfl,1046,42.753117,-78.825027,1596143529,16,16013,0,1061,
2701,24,20,24016,0,-60,1039,genmn,1038,42.885803,-78.872299,1596143507,24,24016,0,2073,
2704,12,19,12018,0,-60,1041,badlv,1040,42.933819,-78.799377,1596143523,12,12018,0,2017,
2706,24,20,24014,0,60,1029,ungen,1030,42.926914,-78.754898,1596143485,24,24014,0,2071,
2707,22,19,22005,0,0,1034,lkv,1034,42.900845,-78.893440,1596143479,22,22005,0,2048,
2708,24,20,24019,0,-120,1044,holtz,1042,42.938492,-78.714363,1596143500,24,24019,0,2075,
2713,67,20,47003,0,-240,1038,knhty,1034,42.932663,-78.799232,1596143515,47,47003,0,2091,
8145,45,99,45145,99,99999,9999,,9999,42.882694,-78.872635,1596143507,45,0,0,45145,
8206,45,99,45206,99,99999,9999,,9999,42.959366,-78.697502,1596143501,45,0,0,45206,
8208,45,99,45208,99,99999,9999,,9999,42.907639,-78.787544,1596143513,45,0,0,45208,
8211,45,99,45211,99,99999,9999,,9999,42.979359,-78.786980,1596143424,45,0,0,45211,
8213,45,99,45213,99,99999,9999,,9999,43.000587,-78.822601,1596143477,45,0,0,45213,
8216,45,99,45216,99,99999,9999,,9999,42.959339,-78.890274,1596143538,45,0,0,45216,
8218,45,99,45218,99,99999,9999,,9999,43.094830,-78.971756,1596143450,45,0,0,45218,
8222,45,99,45222,99,99999,9999,,9999,42.881264,-78.698914,1596143070,45,0,0,45222,
8224,45,99,45224,99,99999,9999,,9999,42.884235,-78.757500,1596143498,45,0,0,45224,
8225,45,99,45225,99,99999,9999,,9999,43.000092,-78.882309,1596143486,45,0,0,45225,
8229,45,99,45229,99,99999,9999,,9999,42.980896,-78.841103,1596143485,45,0,0,45229,
8231,45,99,45231,99,99999,9999,,9999,42.896141,-78.697350,1596143490,45,0,0,45231,
8233,45,99,45233,99,99999,9999,,9999,99.000000,999.000000,1596138517,45,0,0,45233,
8237,45,99,45237,99,99999,9999,,9999,42.877029,-78.783630,1596143488,45,0,0,45237,
8238,45,99,45238,99,99999,9999,,9999,42.957687,-78.831688,1596143516,45,0,0,45238,
8239,45,99,45239,99,99999,9999,,9999,42.978424,-78.757576,1596143502,45,0,0,45239,
8240,45,99,45240,99,99999,9999,,9999,43.000751,-78.853279,1596143475,45,0,0,45240,
8241,45,99,45241,99,99999,9999,,9999,42.928482,-78.835815,1596143495,45,0,0,45241,
8307,45,99,45307,99,99999,9999,,9999,42.956341,-78.889938,1596143524,45,0,0,45307,
