1001,22,19,22001,0,-120,554,wldba,552,42.904751,-78.780540,1596114289,22,22001,0,2044,
1002,0,0,8003,6,0,570,wtfrt,570,42.880249,-78.882942,1596113864,8,8003,0,2003,
1003,12,19,12002,0,99999,9999,nghmp,545,42.909012,-78.899765,1596114285,12,12002,1,2009,
1004,44,20,44001,0,99999,9999,lkpt,553,43.089249,-78.696831,1596113868,44,44001,0,2083,
1006,12,20,12009,0,0,555,ctyli,555,42.958706,-78.814568,1596114201,12,12009,0,2018,
1007,8,19,8002,0,0,546,utica,546,42.915062,-78.864738,1596114265,8,8002,0,2002,
1008,12,20,12001,0,0,548,utica,548,42.911240,-78.870544,1596114287,12,12001,0,2008,
1010,12,19,12007,0,0,548,filut,548,42.911404,-78.832504,1596114287,12,12007,0,2014,
1017,22,20,26001,0,120,547,wldba,549,42.903786,-78.821411,1596114277,26,26001,0,2077,
1018,18,20,18003,0,0,554,dlvst,554,42.897186,-78.853912,1596114279,18,18003,0,2016,
1021,42,20,42001,0,60,550,shops,551,42.828217,-78.805145,1596114251,42,42001,0,1095,
1022,6,19,6006,0,-240,544,wtfrt,540,42.880165,-78.882828,1596114254,6,6006,0,1027,
1025,14,20,14001,0,0,564,eccs,564,42.772556,-78.797180,1596113945,14,14001,0,1032,
1026,42,19,42002,0,-120,554,spkls,552,42.826511,-78.850075,1596114238,42,42002,0,1096,
1027,1,20,2002,0,0,549,aptml,549,42.888580,-78.751213,1596114068,2,2002,0,1008,
1030,6,20,6003,0,0,548,glrml,548,42.910358,-78.763611,1596113297,6,6003,0,1023,
1031,1,19,1002,0,-60,547,wmmgn,546,42.885143,-78.850853,1596114241,1,1002,0,1002,
1032,16,20,16006,0,1440,508,mnbfl,532,42.715687,-78.827484,1596114237,16,16006,0,1057,
1033,16,19,16005,0,240,552,mowsh,556,42.878513,-78.868355,1596114244,16,16005,0,1025,
1038,32,19,32007,0,-180,550,clwbr,547,42.931702,-78.754082,1596114278,32,32007,0,1072,
1040,6,19,6005,0,60,549,sycmg,550,42.894794,-78.848511,1596114289,6,6005,0,1084,
1044,32,19,32001,0,180,555,brrtc,558,42.940418,-78.878624,1596114270,32,32001,0,1077,
1045,19,20,19007,0,120,545,socam,547,42.954304,-78.820816,1596114241,19,19007,0,1085,
1049,19,20,19003,0,120,543,socam,545,42.954994,-78.820450,1596114257,19,19003,0,1067,
1050,32,20,32002,0,-180,546,amsta,543,42.940281,-78.843750,1596114273,32,32002,0,1078,
1052,2,20,2001,0,99999,9999,fltbk,355,42.883411,-78.872818,1596114180,2,2001,1,1007,
1055,12,19,12005,0,60,553,nghmp,554,42.911350,-78.881752,1596114286,12,12005,0,2012,
1056,23,20,23002,0,0,565,brrtc,565,42.945644,-78.906799,1596114236,23,23002,0,2050,
1057,12,19,12006,0,0,555,knegt,555,42.954826,-78.821938,1596114258,12,12006,0,2013,
1061,0,0,24005,6,0,555,socam,555,42.954414,-78.821007,1596114293,24,24005,0,2068,
1062,24,19,24003,0,960,519,marmn,535,42.877331,-78.877953,1596114235,24,24003,0,2066,
1064,23,20,23007,0,0,548,bdyfl,548,42.877663,-78.840469,1596114255,23,23007,0,2069,
1065,0,0,24007,6,99999,9999,holtz,489,42.877251,-78.877769,1596114249,24,24007,0,2035,
1066,0,0,155001,4,-1020,552,falls,535,43.082512,-79.052376,1596114276,155,155001,0,3112,
1104,48,20,48001,0,0,545,ehmal,545,42.973198,-78.695190,1596114187,48,48001,0,2094,
1105,49,20,49001,0,0,550,mhosp,550,42.996243,-78.729881,1596114127,49,49001,0,2099,
1106,48,20,44003,0,240,556,ehmal,560,42.960327,-78.719055,1596114260,44,44003,0,2085,
1108,24,19,24006,0,60,554,marmn,555,42.889706,-78.870583,1596114266,24,24006,0,2004,
1109,8,20,8001,0,120,553,socam,555,42.955212,-78.820412,1596113717,8,8001,0,2001,
1110,8,19,24004,0,240,541,wtfrt,545,42.879864,-78.882462,1596113880,24,24004,0,2067,
1113,18,19,18002,0,60,551,spkls,552,42.878349,-78.855995,1596114250,18,18002,0,2040,
1114,13,20,13001,0,0,550,socam,550,42.954525,-78.819885,1596114251,13,13001,0,2032,
1115,44,19,44004,0,-240,555,mlptr,551,43.139488,-78.697014,1596114268,44,44004,0,2086,
1116,44,19,44005,0,0,555,socam,555,42.954224,-78.820671,1596114184,44,44005,0,2041,
1117,12,20,12010,0,60,549,knegt,550,42.934231,-78.798965,1596114290,12,12010,0,2020,
1118,23,20,23008,0,0,545,brrtc,545,42.945671,-78.906990,1596114080,23,23008,0,2056,
1123,24,19,24009,0,-60,546,ungen,545,42.929226,-78.743660,1596114267,24,24009,0,2047,
1124,23,19,23006,0,180,552,abtba,555,42.874363,-78.844193,1596114267,23,23006,0,2054,
1127,23,20,23005,0,-60,558,brrtc,557,42.947678,-78.851158,1596114253,23,23005,0,2053,
1128,0,0,23010,4,0,550,abtba,550,42.857311,-78.829941,1596114294,23,23010,0,2042,
1129,24,20,24002,0,0,548,airpt,548,42.934174,-78.730179,1596114003,24,24002,0,2065,
1130,48,20,8004,0,60,536,ehmal,537,42.952049,-78.742989,1596114257,8,8004,0,2091,
1203,15,19,15003,0,-120,548,scl,546,42.841774,-78.786797,1596114283,15,15003,0,1045,
1204,16,20,16003,0,60,547,splke,548,42.803688,-78.824020,1596114264,16,16003,0,1053,
1205,32,20,32005,0,120,547,glrml,549,42.907856,-78.758362,1596114293,32,32005,0,1081,
1206,16,19,16001,0,0,554,bnmc,554,42.898590,-78.868721,1596114235,16,16001,0,1051,
1207,1,20,1001,0,0,546,wmmgn,546,42.885746,-78.872002,1596114260,1,1001,0,1001,
1211,15,20,42003,0,0,550,sogat,550,42.835835,-78.774696,1596114266,42,42003,0,1097,
1212,6,20,76001,0,0,545,wldba,545,42.904694,-78.815048,1596114288,76,76001,0,1026,
1213,26,19,22002,0,0,547,ngdlv,547,42.922073,-78.890015,1596114255,22,22002,0,2045,
1303,155,19,155002,0,-60,545,bswst,544,43.096012,-78.951843,1596114281,155,155002,0,3113,
1501,20,19,20012,0,0,545,dlwsh,545,42.983372,-78.872818,1596114259,20,20012,0,3025,
1502,5,20,5005,0,-240,553,ngvrg,549,42.883190,-78.873825,1596114274,5,5005,0,3018,
1504,11,19,25003,0,0,550,ellop,550,42.882557,-78.872040,1596113919,25,25003,0,3053,
1505,52,19,52027,0,0,564,olopc,564,43.154312,-79.034882,1596114189,52,52027,0,3097,
1506,34,19,34001,0,60,539,socam,540,42.958374,-78.834702,1596114273,34,34001,0,3063,
1507,20,19,20008,0,-120,552,ellop,550,42.892731,-78.877808,1596114265,20,20008,0,3054,
1508,5,19,5006,0,60,549,ngvrg,550,42.902935,-78.893814,1596114238,5,5006,0,3019,
1511,11,20,5004,0,-420,546,prpky,539,42.980621,-78.858528,1596114272,5,5004,0,3017,
1514,55,19,55035,0,0,546,mlnfb,546,43.092712,-78.960663,1596114269,55,55035,0,3106,
1517,25,20,25001,0,0,565,mdcty,565,43.050911,-78.876320,1596114113,25,25001,0,3051,
1519,5,20,34005,0,180,537,socam,540,42.968933,-78.823311,1596114245,34,34005,0,3007,
1520,0,0,40004,5,0,567,front,567,43.071594,-78.990959,1596114285,40,40004,0,3078,
1601,5,19,5010,0,0,557,brrtc,557,42.960411,-78.888969,1596114194,5,5010,0,3033,
1603,34,19,5011,0,-60,551,nfbma,550,43.031029,-78.821861,1596114136,5,5011,0,3065,
1604,5,20,5009,0,60,554,socam,555,42.954964,-78.819962,1596114262,5,5009,0,3072,
1605,3,19,3006,0,240,551,ellop,555,42.889324,-78.877434,1596114254,3,3006,0,3091,
1610,20,19,5001,0,0,570,ellop,570,42.882584,-78.872223,1596114264,5,5001,0,3014,
1612,20,20,20004,0,120,545,elken,547,42.958347,-78.878326,1596114268,20,20004,0,3039,
1614,40,19,40002,0,0,562,tcbfl,562,42.927933,-78.897606,1596114252,40,40002,0,3077,
1615,3,20,3004,0,120,554,frgrt,556,42.896278,-78.882309,1596114256,3,3004,0,3004,
1622,5,20,5007,0,0,558,socam,558,42.958649,-78.867645,1596114269,5,5007,0,3020,
1701,20,20,20005,0,0,557,orch,557,42.988514,-78.873230,1596114205,20,20005,0,3040,
1702,5,19,20001,0,-60,544,brrtc,543,42.945919,-78.907692,1596114283,20,20001,0,3036,
1703,55,20,55037,0,-120,553,nfia,551,43.089302,-78.972763,1596114271,55,55037,0,3056,
1711,40,19,40005,0,0,551,casno,551,43.098324,-79.050774,1596114243,40,40005,0,3079,
1714,52,20,52026,0,120,547,nftc,549,43.096012,-78.973656,1596114284,52,52026,0,3096,
1715,11,19,3002,0,-60,550,dlwnr,549,42.920124,-78.868050,1596114238,3,3002,0,3002,
1716,20,19,20009,0,0,548,elmdv,548,42.932114,-78.877060,1596114271,20,20009,0,3023,
1718,23,20,23004,0,0,549,mnfil,549,42.926666,-78.839279,1596114242,23,23004,0,2052,
1720,12,19,12003,0,99999,9999,nghmp,561,42.908932,-78.899879,1596114080,12,12003,1,2010,
1801,3,19,3001,0,-60,548,sklmt,547,42.963436,-78.901550,1596114274,3,3001,0,3001,
1802,34,20,34004,0,60,551,hazwd,552,43.035126,-78.810211,1596114202,34,34004,0,3024,
1806,25,20,20006,0,120,549,dlwkn,551,42.946083,-78.868240,1596114261,20,20006,0,3041,
1807,55,20,55036,0,0,553,mlnfb,553,43.090210,-78.996399,1596114257,55,55036,0,3107,
1808,50,20,55034,0,-120,549,prtc,547,43.114136,-79.053268,1596114232,55,55034,0,3105,
1810,5,19,11001,0,0,565,ellop,565,42.882504,-78.872337,1596114252,11,11001,0,3031,
1811,34,20,34002,0,0,561,hazwd,561,43.028858,-78.814751,1596114232,34,34002,0,3064,
1812,50,19,50020,0,60,549,casno,550,43.089081,-79.044823,1596114284,50,50020,0,3090,
1813,35,20,35001,0,-60,548,ens,547,42.979713,-78.907768,1596114291,35,35001,0,3071,
1814,40,20,40001,0,-300,546,giplz,541,43.016483,-78.957832,1596114260,40,40001,0,3076,
1815,5,20,5003,0,99999,9999,ngvrg,519,42.953838,-78.906021,1596114288,5,5003,0,3016,
1818,32,20,32004,0,0,550,twyml,550,42.902824,-78.783669,1596114172,32,32004,0,1080,
1819,4,20,4003,0,0,557,twyml,557,42.903484,-78.783333,1596113831,4,4003,0,1016,
1822,6,19,6001,0,0,570,wtfrt,570,42.880356,-78.883057,1596114075,6,6001,0,1021,
1824,15,19,15004,0,120,539,lterr,541,42.877689,-78.834778,1596114252,15,15004,0,1070,
1902,3,20,34006,0,-120,545,sklmt,543,42.954937,-78.889793,1596114282,34,34006,0,3066,
1903,25,19,5002,0,0,560,ellop,560,42.882477,-78.872185,1596113363,5,5002,0,3015,
1904,0,0,55033,6,240,561,ellop,565,42.882584,-78.872368,1596114272,55,55033,0,3103,
1905,20,20,20007,0,-60,548,elmdv,547,42.911736,-78.877022,1596114270,20,20007,0,3005,
1908,40,20,55032,0,99999,9999,prtc,550,43.099369,-79.051704,1596114261,55,55032,0,3102,
1909,3,19,3003,0,60,548,frgrt,549,42.922184,-78.890198,1596114276,3,3003,0,3003,
1910,0,0,50019,6,540,588,nfia,597,43.101624,-78.939598,1596114248,50,50019,0,3089,
1912,3,19,3007,0,0,555,ellop,555,42.882530,-78.872520,1596114012,3,3007,0,3006,
1914,5,19,20002,0,-240,544,ellop,540,42.882614,-78.872299,1596114242,20,20002,0,3037,
1915,3,20,20011,0,-120,558,sklmt,556,42.916656,-78.890533,1596114262,20,20011,0,3043,
1916,40,20,40006,0,-60,564,brrtc,563,42.890972,-78.882423,1596114262,40,40006,0,3009,
1917,5,19,20003,0,0,553,ellop,553,42.882530,-78.872444,1596114256,20,20003,0,3038,
1918,55,19,55031,0,0,550,prtc,550,43.090679,-79.059372,1596114249,55,55031,0,3101,
1921,5,20,25002,0,0,555,brrtc,555,42.918610,-78.898949,1596114279,25,25002,0,3052,
1922,35,19,35002,0,0,549,nfbsh,549,42.990852,-78.808052,1596114192,35,35002,0,3032,
2001,26,19,26002,0,-300,548,gnhar,543,42.920616,-78.784523,1596114280,26,26002,0,2079,
2004,66,19,18001,0,99999,9999,ellop,525,42.871475,-78.862915,1596114211,18,18001,1,2039,
2010,8,20,13002,0,0,548,socam,548,42.947899,-78.829865,1596114282,13,13002,0,2033,
2015,24,20,24001,0,0,550,ungen,550,42.922104,-78.784897,1596114257,24,24001,0,2064,
2122,2,20,2007,0,120,553,fern,555,42.871449,-78.795692,1596114253,2,2007,0,1037,
2128,2,19,2004,0,0,565,tcbfl,565,42.883274,-78.873001,1596113713,2,2004,0,1010,
2203,25,19,25005,0,60,546,dlwdv,547,42.927547,-78.868126,1596114277,25,25005,0,3044,
2218,50,19,50018,0,60,535,olopc,536,43.153679,-79.032387,1596114137,50,50018,0,3088,
2501,4,20,4004,0,-120,553,bdmgn,551,42.884838,-78.877319,1596114266,4,4004,0,1017,
2502,2,19,2003,0,60,547,tcbfl,548,42.882778,-78.876427,1596114247,2,2003,0,1009,
2507,19,19,19006,0,180,547,wlmba,550,42.897354,-78.814415,1596114266,19,19006,0,1069,
2508,0,0,32009,4,-540,549,brrtc,540,42.945423,-78.907211,1596114284,32,32009,0,1102,
2513,14,19,14003,0,60,564,bnmc,565,42.898674,-78.868721,1596114284,14,14003,0,1034,
2514,16,20,16002,0,-60,550,spkls,549,42.883106,-78.873001,1596114267,16,16002,0,1052,
2515,19,20,19004,0,-180,552,badlv,549,42.898041,-78.814156,1596114241,19,19004,0,1068,
2601,24,20,24008,0,0,544,airpt,544,42.934204,-78.730965,1596114227,24,24008,0,2058,
2602,23,19,23009,0,60,550,bdyfl,551,42.909809,-78.839394,1596114291,23,23009,0,2087,
2604,48,19,48003,0,-180,543,eccn,540,42.962227,-78.749763,1596114287,48,48003,0,2088,
2610,15,19,15001,0,300,545,lterr,550,42.883190,-78.880005,1596114220,15,15001,0,1043,
2611,6,20,6002,0,0,578,glrml,578,42.909481,-78.772057,1596114259,6,6002,0,1022,
2613,14,20,14006,0,-300,561,spkls,556,42.894630,-78.865227,1596114260,14,14006,0,1038,
2614,2,20,2006,0,180,557,fltbk,560,42.847523,-78.698021,1596114240,2,2006,0,1046,
2615,4,19,4002,0,-240,550,bdyfl,546,42.895042,-78.828896,1596114267,4,4002,0,1015,
2616,4,20,46001,0,0,570,twyml,570,42.902164,-78.784081,1596114261,46,46001,0,1101,
2617,32,19,32006,0,0,547,amsta,547,42.940117,-78.824463,1596114283,32,32006,0,1082,
2618,14,20,14002,0,180,548,shops,551,42.828163,-78.801949,1596114286,14,14002,0,1033,
2620,19,19,19001,0,0,547,abtba,547,42.857670,-78.828972,1596114235,19,19001,0,1065,
2625,15,20,15002,0,300,556,sogat,561,42.827805,-78.754745,1596114187,15,15002,0,1044,
2627,4,20,4001,0,60,546,bdyba,547,42.896912,-78.813782,1596114282,4,4001,0,1014,
2628,14,19,14004,0,-60,549,spkls,548,42.858879,-78.834816,1596114283,14,14004,0,1035,
2629,0,0,16004,4,-960,379,mnbfl,363,99.000000,999.000000,1596101036,16,16004,0,1054,
2630,46,19,6004,0,-480,547,ctrbd,539,42.913246,-78.672485,1596114293,6,6004,0,1024,
2701,26,20,26003,0,60,548,badlv,549,42.922596,-78.822495,1596114279,26,26003,0,2078,
2702,13,20,48002,0,-180,546,flfry,543,42.914703,-78.849297,1596114171,48,48002,0,2095,
2703,23,19,23001,0,180,562,abtba,565,42.857723,-78.828934,1596114239,23,23001,0,2049,
2705,13,19,13003,0,-60,549,flfry,548,42.914623,-78.831535,1596114281,13,13003,0,2019,
2706,12,20,12004,0,0,552,badlv,552,42.914211,-78.832733,1596114288,12,12004,0,2011,
2707,23,19,23003,0,60,550,mnfil,551,42.947651,-78.848434,1596114242,23,23003,0,2051,
2709,12,19,12011,0,-660,552,knegt,541,42.948997,-78.814270,1596114291,12,12011,0,2021,
2713,44,19,44002,0,-60,551,mlpsh,550,42.996021,-78.791229,1596114289,44,44002,0,2084,
6015,444,99,444444,99,99999,9999,,9999,42.941711,-78.892212,1596114103,444,0,0,444444,
8149,45,99,45991,99,99999,9999,,9999,42.921581,-78.817581,1596113512,45,0,0,45991,
8152,45,99,45990,99,99999,9999,,9999,42.921719,-78.817619,1596114146,45,0,0,45990,
8205,45,99,45205,99,99999,9999,,9999,42.930489,-78.695717,1596114069,45,0,0,45205,
8208,45,99,45208,99,99999,9999,,9999,42.959641,-78.827553,1596114258,45,0,0,45208,
8211,45,99,45211,99,99999,9999,,9999,42.958981,-78.881676,1596114216,45,0,0,45211,
8213,45,99,45213,99,99999,9999,,9999,42.923286,-78.878143,1596114198,45,0,0,45213,
8217,45,99,45217,99,99999,9999,,9999,42.940857,-78.798485,1596114185,45,0,0,45217,
8218,45,99,45218,99,99999,9999,,9999,42.961346,-78.816238,1596114064,45,0,0,45218,
8219,45,99,45219,99,99999,9999,,9999,43.052589,-78.801201,1596114212,45,0,0,45219,
8220,45,99,45220,99,99999,9999,,9999,42.930931,-78.696907,1596114263,45,0,0,45220,
8221,45,99,45221,99,99999,9999,,9999,42.915585,-78.876282,1596114292,45,0,0,45221,
8222,45,99,45222,99,99999,9999,,9999,42.903156,-78.779282,1596114242,45,0,0,45222,
8224,45,99,45224,99,99999,9999,,9999,42.919876,-78.733833,1596114246,45,0,0,45224,
8225,45,99,45225,99,99999,9999,,9999,42.888386,-78.815979,1596114261,45,0,0,45225,
8226,45,99,45226,99,99999,9999,,9999,43.091034,-78.966949,1596114245,45,0,0,45226,
8227,45,99,45227,99,99999,9999,,9999,42.987114,-78.875313,1596114255,45,0,0,45227,
8229,45,99,45229,99,99999,9999,,9999,42.955681,-78.873116,1596114253,45,0,0,45229,
8230,45,99,45230,99,99999,9999,,9999,42.970860,-78.696983,1596114175,45,0,0,45230,
8231,45,99,45231,99,99999,9999,,9999,42.940170,-78.817688,1596114265,45,0,0,45231,
8232,45,99,45232,99,99999,9999,,9999,42.905960,-78.848366,1596114250,45,0,0,45232,
8233,45,99,45233,99,99999,9999,,9999,99.000000,999.000000,1596113295,45,0,0,45233,
8234,45,99,45234,99,99999,9999,,9999,42.988049,-78.815567,1596114099,45,0,0,45234,
8236,45,99,45236,99,99999,9999,,9999,99.000000,999.000000,1596099746,45,0,0,45236,
8239,45,99,45239,99,99999,9999,,9999,42.960491,-78.890984,1596114085,45,0,0,45239,
8240,45,99,45240,99,99999,9999,,9999,42.854645,-78.754936,1596114274,45,0,0,45240,
8241,45,99,45241,99,99999,9999,,9999,42.977570,-78.737366,1596114291,45,0,0,45241,
8308,45,99,45308,99,99999,9999,,9999,42.876453,-78.867531,1596114276,45,0,0,45308,
8310,45,99,45310,99,99999,9999,,9999,42.955929,-78.871292,1596113995,45,0,0,45310,
