1002,26,20,26008,0,-60,1063,badlv,1062,42.922131,-78.856888,1596144660,26,26008,0,2082,
1003,23,19,23017,0,180,1059,abtba,1062,42.879452,-78.839279,1596144625,23,23017,0,2055,
1004,64,20,12022,0,240,1043,mlptr,1047,43.118729,-78.696754,1596144483,12,12022,0,2028,
1005,48,20,48006,0,60,1055,ehmal,1056,42.965416,-78.704018,1596144631,48,48006,0,2098,
1006,23,20,23020,0,-120,1055,bdyfl,1053,42.878376,-78.839577,1596144661,23,23020,0,2062,
1007,24,19,24015,0,120,1054,genfl,1056,42.910854,-78.818321,1596144626,24,24015,0,2072,
1008,0,0,23015,5,-180,1056,colds,1053,42.925842,-78.853577,1596144628,23,23015,0,2058,
1010,66,20,66003,0,0,1062,mlptr,1062,43.014721,-78.696686,1596144569,66,66003,0,2056,
1011,24,20,24018,0,-120,1081,holtz,1079,42.889790,-78.869728,1596144629,24,24018,0,2074,
1013,12,19,13008,0,60,1060,filut,1061,42.914734,-78.813820,1596144658,13,13008,0,2038,
1014,26,20,18005,0,0,1075,twyml,1075,42.903126,-78.783524,1596144668,18,18005,0,2043,
1016,24,19,24017,0,0,1058,ungen,1058,42.926037,-78.742500,1596144649,24,24017,0,2070,
1018,12,20,12023,0,0,1050,ctyli,1050,42.958649,-78.814568,1596144636,12,12023,0,2029,
1020,4,19,2009,0,-60,1058,michl,1057,42.903759,-78.780434,1596144639,2,2009,0,1012,
1021,32,20,32011,0,-840,1054,glrml,1040,42.907417,-78.754524,1596144646,32,32011,0,1083,
1022,19,19,19009,0,60,1052,wlmba,1053,42.888443,-78.814308,1596144628,19,19009,0,1070,
1023,72,20,16008,0,0,1063,slade,1063,42.876122,-78.798935,1596144669,16,16008,0,1059,
1026,1,20,1003,0,-540,1058,wmbck,1049,42.884949,-78.855438,1596144635,1,1003,0,1006,
1027,4,20,4007,0,-180,1061,bdmgn,1058,42.883381,-78.876167,1596144648,4,4007,0,1017,
1028,32,19,32020,0,-420,1059,ungen,1052,42.908463,-78.759361,1596144626,32,32020,0,1093,
1030,4,20,32021,0,0,1059,bdyba,1059,42.893337,-78.837418,1596144672,32,32021,0,1092,
1032,76,20,76002,0,180,1052,angla,1055,42.641575,-79.027771,1596144640,76,76002,0,1103,
1033,32,19,32019,0,0,1057,dlwam,1057,42.940334,-78.844086,1596144641,32,32019,0,1091,
1034,15,20,15010,0,0,1069,sogat,1069,42.827446,-78.754448,1596144126,15,15010,0,1050,
1037,19,19,19014,0,0,1065,abtba,1065,42.857616,-78.828636,1596144662,19,19014,0,1075,
1038,6,20,6008,0,0,1061,twyml,1061,42.905712,-78.807198,1596144674,6,6008,0,1028,
1039,69,20,69002,0,300,1039,ctrbd,1044,42.890396,-78.814232,1596144673,69,69002,0,1097,
1040,15,19,15006,0,-60,1053,scl,1052,42.842983,-78.789925,1596144623,15,15006,0,1047,
1041,16,20,16016,0,-60,1056,spkls,1055,42.878929,-78.868019,1596144623,16,16016,0,1064,
1042,16,20,16015,0,0,1053,splke,1053,42.801186,-78.823982,1596144668,16,16015,0,1063,
1043,14,20,14011,0,0,1057,abtba,1057,42.868999,-78.851753,1596144645,14,14011,0,1041,
1044,0,0,6014,4,0,1057,glrml,1057,42.910278,-78.763641,1596144668,6,6014,0,1031,
1045,76,20,15007,0,-300,1068,athpr,1063,42.884098,-78.879967,1596144670,15,15007,0,1048,
1046,2,20,4009,0,0,1057,fltbk,1057,42.847469,-78.697350,1596144405,4,4009,0,1020,
1047,14,19,14007,0,0,1055,bnmc,1055,42.898617,-78.868423,1596144634,14,14007,0,1039,
1048,32,20,32013,0,60,1051,dlwam,1052,42.940498,-78.867981,1596144647,32,32013,0,1087,
1049,4,20,4006,0,180,1054,twyml,1057,42.903896,-78.780281,1596144658,4,4006,0,1019,
1050,70,20,70002,0,99999,9999,fern,990,42.877525,-78.834106,1596144670,70,70002,1,1080,
1052,0,0,15008,5,0,1068,babck,1068,42.853161,-78.754601,1596144652,15,15008,0,1046,
1055,26,19,26007,0,-60,1055,gnhar,1054,42.911018,-78.784264,1596144647,26,26007,0,2081,
1057,13,19,13005,0,-300,1050,utica,1045,42.911461,-78.865227,1596144659,13,13005,0,2035,
1059,23,19,23021,0,0,1053,mnfil,1053,42.942013,-78.836227,1596144664,23,23021,0,2063,
1061,44,19,47005,0,0,1050,socam,1050,42.954277,-78.820747,1596144340,47,47005,0,2092,
1062,49,20,44007,0,-120,1059,mlpsh,1057,42.962391,-78.813896,1596144638,44,44007,0,2088,
1065,8,20,44006,0,60,1038,utica,1039,42.940033,-78.839020,1596144650,44,44006,0,2089,
1104,49,19,47004,0,0,1065,socam,1065,42.954552,-78.821190,1596144648,47,47004,0,2093,
1105,44,20,44008,0,0,1066,lkpt,1066,43.084656,-78.696686,1596144647,44,44008,0,2087,
1106,23,19,23019,0,-540,1068,hrtpk,1059,42.940857,-78.905426,1596144677,23,23019,0,2021,
1107,8,19,13007,0,0,1050,wtfrt,1050,42.880112,-78.882790,1596144465,13,13007,0,2037,
1109,48,19,8007,0,180,1054,socam,1057,42.960300,-78.811958,1596144653,8,8007,0,2004,
1110,18,20,18006,0,0,1055,genjf,1055,42.884178,-78.853943,1596144650,18,18006,0,2042,
1111,23,20,23012,0,-300,1054,flfry,1049,42.907143,-78.839058,1596144660,23,23012,0,2057,
1112,0,0,12020,6,-240,1052,mnaln,1048,42.904999,-78.868164,1596144661,12,12020,0,2022,
1113,24,19,24020,0,60,1054,marmn,1055,42.879173,-78.876053,1596144679,24,24020,0,2076,
1114,12,20,12016,0,0,1056,knegt,1056,42.929829,-78.802284,1596144622,12,12016,0,2026,
1115,44,19,44009,0,-120,1063,flint,1061,43.040958,-78.750839,1596144667,44,44009,0,2090,
1116,23,19,23014,0,0,1060,abtba,1060,42.857586,-78.828712,1596144597,23,23014,0,2061,
1118,66,20,23018,0,480,1061,mntrn,1069,42.961372,-78.753487,1596144658,23,23018,0,2020,
1119,12,19,12013,0,0,1054,knegt,1054,42.948833,-78.803658,1596144647,12,12013,0,2024,
1120,12,19,12012,0,240,1056,nghmp,1060,42.910938,-78.899879,1596144642,12,12012,0,2023,
1124,13,20,8008,0,60,1052,socam,1053,42.954250,-78.820633,1596144660,8,8008,0,2007,
1126,23,20,23011,0,60,1052,hrtpk,1053,42.947651,-78.844490,1596144629,23,23011,0,2059,
1127,22,19,22006,0,0,1051,bstmn,1051,42.904503,-78.867607,1596144654,22,22006,0,2047,
1128,12,20,12017,0,-180,1060,badlv,1057,42.910389,-78.832581,1596144636,12,12017,0,2027,
1129,12,20,12024,0,0,1051,elmut,1051,42.911240,-78.877769,1596144644,12,12024,0,2030,
1130,22,20,22004,0,60,1055,twyml,1056,42.903267,-78.783371,1596144573,22,22004,0,2046,
1201,42,20,42007,0,-60,1051,sogat,1050,42.827614,-78.754448,1596144671,42,42007,0,1100,
1202,2,20,2008,0,0,1050,fern,1050,42.871365,-78.795212,1596144630,2,2008,0,1011,
1203,6,19,6013,0,-180,1063,wtfrt,1060,42.888142,-78.869545,1596144624,6,6013,0,1030,
1204,4,20,46003,0,99999,9999,twyml,1050,42.902523,-78.783745,1596143981,46,46003,0,1102,
1205,1,19,1005,0,0,1055,tcbfl,1055,42.883549,-78.872780,1596144654,1,1005,0,1004,
1206,2,20,4005,0,0,1056,cltfl,1056,42.883137,-78.861427,1596144637,4,4005,0,1018,
1207,70,20,16012,0,0,1061,trfcr,1061,42.825027,-78.670853,1596144660,16,16012,0,1058,
1211,15,20,32014,0,0,1061,scl,1061,42.865646,-78.822304,1596144666,32,32014,0,1085,
1212,19,19,19011,0,0,1060,bagen,1060,42.931892,-78.813744,1596144648,19,19011,0,1071,
1213,12,20,12014,0,120,1063,ctyli,1065,42.958733,-78.814568,1596144680,12,12014,0,2025,
1301,155,20,155003,0,-300,1055,4pts,1050,43.088451,-78.983780,1596144665,155,155003,0,3114,
1501,0,0,50024,4,99999,9999,prtc,775,43.009056,-78.957497,1596126076,50,50024,0,3091,
1502,34,19,34009,0,99999,9999,socam,895,43.036171,-78.821075,1596144639,34,34009,0,3069,
1504,50,20,50025,0,0,1059,nftc,1059,43.100689,-78.979866,1596144662,50,50025,0,3095,
1505,5,20,3013,0,0,1066,kenml,1066,42.946770,-78.907845,1596144676,3,3013,0,3007,
1506,52,19,52030,0,-180,1063,lkhyd,1060,43.099174,-79.051041,1596144620,52,52030,0,3100,
1507,50,19,40010,0,0,1057,prtc,1057,43.088009,-79.059151,1596144547,40,40010,0,3082,
1508,35,19,35006,0,0,1058,ens,1058,42.981064,-78.878250,1596144641,35,35006,0,3074,
1511,40,20,35005,0,-300,1051,prtc,1046,43.098900,-79.050850,1596144669,35,35005,0,3072,
1517,55,20,55041,0,-240,1065,nfia,1061,43.097664,-78.975586,1596144632,55,55041,0,3109,
1518,3,20,3016,0,0,1053,tonvl,1053,42.959805,-78.908104,1596144664,3,3016,0,3079,
1519,60,20,40012,0,-180,1061,giplz,1058,42.972454,-78.912270,1596144622,40,40012,0,3084,
1520,52,20,52028,0,0,1061,prtc,1061,43.112705,-79.045197,1596144626,52,52028,0,3099,
1601,5,20,20013,0,60,1049,socam,1050,42.954609,-78.820778,1596144477,20,20013,0,3045,
1603,40,19,40011,0,180,1057,tcbfl,1060,42.893585,-78.885025,1596144656,40,40011,0,3083,
1605,25,19,25006,0,0,1050,ellop,1050,42.882477,-78.872223,1596144181,25,25006,0,3058,
1606,25,19,25009,0,0,1057,dlwkn,1057,42.977570,-78.871964,1596144671,25,25009,0,3059,
1608,5,20,5021,0,-60,1056,ngfry,1055,42.902771,-78.893517,1596144674,5,5021,0,3029,
1610,3,19,3012,0,0,1070,ellop,1070,42.882366,-78.873001,1596144666,3,3012,0,3009,
1612,11,19,11005,0,-180,1056,clvkn,1053,42.976059,-78.858559,1596144667,11,11005,0,3034,
1615,5,19,34010,0,0,1060,ellop,1060,42.882584,-78.872299,1596143889,34,34010,0,3065,
1616,25,19,25011,0,180,1055,ellop,1058,42.886215,-78.877281,1596144671,25,25011,0,3057,
1617,25,20,20015,0,99999,9999,mdcty,1060,43.029819,-78.870773,1596144675,20,20015,1,3042,
1622,5,19,3018,0,120,1059,ellop,1061,42.882366,-78.872963,1596144679,3,3018,0,3012,
1701,5,20,11006,0,99999,9999,socam,1065,42.954441,-78.821045,1596144487,11,11006,0,3035,
1702,3,20,3019,0,0,1067,sklmt,1067,42.920204,-78.890388,1596144622,3,3019,0,3013,
1703,5,19,5017,0,0,1055,ellop,1055,42.882614,-78.872444,1596144581,5,5017,0,3028,
1708,55,19,55038,0,60,1060,casno,1061,43.095161,-79.033546,1596144627,55,55038,0,3108,
1711,5,19,35007,0,60,1055,kenml,1056,42.958679,-78.873489,1596144645,35,35007,0,3075,
1713,5,20,20020,0,99999,9999,kenml,1051,42.947102,-78.907959,1596143886,20,20020,0,3050,
1714,61,20,3010,0,300,1053,cantn,1058,42.994648,-78.882980,1596144623,3,3010,0,3008,
1715,25,20,25012,0,-180,1059,orch,1056,42.965992,-78.870399,1596144642,25,25012,0,3056,
1716,50,19,50022,0,99999,9999,lwstn,1033,43.154312,-79.030121,1596143137,50,50022,0,3094,
1720,18,19,12025,0,60,1061,spkls,1062,42.890972,-78.854057,1596144658,12,12025,0,2031,
1801,5,20,25007,0,120,1052,socam,1054,42.957001,-78.819481,1596144672,25,25007,0,3054,
1802,0,0,25014,4,0,1063,tonvl,1063,42.959171,-78.890945,1596144643,25,25014,0,3062,
1803,55,20,40008,0,-120,1058,pnhyd,1056,43.087845,-79.059189,1596144562,40,40008,0,3080,
1806,3,19,3017,0,0,1060,frgrt,1060,42.936485,-78.888786,1596144656,3,3017,0,3011,
1807,11,20,20016,0,0,1066,clvkn,1066,42.925953,-78.867531,1596144676,20,20016,0,3047,
1808,34,20,34012,0,-60,1061,audbn,1060,43.016674,-78.822159,1596144634,34,34012,0,3093,
1809,40,19,40009,0,0,1054,ngvln,1054,42.976059,-78.932373,1596144680,40,40009,0,3081,
1810,3,19,20018,0,0,1056,trcem,1056,42.902908,-78.888565,1596144680,20,20018,0,3048,
1811,20,20,20019,0,120,1058,orch,1060,42.988514,-78.873192,1596144645,20,20019,0,3049,
1812,25,20,25013,0,120,1058,dlwkn,1060,42.939785,-78.867531,1596144652,25,25013,0,3061,
1813,40,19,55042,0,99999,9999,tcbfl,1035,42.905216,-78.895859,1596144634,55,55042,0,3110,
1815,11,20,11002,0,99999,9999,dlwnr,1013,43.005756,-78.847137,1596144630,11,11002,0,3032,
1816,5,20,5012,0,0,1059,ngvrg,1059,42.883190,-78.873825,1596144672,5,5012,0,3026,
1817,16,19,16014,0,-120,1051,splke,1049,42.795078,-78.823830,1596144674,16,16014,0,1062,
1819,42,19,42006,0,0,1050,mohel,1050,42.886959,-78.872337,1596144650,42,42006,0,1099,
1820,4,19,2011,0,0,1059,tcbfl,1059,42.885857,-78.872932,1596144664,2,2011,0,1013,
1821,15,19,15009,0,0,1057,lterr,1057,42.883137,-78.879707,1596144557,15,15009,0,1049,
1822,19,20,19012,0,1920,1048,socam,1080,42.954994,-78.820076,1596144655,19,19012,0,1074,
1824,0,0,42004,6,99999,9999,lterr,1027,42.876671,-78.783333,1596144624,42,42004,0,1098,
1902,155,19,155004,0,-120,1053,ltity,1051,43.094059,-79.014038,1596144679,155,155004,0,3115,
1903,5,19,5018,0,240,1056,ngvrg,1060,42.904503,-78.895340,1596144631,5,5018,0,3025,
1904,0,0,5022,4,0,1081,covhl,1081,42.959229,-78.890869,1596144670,5,5022,0,3030,
1905,34,19,34007,0,0,1065,nfbma,1065,43.030918,-78.806671,1596144549,34,34007,0,3067,
1907,20,20,20014,0,0,1061,elken,1061,42.939426,-78.878510,1596144679,20,20014,0,3046,
1909,3,20,5020,0,120,1055,tonvl,1057,42.960079,-78.896713,1596144673,5,5020,0,3023,
1910,20,20,20017,0,0,1055,elmnr,1055,42.895454,-78.876877,1596144651,20,20017,0,3044,
1911,40,19,40015,0,0,1051,casno,1051,43.086414,-79.059151,1596144637,40,40015,0,3107,
1912,34,19,34008,0,0,1060,socam,1060,42.955158,-78.820930,1596144666,34,34008,0,3068,
1914,55,20,40014,0,0,1051,nfia,1051,43.100964,-78.940933,1596144645,40,40014,0,3085,
1915,0,0,55043,4,420,1057,prtc,1064,43.099369,-79.051674,1596144663,55,55043,0,3111,
1917,40,20,40016,0,0,1057,falls,1057,43.075359,-79.006409,1596144651,40,40016,0,3086,
1918,20,19,5016,0,360,1049,ellop,1055,42.889404,-78.888786,1596144652,5,5016,0,3024,
1919,20,19,34011,0,0,1058,elmnr,1058,42.918804,-78.877098,1596144638,34,34011,0,3070,
1920,5,19,5014,0,0,1055,brrtc,1055,42.956863,-78.911827,1596144649,5,5014,0,3027,
1921,3,20,11003,0,0,1064,frgrt,1064,42.894852,-78.880936,1596144676,11,11003,0,3033,
1922,20,19,3009,0,-120,1053,elken,1051,42.966763,-78.878845,1596144653,3,3009,0,3010,
2011,26,19,26006,0,120,1058,ngdlv,1060,42.922268,-78.879372,1596144674,26,26006,0,2080,
2015,13,19,13006,0,-180,1056,dlvgr,1053,42.927601,-78.830643,1596144645,13,13006,0,2036,
2203,0,0,5013,5,-840,1059,front,1045,42.956284,-78.890015,1596144655,5,5013,0,3022,
2215,35,20,35004,0,-60,1051,dlwsh,1050,42.980732,-78.873192,1596144630,35,35004,0,3073,
2218,25,20,25010,0,-60,1057,mdcty,1056,43.050636,-78.876389,1596144548,25,25010,0,3060,
2501,0,0,6012,5,1200,9999,,9999,42.881073,-78.827072,1596144625,6,6012,0,1026,
2503,0,0,16010,5,540,9999,,9999,42.882118,-78.825844,1596144650,16,16010,0,1056,
2504,19,20,19010,0,-180,1058,wlmba,1055,42.866360,-78.824394,1596144658,19,19010,0,1073,
2511,74,20,74003,0,99999,9999,hrmhl,1052,42.757790,-78.763382,1596144642,74,74003,1,1081,
2512,14,19,14008,0,-60,1055,mcmal,1054,42.784519,-78.811546,1596144676,14,14008,0,1040,
2601,8,19,8006,0,0,1053,mnmgn,1053,42.919628,-78.860497,1596144658,8,8006,0,2006,
2602,64,20,8005,0,0,1064,crspt,1064,43.003860,-78.826698,1596144664,8,8005,0,2005,
2605,47,19,48004,0,-180,1046,eccn,1043,42.954578,-78.738113,1596144523,48,48004,0,2097,
2606,23,20,23013,0,0,1053,brrtc,1053,42.941681,-78.903862,1596144637,23,23013,0,2060,
2607,14,19,14012,0,-480,1056,mercy,1048,42.828354,-78.804741,1596144663,14,14012,0,1042,
2608,32,19,32018,0,0,1060,brrtc,1060,42.945587,-78.907028,1596144644,32,32018,0,1090,
2611,1,19,32017,0,0,1055,wmbck,1055,42.889790,-78.813820,1596144647,32,32017,0,1089,
2612,6,20,32010,0,-420,1062,sycmg,1055,42.878460,-78.876427,1596144657,32,32010,0,1086,
2613,72,20,14009,0,99999,9999,eccs,1038,42.884674,-78.814415,1596144623,14,14009,1,1036,
2614,6,19,6009,0,-240,1059,wldba,1055,42.907116,-78.795731,1596144630,6,6009,0,1029,
2615,0,0,19015,4,240,1046,socam,1050,42.955132,-78.820518,1596144639,19,19015,0,1076,
2616,2,19,2010,0,0,1051,tcbfl,1051,42.883904,-78.872856,1596144649,2,2010,0,1082,
2617,74,20,1004,0,0,1070,athpr,1070,42.879753,-78.869881,1596144649,1,1004,0,1005,
2618,0,0,1006,5,240,9999,,9999,42.882092,-78.825844,1596144677,1,1006,0,1003,
2620,46,19,32015,0,-240,1059,twyml,1055,42.913826,-78.769005,1596144664,32,32015,0,1084,
2623,16,19,16009,0,180,1057,bnmc,1060,42.898506,-78.868385,1596144666,16,16009,0,1060,
2624,0,0,32022,4,-180,1058,tcbfl,1055,42.884346,-78.867867,1596144623,32,32022,0,1094,
2625,32,20,32016,0,120,1058,ungen,1060,42.945286,-78.763611,1596144676,32,32016,0,1088,
2627,0,0,4008,5,540,9999,,9999,42.882336,-78.826141,1596144664,4,4008,0,1057,
2628,19,20,19013,0,0,1053,badlv,1053,42.914871,-78.813972,1596144674,19,19013,0,1038,
2630,16,20,16013,0,300,1063,mnbfl,1068,42.715714,-78.827782,1596144542,16,16013,0,1061,
2701,24,20,24016,0,120,1055,andrw,1057,42.914871,-78.808685,1596144643,24,24016,0,2073,
2704,12,19,12018,0,60,1058,utica,1059,42.911049,-78.843262,1596144655,12,12018,0,2017,
2706,24,20,24014,0,120,1071,airpt,1073,42.934174,-78.730743,1596144620,24,24014,0,2071,
2707,22,20,22005,0,0,1051,bstmn,1051,42.904476,-78.868126,1596144672,22,22005,0,2048,
2708,0,0,24019,6,900,1073,airpt,1088,42.934174,-78.731003,1596144573,24,24019,0,2075,
2713,67,20,47003,0,-60,1052,cywrl,1051,42.947071,-78.744774,1596144651,47,47003,0,2091,
8145,45,99,45145,99,99999,9999,,9999,42.882694,-78.872635,1596143507,45,0,0,45145,
8206,45,99,45206,99,99999,9999,,9999,42.918747,-78.706772,1596144635,45,0,0,45206,
8208,45,99,45208,99,99999,9999,,9999,42.991264,-78.822716,1596144645,45,0,0,45208,
8211,45,99,45211,99,99999,9999,,9999,42.927299,-78.754524,1596144676,45,0,0,45211,
8213,45,99,45213,99,99999,9999,,9999,42.991814,-78.816650,1596144434,45,0,0,45213,
8218,45,99,45218,99,99999,9999,,9999,42.978947,-78.911789,1596144640,45,0,0,45218,
8222,45,99,45222,99,99999,9999,,9999,42.881237,-78.698914,1596144564,45,0,0,45222,
8224,45,99,45224,99,99999,9999,,9999,42.943607,-78.799454,1596144511,45,0,0,45224,
8225,45,99,45225,99,99999,9999,,9999,43.046181,-78.800385,1596144679,45,0,0,45225,
8229,45,99,45229,99,99999,9999,,9999,42.978119,-78.858826,1596144678,45,0,0,45229,
8231,45,99,45231,99,99999,9999,,9999,42.797031,-78.751099,1596144624,45,0,0,45231,
8233,45,99,45233,99,99999,9999,,9999,99.000000,999.000000,1596138517,45,0,0,45233,
8239,45,99,45239,99,99999,9999,,9999,42.960300,-78.890907,1596144578,45,0,0,45239,
8240,45,99,45240,99,99999,9999,,9999,42.959419,-78.890274,1596144666,45,0,0,45240,
