1002,26,19,26008,0,0,1324,dlvst,1324,42.922211,-78.829010,1596160574,26,26008,0,2082,
1004,8,19,12022,0,60,1318,mnaln,1319,42.902302,-78.869057,1596160580,12,12022,0,2028,
1005,48,20,48006,0,0,1326,ehmal,1326,42.957577,-78.718941,1596160608,48,48006,0,2098,
1006,23,20,23020,0,-60,1318,bdyfl,1317,42.884647,-78.839172,1596160579,23,23020,0,2062,
1007,24,20,24015,0,60,1319,genfl,1320,42.897434,-78.850891,1596160604,24,24015,0,2072,
1011,24,20,24018,0,0,1321,airpt,1321,42.928978,-78.744141,1596160487,24,24018,0,2074,
1013,13,20,13008,0,60,1322,socam,1323,42.950180,-78.813637,1596160613,13,13008,0,2038,
1014,18,20,18005,0,-60,1325,genjf,1324,42.873371,-78.851379,1596160588,18,18005,0,2043,
1018,12,20,12023,0,-600,1322,badlv,1312,42.914429,-78.825623,1596160612,12,12023,0,2029,
1020,1,19,2009,0,60,1319,tcbfl,1320,42.883080,-78.875648,1596160615,2,2009,0,1012,
1028,46,19,32020,0,-600,1317,twyml,1307,42.901863,-78.783783,1596160606,32,32020,0,1093,
1030,32,19,32021,0,-60,1319,amsta,1318,42.940117,-78.824501,1596160593,32,32021,0,1092,
1033,4,19,32019,0,0,1320,tcbfl,1320,42.883549,-78.872299,1596160500,32,32019,0,1091,
1034,15,19,15010,0,180,1317,lterr,1320,42.883549,-78.877281,1596160578,15,15010,0,1050,
1037,19,19,19014,0,60,1320,baken,1321,42.946110,-78.813782,1596160581,19,19014,0,1075,
1041,0,0,16016,6,1740,1288,mowsh,1317,42.887344,-78.872894,1596160603,16,16016,0,1064,
1042,16,19,16015,0,60,1321,mcmal,1322,42.785702,-78.823799,1596160589,16,16015,0,1063,
1043,14,20,14011,0,0,1318,mercy,1318,42.850216,-78.815163,1596160565,14,14011,0,1041,
1044,6,19,6014,0,-120,1323,wldba,1321,42.907364,-78.790337,1596160590,6,6014,0,1031,
1046,4,20,4009,0,0,1334,twyml,1334,42.903458,-78.783333,1596160561,4,4009,0,1020,
1055,22,20,26007,0,-60,1319,bstmn,1318,42.904778,-78.879593,1596160568,26,26007,0,2081,
1059,23,19,23021,0,-240,1324,hrtpk,1320,42.947704,-78.877808,1596160586,23,23021,0,2063,
1104,47,19,47004,0,0,1323,mnegt,1323,42.961098,-78.755714,1596160538,47,47004,0,2093,
1107,13,19,13007,0,120,1324,utica,1326,42.912479,-78.865562,1596160613,13,13007,0,2037,
1113,24,19,24020,0,-120,1324,marmn,1322,42.889927,-78.871811,1596160600,24,24020,0,2076,
1115,8,20,44009,0,60,1323,socam,1324,42.942673,-78.835220,1596160587,44,44009,0,2090,
1129,12,19,12024,0,0,1316,utica,1316,42.911297,-78.865593,1596160504,12,12024,0,2030,
1201,42,20,42007,0,0,1335,sogat,1335,42.827614,-78.754448,1596160473,42,42007,0,1100,
1203,6,20,6013,0,60,1323,twyml,1324,42.906811,-78.798897,1596160604,6,6013,0,1030,
1301,155,20,155003,0,0,1320,nfia,1320,43.100906,-78.940788,1596160587,155,155003,0,3114,
1504,50,20,50025,0,180,1320,mlnfb,1323,43.078110,-78.961777,1596160581,50,50025,0,3095,
1506,52,19,52030,0,-120,1323,lkhyd,1321,43.101704,-79.052040,1596160547,52,52030,0,3100,
1508,35,19,35006,0,0,1324,wtrgt,1324,42.975262,-78.909782,1596160559,35,35006,0,3074,
1608,5,19,5021,0,60,1318,ngvrg,1319,42.896637,-78.887894,1596160594,5,5021,0,3029,
1612,11,19,11005,0,0,1320,ellop,1320,42.886051,-78.878700,1596160588,11,11005,0,3034,
1622,3,20,3018,0,120,1323,sklmt,1325,42.938133,-78.889793,1596160569,3,3018,0,3012,
1701,5,20,11006,0,99999,9999,socam,1065,43.013817,-78.859383,1596160587,11,11006,0,3035,
1702,3,19,3019,0,-120,1325,frgrt,1323,42.941628,-78.891991,1596160602,3,3019,0,3013,
1711,35,19,35007,0,180,1320,nfbsh,1323,42.990879,-78.817024,1596160567,35,35007,0,3075,
1713,20,20,20020,0,99999,9999,elken,1321,42.923065,-78.876984,1596160176,20,20020,0,3050,
1720,12,20,12025,0,0,1330,ctyli,1330,42.958706,-78.814568,1596160517,12,12025,0,2031,
1802,25,19,25014,0,0,1319,orch,1319,43.005096,-78.874458,1596160561,25,25014,0,3062,
1806,0,0,3017,6,0,1321,nftc,1321,43.100716,-78.979866,1596160516,3,3017,0,3011,
1810,20,19,20018,0,0,1320,ellop,1320,42.882614,-78.872299,1596160601,20,20018,0,3048,
1811,20,19,20019,0,0,1327,elmdv,1327,42.955158,-78.878441,1596160566,20,20019,0,3049,
1812,25,20,25013,0,-60,1317,dlwnr,1316,42.899250,-78.873970,1596160573,25,25013,0,3061,
1813,55,20,55042,0,0,1316,nftc,1316,43.100796,-78.980652,1596160610,55,55042,0,3110,
1817,0,0,16014,5,0,1336,babck,1336,42.800167,-78.815346,1596160594,16,16014,0,1062,
1819,42,19,42006,0,99999,9999,mohel,1306,42.882614,-78.872368,1596160570,42,42006,1,1099,
1820,2,20,2011,0,0,1319,fern,1319,42.871391,-78.795357,1596160525,2,2011,0,1013,
1821,15,20,15009,0,0,1342,sogat,1342,42.827446,-78.754417,1596160596,15,15009,0,1049,
1822,0,0,19012,5,60,1320,babck,1321,42.884621,-78.814117,1596160575,19,19012,0,1074,
1902,155,19,155004,0,0,1320,falls,1320,43.084213,-79.060677,1596160362,155,155004,0,3115,
1904,5,20,5022,0,60,1319,socam,1320,42.958046,-78.821564,1596160591,5,5022,0,3030,
1915,55,19,55043,0,0,1321,nfb56,1321,43.089001,-78.973541,1596160582,55,55043,0,3111,
1916,40,20,40017,0,-120,1322,falls,1320,43.074699,-79.003578,1596160583,40,40017,0,3087,
1917,40,19,40016,0,0,1325,tcbfl,1325,42.883381,-78.872368,1596160572,40,40016,0,3086,
1919,34,19,34011,0,0,1320,socam,1320,42.954716,-78.820480,1596160614,34,34011,0,3070,
2011,26,20,26006,0,-60,1319,badlv,1318,42.921772,-78.835449,1596160583,26,26006,0,2080,
2607,14,19,14012,0,-180,1323,mcmal,1320,42.777836,-78.789627,1596160517,14,14012,0,1042,
2608,32,20,32018,0,180,1317,twyml,1320,42.902851,-78.783897,1596160243,32,32018,0,1090,
2611,32,19,32017,0,0,1320,brrtc,1320,42.945396,-78.907097,1596160547,32,32017,0,1089,
2615,19,20,19015,0,-60,1320,wlmba,1319,42.873154,-78.819443,1596160597,19,19015,0,1076,
2624,32,20,32022,0,0,1318,clwbr,1318,42.944843,-78.793236,1596160549,32,32022,0,1094,
2625,1,19,32016,0,120,1304,tcbfl,1306,42.884838,-78.870773,1596160464,32,32016,0,1088,
2701,44,20,24016,0,60,1322,wnbrg,1323,42.998276,-78.775185,1596160606,24,24016,0,2073,
2706,24,19,24014,0,0,1318,bagen,1318,42.916851,-78.803734,1596160564,24,24014,0,2071,
2708,0,0,24019,6,-540,1333,wtfrt,1324,42.932499,-78.814117,1596160584,24,24019,0,2075,
8211,45,99,45211,99,99999,9999,,9999,43.069035,-78.849625,1596160588,45,0,0,45211,
8233,45,99,45233,99,99999,9999,,9999,99.000000,999.000000,1596155806,45,0,0,45233,
