1001,26,19,22001,0,0,495,ngdlv,495,42.922131,-78.897942,1596111089,22,22001,0,2044,
1002,22,19,8003,0,0,498,bstgn,498,42.904751,-78.814789,1596111198,8,8003,0,2003,
1003,12,19,12002,0,60,501,filut,502,42.914703,-78.817467,1596111202,12,12002,0,2009,
1004,13,20,44001,0,120,499,socam,501,42.954334,-78.820076,1596110810,44,44001,0,2083,
1006,12,19,12009,0,240,478,nghmp,482,42.911266,-78.881416,1596111238,12,12009,0,2018,
1007,48,19,8002,0,0,498,mnegt,498,42.962692,-78.781364,1596111242,8,8002,0,2002,
1008,12,19,12001,0,120,494,utica,496,42.911297,-78.865669,1596111205,12,12001,0,2008,
1010,12,20,12007,0,120,494,socam,496,42.954773,-78.821114,1596111204,12,12007,0,2014,
1011,12,20,12008,0,0,502,badlv,502,42.914486,-78.831985,1596111252,12,12008,0,2096,
1017,22,19,26001,0,0,523,lkv,523,42.898151,-78.893738,1596111196,26,26001,0,2077,
1018,18,20,18003,0,-60,495,dlvst,494,42.918335,-78.853981,1596111216,18,18003,0,2016,
1021,42,19,42001,0,240,497,mohel,501,42.881210,-78.874718,1596111229,42,42001,0,1095,
1022,6,19,6006,0,-180,499,sycfl,496,42.903374,-78.821228,1596111247,6,6006,0,1027,
1025,14,20,14001,0,-360,502,spkls,496,42.882721,-78.874344,1596111218,14,14001,0,1032,
1026,42,20,42002,0,0,500,sogat,500,42.828659,-78.784157,1596111214,42,42002,0,1096,
1027,2,19,2002,0,0,495,tcbfl,495,42.883381,-78.872597,1596111223,2,2002,0,1008,
1029,74,19,74002,0,120,495,ellop,497,42.884594,-78.869804,1596111234,74,74002,0,1005,
1030,6,20,6003,0,-120,495,sycmg,493,42.888004,-78.870064,1596111227,6,6003,0,1023,
1031,1,20,1002,0,-60,498,nolvj,497,42.884758,-78.814453,1596111218,1,1002,0,1002,
1032,16,20,16006,0,0,497,rdgsp,497,42.837349,-78.823944,1596111214,16,16006,0,1057,
1033,16,20,16005,0,180,499,mcmal,502,42.789993,-78.823906,1596111221,16,16005,0,1025,
1037,14,19,14005,0,120,502,bnmc,504,42.884838,-78.872261,1596111246,14,14005,0,1018,
1038,0,0,32007,6,99999,9999,twyml,520,42.902771,-78.783707,1596111021,32,32007,0,1072,
1039,19,20,19002,0,60,499,socam,500,42.954414,-78.821007,1596110910,19,19002,0,1066,
1040,6,20,6005,0,0,518,glrml,518,42.910084,-78.763641,1596111032,6,6005,0,1084,
1044,32,19,32001,0,0,502,ungen,502,42.908379,-78.759361,1596111248,32,32001,0,1077,
1045,19,19,19007,0,0,507,abtba,507,42.857643,-78.828636,1596111042,19,19007,0,1085,
1047,4,19,70001,0,0,495,tcbfl,495,42.882942,-78.875237,1596111225,70,70001,0,1079,
1048,46,19,46002,0,-60,502,glrml,501,42.909592,-78.733124,1596111212,46,46002,0,1036,
1049,19,20,19003,0,0,497,bdyba,497,42.889599,-78.814117,1596111235,19,19003,0,1067,
1050,32,19,32002,0,0,515,brrtc,515,42.945396,-78.906837,1596110958,32,32002,0,1078,
1052,2,20,2001,0,99999,9999,fltbk,355,42.884178,-78.772507,1596111216,2,2001,1,1007,
1055,12,20,12005,0,0,495,ctyli,495,42.958649,-78.814789,1596110674,12,12005,0,2012,
1056,23,20,23002,0,60,502,bdyfl,503,42.868313,-78.846016,1596111213,23,23002,0,2050,
1057,47,19,12006,0,-180,505,eccn,502,42.935963,-78.717491,1596111237,12,12006,0,2013,
1062,24,19,24003,0,60,497,ungen,498,42.930298,-78.738518,1596111212,24,24003,0,2066,
1064,23,19,23007,0,0,498,mnfil,498,42.944954,-78.832954,1596111233,23,23007,0,2069,
1065,47,20,24007,0,99999,9999,eccn,454,42.930820,-78.735542,1596111226,24,24007,0,2035,
1104,48,20,48001,0,0,503,eccn,503,42.961319,-78.753670,1596111197,48,48001,0,2094,
1105,49,20,49001,0,-60,504,mlpsh,503,42.957661,-78.818291,1596111222,49,49001,0,2099,
1106,44,19,44003,0,-60,498,mlpsh,497,42.990055,-78.792458,1596111238,44,44003,0,2085,
1108,24,20,24006,0,0,502,airpt,502,42.928978,-78.744064,1596111243,24,24006,0,2004,
1109,8,20,8001,0,60,494,mnaln,495,42.899441,-78.869804,1596111230,8,8001,0,2001,
1110,64,19,24004,0,1200,454,mnaln,474,42.924522,-78.854767,1596111213,24,24004,0,2067,
1111,66,19,66002,0,60,495,ellop,496,42.882336,-78.872932,1596111230,66,66002,0,2057,
1112,67,19,67002,0,180,495,ellop,498,42.883026,-78.872856,1596111242,67,67002,0,2046,
1113,18,19,18002,0,-120,494,spkls,492,42.871529,-78.862915,1596111228,18,18002,0,2040,
1114,13,19,13001,0,60,504,utica,505,42.911213,-78.865036,1596111250,13,13001,0,2032,
1115,44,20,44004,0,0,502,crspt,502,43.012081,-78.770683,1596111246,44,44004,0,2086,
1116,44,19,44005,0,0,495,crspt,495,43.046982,-78.734467,1596111219,44,44005,0,2041,
1117,12,19,12010,0,99999,9999,nghmp,501,42.909012,-78.899689,1596111138,12,12010,1,2020,
1118,23,20,23008,0,0,496,flfry,496,42.907169,-78.839058,1596111236,23,23008,0,2056,
1120,64,19,24005,0,660,497,mnaln,508,42.880550,-78.875832,1596111243,24,24005,0,2068,
1123,47,20,24009,0,-60,507,airpt,506,42.959419,-78.719017,1596111245,24,24009,0,2047,
1124,23,20,23006,0,0,500,brrtc,500,42.945644,-78.907135,1596111244,23,23006,0,2054,
1127,23,19,23005,0,0,496,abtba,496,42.859760,-78.837456,1596111231,23,23005,0,2053,
1129,24,20,24002,0,0,499,bagen,499,42.903458,-78.836449,1596111217,24,24002,0,2065,
1130,8,20,8004,0,0,500,socam,500,42.954334,-78.820854,1596111059,8,8004,0,2091,
1203,15,20,15003,0,120,494,scl,496,42.848541,-78.801872,1596111200,15,15003,0,1045,
1204,14,19,16003,0,0,501,bnmc,501,42.898617,-78.868759,1596111182,16,16003,0,1053,
1205,32,20,32005,0,-300,504,bflst,499,42.936348,-78.903229,1596111210,32,32005,0,1081,
1206,16,19,16001,0,0,506,abtba,506,42.826706,-78.823982,1596111240,16,16001,0,1051,
1207,1,19,1001,0,120,498,tcbfl,500,42.884811,-78.877022,1596111237,1,1001,0,1001,
1211,15,19,42003,0,240,496,lterr,500,42.883137,-78.873894,1596111243,42,42003,0,1097,
1212,76,19,76001,0,300,496,ellop,501,42.885967,-78.876617,1596111206,76,76001,0,1026,
1213,22,20,22002,0,60,498,twyml,499,42.906731,-78.781029,1596111245,22,22002,0,2045,
1502,5,19,5005,0,99999,9999,ellop,503,42.892128,-78.883690,1596111212,5,5005,0,3018,
1504,11,19,25003,0,0,506,dlwdv,506,42.952381,-78.859047,1596111194,25,25003,0,3053,
1505,52,19,52027,0,-480,498,mlnfb,490,43.100521,-78.980576,1596111226,52,52027,0,3097,
1506,0,0,34001,6,-60,494,hazwd,493,43.028858,-78.815384,1596111251,34,34001,0,3063,
1507,20,20,20008,0,60,496,orch,497,42.982960,-78.872597,1596111242,20,20008,0,3054,
1508,5,20,5006,0,120,493,socam,495,42.954250,-78.820709,1596110980,5,5006,0,3019,
1511,3,19,5004,0,0,502,ellop,502,42.882530,-78.872406,1596110541,5,5004,0,3017,
1512,3,19,3005,0,240,494,frgrt,498,42.915394,-78.890495,1596111216,3,3005,0,3021,
1514,55,20,55035,0,120,497,mlnfb,499,43.088039,-78.977409,1596111247,55,55035,0,3106,
1517,25,20,25001,0,120,498,orch,500,42.974434,-78.871407,1596111209,25,25001,0,3051,
1519,5,20,34005,0,0,495,brrtc,495,42.943966,-78.907059,1596111221,34,34005,0,3007,
1520,40,20,40004,0,0,495,brrtc,495,42.942535,-78.906319,1596111203,40,40004,0,3078,
1601,5,20,5010,0,0,499,kenml,499,42.952984,-78.900696,1596111232,5,5010,0,3033,
1603,35,20,5011,0,240,489,covhl,493,43.008343,-78.798820,1596111232,5,5011,0,3065,
1604,5,20,5009,0,0,499,ngfry,499,42.905411,-78.896004,1596111240,5,5009,0,3072,
1605,3,20,3006,0,120,496,sklmt,498,42.953232,-78.890091,1596111232,3,3006,0,3091,
1610,20,19,5001,0,-120,500,elken,498,42.980484,-78.878777,1596111241,5,5001,0,3014,
1612,3,19,20004,0,120,502,ellop,504,42.889351,-78.877617,1596111246,20,20004,0,3039,
1614,40,20,40002,0,0,499,prtc,499,43.099422,-79.051559,1596110937,40,40002,0,3077,
1615,11,19,3004,0,60,534,ellop,535,42.882584,-78.872185,1596111234,3,3004,0,3004,
1622,5,19,5007,0,0,495,ellop,495,42.882584,-78.872108,1596110948,5,5007,0,3020,
1701,20,19,20005,0,0,495,ellop,495,42.882614,-78.872368,1596111242,20,20005,0,3040,
1702,5,20,20001,0,120,496,socam,498,42.958019,-78.821228,1596111200,20,20001,0,3036,
1703,0,0,55037,4,0,495,prtc,495,43.099396,-79.051636,1596110956,55,55037,0,3056,
1714,52,19,52026,0,0,495,olopc,495,43.154396,-79.035141,1596111143,52,52026,0,3096,
1715,11,20,3002,0,0,493,dlwdv,493,42.922626,-78.867271,1596111215,3,3002,0,3002,
1716,20,20,20009,0,180,499,elken,502,42.947567,-78.878143,1596111249,20,20009,0,3023,
1718,23,19,23004,0,60,498,bdyfl,499,42.904091,-78.839096,1596111219,23,23004,0,2052,
1720,12,19,12003,0,-300,501,knegt,496,42.949024,-78.818771,1596111237,12,12003,0,2010,
1801,3,20,3001,0,-120,502,trcem,500,42.883217,-78.873787,1596111168,3,3001,0,3001,
1802,34,19,34004,0,0,510,socam,510,42.954578,-78.819817,1596111142,34,34004,0,3024,
1803,40,19,40003,0,300,496,tcbfl,501,42.885914,-78.875725,1596111196,40,40003,0,3104,
1806,20,19,20006,0,180,502,ellop,505,42.892841,-78.877769,1596111239,20,20006,0,3041,
1807,55,19,55036,0,0,494,pnhyd,494,43.095215,-79.023827,1596111196,55,55036,0,3107,
1808,55,20,55034,0,120,492,nfia,494,43.108688,-78.986008,1596111210,55,55034,0,3105,
1809,20,20,20010,0,0,494,elmnr,494,42.901257,-78.877136,1596111200,20,20010,0,3008,
1810,34,19,11001,0,60,479,socam,480,42.958706,-78.858337,1596111230,11,11001,0,3031,
1811,34,20,34002,0,-60,507,audbn,506,42.995636,-78.822342,1596111209,34,34002,0,3064,
1812,50,20,50020,0,0,522,nftc,522,43.100742,-78.979904,1596111201,50,50020,0,3090,
1813,35,19,35001,0,0,530,brrtc,530,42.945313,-78.907135,1596111092,35,35001,0,3071,
1814,60,19,40001,0,600,492,tcbfl,502,42.883438,-78.872597,1596111218,40,40001,0,3076,
1815,61,19,5003,0,0,510,ellop,510,42.883106,-78.874977,1596111197,5,5003,0,3016,
1816,3,19,3008,0,-420,497,sklmt,490,42.963821,-78.902260,1596111194,3,3008,0,3093,
1817,32,19,32008,0,0,504,brrtc,504,42.938412,-78.878624,1596111195,32,32008,0,1004,
1818,32,20,32004,0,-240,500,knhty,496,42.939510,-78.813705,1596111211,32,32004,0,1080,
1819,4,20,4003,0,-180,495,bdmgn,492,42.886105,-78.870697,1596111224,4,4003,0,1016,
1822,6,19,6001,0,-120,498,twyml,496,42.909508,-78.771683,1596111231,6,6001,0,1021,
1824,15,20,15004,0,0,498,sogat,498,42.827751,-78.754486,1596110759,15,15004,0,1070,
1902,3,19,34006,0,0,505,ellop,505,42.882557,-78.872559,1596111082,34,34006,0,3066,
1903,25,19,5002,0,-300,501,dlwkn,496,42.981228,-78.872559,1596111235,5,5002,0,3015,
1904,40,19,55033,0,-300,508,ngvln,503,43.025036,-78.966057,1596111250,55,55033,0,3103,
1905,20,19,20007,0,60,497,elmdv,498,42.927052,-78.877060,1596111248,20,20007,0,3005,
1907,0,0,34003,5,99999,9999,,9999,42.959751,-78.891129,1596111199,34,34003,0,3098,
1908,40,20,55032,0,-120,498,falls,496,43.077534,-79.012665,1596111195,55,55032,0,3102,
1909,3,20,3003,0,-60,498,frgrt,497,42.905109,-78.888901,1596111194,3,3003,0,3003,
1910,50,20,50019,0,-120,502,prtc,500,43.120625,-79.048729,1596111225,50,50019,0,3089,
1912,3,20,3007,0,0,494,tonvl,494,42.960106,-78.907959,1596111069,3,3007,0,3006,
1914,5,19,20002,0,120,495,ngfry,497,42.918774,-78.898949,1596111219,20,20002,0,3037,
1917,5,19,20003,0,60,499,brrtc,500,42.958431,-78.909668,1596111234,20,20003,0,3038,
1918,55,19,55031,0,60,497,nfbwd,498,43.104179,-78.889900,1596111226,55,55031,0,3101,
1921,25,19,25002,0,120,498,ellop,500,42.886490,-78.878883,1596111197,25,25002,0,3052,
1922,35,20,35002,0,0,500,dlwsh,500,42.985077,-78.893959,1596111229,35,35002,0,3032,
2001,26,20,26002,0,0,498,gnhar,498,42.922791,-78.793533,1596111233,26,26002,0,2079,
2004,66,19,18001,0,0,500,mnun,500,42.966293,-78.720169,1596111098,18,18001,0,2039,
2006,81,19,47001,0,120,504,sdwsh,506,42.885391,-78.876022,1596111241,47,47001,0,2034,
2010,8,19,13002,0,0,504,wtfrt,504,42.895153,-78.871887,1596111228,13,13002,0,2033,
2015,24,19,24001,0,0,505,marmn,505,42.890450,-78.868355,1596111211,24,24001,0,2064,
2122,69,19,2007,0,480,491,hrnmn,499,42.886654,-78.872108,1596111022,2,2007,0,1037,
2128,2,19,2004,0,0,501,cltba,501,42.871750,-78.799713,1596111201,2,2004,0,1010,
2130,19,20,19005,0,-960,482,socam,466,42.955101,-78.820412,1596110830,19,19005,0,1055,
2203,0,0,25005,4,0,508,mnngr,508,42.959419,-78.890274,1596111231,25,25005,0,3044,
2215,35,19,35003,0,-120,495,dlwsh,493,42.981033,-78.861282,1596111227,35,35003,0,3042,
2218,50,19,50018,0,-120,501,casno,499,43.088314,-79.025803,1596111206,50,50018,0,3088,
2501,4,20,4004,0,180,494,twyml,497,42.903484,-78.783630,1596110563,4,4004,0,1017,
2502,2,20,2003,0,300,487,fltbk,492,42.848896,-78.698242,1596109945,2,2003,0,1009,
2503,0,0,69001,5,1080,9999,,9999,42.881596,-78.826103,1596110725,69,69001,0,1056,
2507,19,20,19006,0,300,500,socam,505,42.951061,-78.813972,1596111222,19,19006,0,1069,
2508,72,19,72001,0,99999,9999,hrnmn,503,42.884811,-78.877251,1596111230,72,72001,1,1073,
2513,14,20,14003,0,60,491,shops,492,42.832397,-78.785233,1596110822,14,14003,0,1034,
2514,16,19,16002,0,120,501,bnmc,503,42.888031,-78.871590,1596111215,16,16002,0,1052,
2515,19,19,19004,0,300,498,abtba,503,42.872437,-78.820076,1596111136,19,19004,0,1068,
2601,24,19,24008,0,-120,497,marmn,495,42.877224,-78.877808,1596111240,24,24008,0,2058,
2602,23,20,23009,0,0,500,brrtc,500,42.940968,-78.905647,1596111238,23,23009,0,2087,
2604,48,20,48003,0,360,522,ehmal,528,42.973557,-78.693962,1596111055,48,48003,0,2088,
2605,24,19,47002,0,99999,9999,marmn,456,42.955269,-78.820747,1596111135,47,47002,1,2092,
2608,32,19,32003,0,0,500,amsta,500,42.940914,-78.817390,1596111209,32,32003,0,1003,
2610,15,19,15001,0,0,502,basen,502,42.851398,-78.805405,1596111225,15,15001,0,1043,
2611,6,19,6002,0,0,495,wtfrt,495,42.877415,-78.878105,1596111214,6,6002,0,1022,
2613,75,19,14006,0,300,498,hrnmn,503,42.889214,-78.871552,1596111217,14,14006,0,1038,
2614,2,20,2006,0,-120,499,clmgm,497,42.884869,-78.871552,1596111245,2,2006,0,1046,
2615,32,20,4002,0,0,497,twyml,497,42.903732,-78.783073,1596111224,4,4002,0,1015,
2616,1,19,46001,0,180,497,tcbfl,500,42.883659,-78.872963,1596111210,46,46001,0,1101,
2617,32,20,32006,0,0,500,twyml,500,42.902935,-78.783897,1596110940,32,32006,0,1082,
2618,0,0,14002,6,180,502,bnmc,505,42.898617,-78.868683,1596111233,14,14002,0,1033,
2620,19,19,19001,0,-60,501,bagen,500,42.935440,-78.813972,1596111248,19,19001,0,1065,
2625,15,20,15002,0,-120,505,sensm,503,42.882092,-78.878067,1596111202,15,15002,0,1044,
2627,4,19,4001,0,-60,498,bdyfl,497,42.895729,-78.824501,1596111236,4,4001,0,1014,
2628,14,20,14004,0,-120,506,eccs,504,42.772556,-78.797440,1596111229,14,14004,0,1035,
2629,0,0,16004,4,-960,379,mnbfl,363,99.000000,999.000000,1596101036,16,16004,0,1054,
2630,4,20,6004,0,-60,501,twyml,500,42.905300,-78.784302,1596111247,6,6004,0,1024,
2701,26,19,26003,0,0,505,dlvst,505,42.922733,-78.816727,1596111232,26,26003,0,2078,
2702,13,19,48002,0,-180,500,winsp,497,42.957466,-78.818954,1596111240,48,48002,0,2095,
2703,23,19,23001,0,-60,504,hrtpk,503,42.947624,-78.884804,1596111193,23,23001,0,2049,
2705,13,20,13003,0,-60,509,winsp,508,42.927658,-78.830681,1596111245,13,13003,0,2019,
2706,12,19,12004,0,0,515,nghmp,515,42.910965,-78.900101,1596111057,12,12004,0,2011,
2707,23,20,23003,0,240,508,brrtc,512,42.947762,-78.853241,1596111197,23,23003,0,2051,
2709,12,20,12011,0,-60,500,knegt,499,42.929886,-78.799568,1596111244,12,12011,0,2021,
2713,44,20,44002,0,120,500,lkpt,502,43.169685,-78.690208,1596111228,44,44002,0,2084,
6015,444,99,444444,99,99999,9999,,9999,42.961288,-78.893250,1596111223,444,0,0,444444,
8201,45,99,45201,99,99999,9999,,9999,43.003391,-78.824913,1596111207,45,0,0,45201,
8205,45,99,45205,99,99999,9999,,9999,42.930462,-78.695717,1596110847,45,0,0,45205,
8206,45,99,45206,99,99999,9999,,9999,42.958263,-78.827293,1596111211,45,0,0,45206,
8208,45,99,45208,99,99999,9999,,9999,42.959309,-78.890274,1596111207,45,0,0,45208,
8211,45,99,45211,99,99999,9999,,9999,42.958954,-78.881638,1596111050,45,0,0,45211,
8213,45,99,45213,99,99999,9999,,9999,42.901779,-78.773880,1596111212,45,0,0,45213,
8217,45,99,45217,99,99999,9999,,9999,42.915146,-78.869171,1596111201,45,0,0,45217,
8218,45,99,45218,99,99999,9999,,9999,42.978973,-78.791710,1596111132,45,0,0,45218,
8219,45,99,45219,99,99999,9999,,9999,43.002541,-78.885849,1596111228,45,0,0,45219,
8220,45,99,45220,99,99999,9999,,9999,42.931011,-78.695305,1596111153,45,0,0,45220,
8221,45,99,45221,99,99999,9999,,9999,42.959339,-78.890427,1596111186,45,0,0,45221,
8222,45,99,45222,99,99999,9999,,9999,42.894382,-78.861725,1596111250,45,0,0,45222,
8224,45,99,45224,99,99999,9999,,9999,42.919876,-78.733795,1596110717,45,0,0,45224,
8225,45,99,45225,99,99999,9999,,9999,42.784546,-78.812706,1596111157,45,0,0,45225,
8226,45,99,45226,99,99999,9999,,9999,42.979908,-78.885773,1596111195,45,0,0,45226,
8227,45,99,45227,99,99999,9999,,9999,43.000202,-78.940338,1596111149,45,0,0,45227,
8229,45,99,45229,99,99999,9999,,9999,43.032242,-78.753220,1596111209,45,0,0,45229,
8230,45,99,45230,99,99999,9999,,9999,42.940498,-78.844490,1596111244,45,0,0,45230,
8231,45,99,45231,99,99999,9999,,9999,42.821949,-78.803360,1596110507,45,0,0,45231,
8232,45,99,45232,99,99999,9999,,9999,42.876728,-78.709488,1596111199,45,0,0,45232,
8234,45,99,45234,99,99999,9999,,9999,42.988075,-78.815567,1596111165,45,0,0,45234,
8236,45,99,45236,99,99999,9999,,9999,99.000000,999.000000,1596099746,45,0,0,45236,
8237,45,99,45237,99,99999,9999,,9999,42.958622,-78.886848,1596111241,45,0,0,45237,
8238,45,99,45238,99,99999,9999,,9999,42.955624,-78.868652,1596111246,45,0,0,45238,
8239,45,99,45239,99,99999,9999,,9999,42.899223,-78.861542,1596111219,45,0,0,45239,
8240,45,99,45240,99,99999,9999,,9999,42.772007,-78.824318,1596111220,45,0,0,45240,
8241,45,99,45241,99,99999,9999,,9999,42.939785,-78.892509,1596111226,45,0,0,45241,
8302,45,99,45302,99,99999,9999,,9999,42.925594,-78.830757,1596111103,45,0,0,45302,
8308,45,99,45308,99,99999,9999,,9999,42.867020,-78.697205,1596111222,45,0,0,45308,
8310,45,99,45310,99,99999,9999,,9999,42.916382,-78.899429,1596111243,45,0,0,45310,
