1066,155,19,155002,0,0,937,aquar,937,43.095104,-79.034584,1596310387,155,155002,0,3027,
1301,155,20,155001,0,-240,939,quain,935,43.077148,-78.975960,1596310551,155,155001,0,3017,
1501,5,19,3005,0,0,945,ellop,945,42.882336,-78.873001,1596310591,3,3005,0,3033,
1504,46,19,32004,0,60,943,twyml,944,42.909069,-78.771873,1596310594,32,32004,0,1018,
1505,13,20,13003,0,60,938,winsp,939,42.945889,-78.813637,1596310573,13,13003,0,2033,
1506,20,20,20005,0,-180,945,elmnr,942,42.883575,-78.877281,1596310554,20,20005,0,3034,
1507,15,20,46002,0,60,946,sogat,947,42.845131,-78.795952,1596310564,46,46002,0,1042,
1508,35,19,35002,0,120,943,wtrgt,945,42.966572,-78.921692,1596310548,35,35002,0,3019,
1509,6,19,6005,0,0,939,sycfl,939,42.902222,-78.824875,1596310582,6,6005,0,1031,
1511,1,19,2002,0,-60,940,wmbck,939,42.889763,-78.811996,1596310581,2,2002,0,1020,
1512,22,20,26003,0,-60,937,bstmn,936,42.904613,-78.872559,1596310575,26,26003,0,2019,
1514,32,20,32010,0,-120,940,dlwam,938,42.935688,-78.878067,1596310561,32,32010,0,1043,
1516,24,20,24005,0,-120,942,airpt,940,42.929913,-78.739380,1596310572,24,24005,0,2027,
1517,3,20,5004,0,-60,937,frgrt,936,42.912781,-78.892288,1596310590,5,5004,0,3029,
1518,16,20,16005,0,-240,940,splke,936,42.814659,-78.824059,1596310583,16,16005,0,1040,
1519,0,0,20007,4,0,946,tonvl,946,42.959339,-78.889977,1596310598,20,20007,0,3053,
1520,8,19,24004,0,-60,938,bstmn,937,42.909866,-78.866493,1596310570,24,24004,0,2015,
1601,52,19,40012,0,0,937,lkhyd,937,43.112732,-79.040466,1596310574,40,40012,0,3046,
1603,4,20,4003,0,-480,938,bdyba,930,42.895893,-78.821487,1596310542,4,4003,0,1023,
1604,12,20,12004,0,0,940,filut,940,42.911018,-78.853310,1596310547,12,12004,0,2017,
1605,3,19,3006,0,0,944,frgrt,944,42.933926,-78.888672,1596310595,3,3006,0,3049,
1606,5,20,25003,0,-180,940,socam,937,42.958183,-78.829491,1596310597,25,25003,0,3031,
1607,20,20,20003,0,-60,936,orch,935,42.988377,-78.873192,1596310580,20,20003,0,3022,
1608,50,20,40004,0,-300,940,casno,935,43.094471,-79.056252,1596310591,40,40004,0,3021,
1609,19,19,19003,0,-120,939,abtba,937,42.872219,-78.820000,1596310544,19,19003,0,1026,
1610,24,19,24006,0,-120,940,andrw,938,42.924576,-78.772614,1596310578,24,24006,0,2035,
1611,12,19,12009,0,0,945,nghmp,945,42.908958,-78.899765,1596310546,12,12009,0,2037,
1612,23,20,23006,0,0,936,hrtpk,936,42.947624,-78.843857,1596310485,23,23006,0,2028,
1614,34,19,34002,0,0,945,socam,945,42.955132,-78.821007,1596310545,34,34002,0,3028,
1615,6,20,6006,0,0,943,glrml,943,42.910416,-78.763611,1596310315,6,6006,0,1037,
1616,0,0,25007,4,99999,9999,mnngr,953,42.959557,-78.890945,1596310467,25,25007,0,3063,
1617,5,20,40006,0,-120,940,ngfry,938,42.903568,-78.894333,1596310566,40,40006,0,3026,
1618,25,19,25005,0,0,937,orch,937,42.993439,-78.874306,1596310557,25,25005,0,3045,
1619,20,19,20004,0,60,938,elmnr,939,42.904392,-78.877251,1596310589,20,20004,0,3025,
1620,6,19,6004,0,0,940,wtfrt,940,42.880219,-78.882942,1596310318,6,6004,0,1024,
1621,3,19,25006,0,0,960,ellop,960,42.882614,-78.872444,1596310456,25,25006,0,3062,
1622,4,20,46001,0,-180,943,bdmgn,940,42.883602,-78.877396,1596310564,46,46001,0,1022,
1623,0,0,42004,4,-60,956,mohel,955,42.959862,-78.891090,1596310574,42,42004,0,1048,
1624,15,19,15003,0,60,946,lterr,947,42.877579,-78.852272,1596310588,15,15003,0,1033,
1701,0,0,42003,4,-60,956,sogat,955,42.917263,-78.901031,1596310581,42,42003,0,1046,
1702,14,19,14003,0,-360,936,mowsh,930,42.887398,-78.872818,1596310585,14,14003,0,1034,
1703,42,19,42002,0,-360,944,spkls,938,42.825550,-78.849892,1596310549,42,42002,0,1019,
1704,23,19,23004,0,0,948,hrtpk,948,42.946026,-78.891502,1596310567,23,23004,0,2023,
1705,8,20,12008,0,-180,937,utica,934,42.908489,-78.866821,1596310570,12,12008,0,2036,
1707,40,20,40011,0,-360,948,brrtc,942,42.906319,-78.896904,1596310541,40,40011,0,3023,
1708,40,19,40010,0,-60,949,giplz,948,43.081219,-79.051262,1596310548,40,40010,0,3043,
1709,46,19,32008,0,0,940,dckbd,940,42.901836,-78.700699,1596310571,32,32008,0,1039,
1710,0,0,8005,4,0,955,wtfrt,955,42.949821,-78.890686,1596310594,8,8005,0,2039,
1711,2,20,2003,0,-60,946,clmgm,945,42.883163,-78.872932,1596310585,2,2003,0,1045,
1712,55,20,55002,0,-300,939,pnhyd,934,43.094994,-79.035294,1596310593,55,55002,0,3030,
1713,40,19,40008,0,-240,943,ngvln,939,43.026161,-78.966919,1596310247,40,40008,0,3036,
1714,25,19,34001,0,60,944,ellop,945,42.895893,-78.875160,1596310599,34,34001,0,3020,
1715,25,20,5003,0,60,939,orch,940,42.981449,-78.872337,1596310566,5,5003,0,3018,
1801,4,19,4004,0,-120,936,bdyfl,934,42.893364,-78.837677,1596310568,4,4004,0,1035,
1802,11,20,11002,0,0,946,clvkn,946,42.932606,-78.864967,1596310543,11,11002,0,3040,
1804,14,19,14002,0,99999,9999,rdgab,949,42.782429,-78.809280,1596310563,14,14002,0,1028,
1805,26,19,26004,0,-180,936,dlvst,933,42.922211,-78.855469,1596310586,26,26004,0,2030,
1806,0,0,32011,4,-120,944,brrtc,942,42.948887,-78.890831,1596310595,32,32011,0,1047,
1807,44,19,18001,0,-60,936,mlpsh,935,42.979935,-78.798599,1596310540,18,18001,0,2016,
1808,23,19,23003,0,0,940,bdyfl,940,42.904144,-78.839020,1596310556,23,23003,0,2021,
1809,35,20,35003,0,180,940,flint,943,42.991184,-78.792419,1596310584,35,35003,0,3037,
1810,13,20,13004,0,0,930,socam,930,42.950508,-78.813820,1596310592,13,13004,0,2034,
1811,40,19,40007,0,120,939,tcbfl,941,42.883438,-78.872368,1596310559,40,40007,0,3035,
1812,19,20,19005,0,0,960,socam,960,42.954334,-78.820816,1596310264,19,19005,0,1032,
1813,0,0,40009,5,60,946,front,947,42.980457,-78.885582,1596310577,40,40009,0,3016,
1814,34,20,34003,0,0,950,hazwd,950,43.028831,-78.815010,1596310563,34,34003,0,3038,
1815,32,19,32005,0,99999,9999,glrml,950,42.902798,-78.783669,1596310562,32,32005,0,1025,
1816,12,19,12006,0,-180,943,filut,940,42.914871,-78.813782,1596310568,12,12006,0,2022,
1901,6,20,6003,0,-60,944,twyml,943,42.905079,-78.811882,1596310576,6,6003,0,1021,
1902,23,20,23005,0,-120,945,bdyfl,943,42.863857,-78.843971,1596310569,23,23005,0,2025,
1903,19,20,19004,0,-480,936,bdyba,928,42.896610,-78.813934,1596310599,19,19004,0,1030,
1904,0,0,6008,4,1680,949,twyml,977,42.933102,-78.798744,1596310553,6,6008,0,1050,
1905,0,0,40014,4,0,945,tcbfl,945,42.877331,-78.871552,1596310546,40,40014,0,3050,
1906,8,20,8004,0,0,960,socam,960,42.954224,-78.820633,1596310592,8,8004,0,2024,
1907,20,20,20006,0,-60,937,elken,936,42.955433,-78.878250,1596310558,20,20006,0,3039,
1908,12,20,12005,0,0,935,ctyli,935,42.958622,-78.814079,1596310550,12,12005,0,2018,
1909,42,20,42001,0,-180,942,shops,939,42.828243,-78.809761,1596310587,42,42001,0,1017,
1910,12,20,12007,0,0,937,knegt,937,42.941849,-78.802986,1596310572,12,12007,0,2032,
1911,32,19,32007,0,-60,947,brrtc,946,42.935631,-78.878105,1596310557,32,32007,0,1036,
1912,25,20,25004,0,-240,945,dlwnr,941,42.883381,-78.876053,1596310577,25,25004,0,3041,
1913,26,20,22001,0,0,950,twyml,950,42.903294,-78.783371,1596310538,22,22001,0,2026,
1914,24,19,24007,0,0,940,marmn,940,42.877277,-78.877769,1596310555,24,24007,0,2038,
1915,0,0,19006,4,99999,9999,socam,930,42.956341,-78.813934,1596310549,19,19006,0,1044,
1916,34,20,34004,0,240,936,advpk,940,42.997093,-78.816650,1596310552,34,34004,0,3048,
1917,55,19,55003,0,60,948,casno,949,43.095161,-79.028366,1596310588,55,55003,0,3042,
1918,48,20,48001,0,0,935,ehmal,935,42.973526,-78.693703,1596310551,48,48001,0,2031,
1919,40,19,55001,0,120,873,tcbfl,875,43.083500,-79.052193,1596310587,55,55001,0,3009,
1920,34,19,11001,0,99999,9999,socam,920,42.958706,-78.861244,1596310560,11,11001,0,3024,
1921,13,19,8003,0,0,940,utica,940,42.911572,-78.865150,1596310596,8,8003,0,2020,
1922,0,0,3007,4,300,950,ellop,955,42.916546,-78.901253,1596310590,3,3007,0,3051,
2206,16,19,16004,0,-120,941,spkls,939,42.859184,-78.836113,1596310557,16,16004,0,1029,
2215,50,19,52001,0,-240,939,bfhyd,935,43.075966,-78.991966,1596310582,52,52001,0,3032,
2216,32,20,32006,0,0,939,ungen,939,42.943939,-78.754784,1596310543,32,32006,0,1027,
2612,11,19,11003,0,-60,935,dlwdv,934,42.922596,-78.867683,1596310569,11,11003,0,3044,
2618,18,19,18002,0,99999,9999,spkls,920,42.874527,-78.851189,1596310593,18,18002,0,2029,
2619,2,19,1001,0,0,939,cltfl,939,42.873894,-78.824951,1596310556,1,1001,0,1038,
2623,32,19,32009,0,-240,941,clwbr,937,42.932854,-78.754341,1596310574,32,32009,0,1041,
8216,45,99,45216,99,99999,9999,,9999,42.922489,-78.754379,1596310570,45,46002,0,45216,
8217,45,99,45217,99,99999,9999,,9999,42.925621,-78.840546,1596310535,45,46003,0,45217,
8221,45,99,45221,99,99999,9999,,9999,42.951088,-78.813858,1596310578,45,47004,0,45221,
8222,45,99,45222,99,99999,9999,,9999,43.018627,-78.974213,1596310589,45,47005,0,45222,
8226,45,99,45226,99,99999,9999,,9999,42.907307,-78.754715,1596310598,45,48004,0,45226,
8232,45,99,45232,99,99999,9999,,9999,42.980652,-78.848701,1596310552,45,50020,0,45232,
8233,45,99,45233,99,99999,9999,,9999,99.000000,999.000000,1596284294,45,50021,0,45233,
8234,45,99,45234,99,99999,9999,,9999,42.955570,-78.898430,1596310547,45,50022,0,45234,
8240,45,99,45240,99,99999,9999,,9999,42.932083,-78.814674,1596310584,45,52028,0,45240,
