1066,155,19,155002,0,0,600,falls,600,43.084187,-79.060638,1596289553,155,155002,0,3027,
1301,155,20,155001,0,0,600,nfia,600,43.100964,-78.941010,1596289421,155,155001,0,3017,
1502,32,19,32002,0,0,588,brrtc,588,42.945534,-78.906761,1596289567,32,32002,0,1015,
1504,32,19,32004,0,0,588,dlwam,588,42.941296,-78.855362,1596289522,32,32004,0,1018,
1505,50,19,50003,0,-60,590,nuniv,589,43.123787,-79.050331,1596289561,50,50003,0,3065,
1507,12,19,12003,0,-240,587,knegt,583,42.945999,-78.803474,1596289552,12,12003,0,2013,
1508,35,20,35002,0,-120,597,ens,595,42.940830,-78.907661,1596289537,35,35002,0,3019,
1511,4,20,2002,0,-180,590,bdyfl,587,42.888416,-78.859825,1596289510,2,2002,0,1020,
1512,26,20,26003,0,-60,586,twyml,585,42.903267,-78.783371,1596289562,26,26003,0,2019,
1514,13,20,8001,0,-120,589,flfry,587,42.915257,-78.859718,1596289514,8,8001,0,2008,
1517,34,20,5004,0,0,588,advpk,588,42.996574,-78.816833,1596289340,5,5004,0,3029,
1518,8,19,8002,0,120,589,wtfrt,591,42.879833,-78.877472,1596289512,8,8002,0,2011,
1519,15,20,16003,0,99999,9999,sensm,556,42.827446,-78.754417,1596289526,16,16003,0,1012,
1520,48,19,24004,0,0,593,mnegt,593,42.960876,-78.757240,1596289549,24,24004,0,2015,
1601,3,20,20002,0,0,595,tonvl,595,42.959969,-78.908142,1596288850,20,20002,0,3007,
1603,14,19,4003,0,0,587,rdgab,587,42.821121,-78.802094,1596289531,4,4003,0,1023,
1604,12,19,12004,0,-240,588,elmut,584,42.911297,-78.867943,1596289536,12,12004,0,2017,
1605,25,20,3002,0,-360,590,dlwdv,584,42.903786,-78.872559,1596289528,3,3002,0,3005,
1606,25,19,25003,0,-120,588,dlwkn,586,42.969318,-78.870842,1596289525,25,25003,0,3031,
1607,3,19,20003,0,-180,589,frgrt,586,42.927769,-78.889458,1596289508,20,20003,0,3022,
1608,40,19,40004,0,-420,586,falls,579,43.083939,-79.058968,1596289520,40,40004,0,3021,
1609,19,20,19003,0,-60,586,winsp,585,42.945724,-78.813637,1596289533,19,19003,0,1026,
1610,14,20,14001,0,60,587,abtba,588,42.857395,-78.830238,1596289566,14,14001,0,1004,
1611,1,19,2001,0,0,600,tcbfl,600,42.883438,-78.872482,1596289535,2,2001,0,1009,
1614,34,20,34002,0,0,596,blvml,596,42.956478,-78.819664,1596289536,34,34002,0,3028,
1615,16,19,16002,0,120,588,mowsh,590,42.883739,-78.872597,1596289541,16,16002,0,1011,
1616,32,19,32003,0,0,592,ungen,592,42.910416,-78.760033,1596289511,32,32003,0,1016,
1617,5,19,40006,0,840,561,ellop,575,42.882557,-78.872185,1596289554,40,40006,0,3026,
1618,50,20,50002,0,0,594,nftc,594,43.100742,-78.979980,1596289132,50,50002,0,3011,
1619,5,20,20004,0,0,587,brrtc,587,42.937916,-78.903976,1596289517,20,20004,0,3025,
1620,6,20,6004,0,-240,597,sycmg,593,42.878872,-78.882347,1596289545,6,6004,0,1024,
1621,52,20,50001,0,60,590,prtc,591,43.096645,-79.055168,1596289563,50,50001,0,3002,
1622,46,19,46001,0,0,585,twyml,585,42.902496,-78.783707,1596289551,46,46001,0,1022,
1624,23,20,23002,0,-180,595,brrtc,592,42.947842,-78.868279,1596289516,23,23002,0,2006,
1701,5,20,25002,0,0,600,socam,600,42.954166,-78.820518,1596289509,25,25002,0,3014,
1702,19,19,19001,0,60,587,wlmba,588,42.889847,-78.814270,1596289512,19,19001,0,1003,
1703,42,19,42002,0,0,587,mohel,587,42.882805,-78.872856,1596289539,42,42002,0,1019,
1704,23,19,23004,0,99999,9999,abtba,587,42.864243,-78.844749,1596289555,23,23004,1,2023,
1705,12,19,12002,0,0,590,nghmp,590,42.910912,-78.899841,1596289262,12,12002,0,2012,
1707,13,20,13001,0,0,600,socam,600,42.955212,-78.820412,1596289529,13,13001,0,2007,
1708,24,20,24002,0,-120,593,genmn,591,42.880276,-78.874977,1596289537,24,24002,0,2009,
1709,15,19,15001,0,-60,587,sensm,586,42.872162,-78.838463,1596289559,15,15001,0,1006,
1710,24,19,24003,0,-120,587,bagen,585,42.915943,-78.805634,1596289523,24,24003,0,2014,
1711,5,19,5002,0,-240,593,brrtc,589,42.953316,-78.900475,1596289513,5,5002,0,3008,
1712,40,20,55002,0,-240,585,brrtc,581,42.945396,-78.907471,1596289521,55,55002,0,3030,
1714,34,20,34001,0,0,595,hazwd,595,43.028885,-78.814972,1596289528,34,34001,0,3020,
1715,11,19,5003,0,60,589,ellop,590,42.886078,-78.876801,1596289554,5,5003,0,3018,
1716,40,20,40002,0,0,592,prtc,592,43.086994,-79.059113,1596289540,40,40002,0,3012,
1801,6,19,6001,0,0,586,sycmg,586,42.889046,-78.866714,1596289557,6,6001,0,1001,
1802,12,20,12001,0,0,592,badlv,592,42.914486,-78.832397,1596289532,12,12001,0,2002,
1806,20,20,3004,0,-240,586,dlwsh,582,42.980404,-78.878624,1596289524,3,3004,0,3015,
1807,18,20,18001,0,0,592,dlvst,592,42.902222,-78.853943,1596289529,18,18001,0,2016,
1808,23,20,23003,0,0,588,flfry,588,42.904888,-78.838608,1596289545,23,23003,0,2021,
1810,23,19,23001,0,-240,591,hrtpk,587,42.947704,-78.874603,1596289520,23,23001,0,2004,
1811,3,20,3001,0,60,586,sklmt,587,42.956806,-78.890236,1596289548,3,3001,0,3003,
1812,24,20,24001,0,-120,593,airpt,591,42.927162,-78.753334,1596289550,24,24001,0,2001,
1813,35,19,35001,0,0,593,nfbsh,593,42.991264,-78.792755,1596289566,35,35001,0,3016,
1815,32,20,32005,0,180,590,twyml,593,42.907227,-78.777718,1596289550,32,32005,0,1025,
1816,12,20,12006,0,0,591,socam,591,42.948914,-78.810211,1596289556,12,12006,0,2022,
1901,0,0,6003,6,60,587,glrml,588,42.910221,-78.763641,1596289564,6,6003,0,1021,
1903,40,20,40005,0,-60,602,brrtc,601,42.894821,-78.886070,1596289527,40,40005,0,3023,
1904,2,19,15002,0,0,590,clmgm,590,42.881016,-78.848846,1596289543,15,15002,0,1013,
1905,4,19,4002,0,-60,591,tcbfl,590,42.885994,-78.875351,1596289535,4,4002,0,1010,
1907,40,19,40003,0,120,593,tcbfl,595,42.901505,-78.892471,1596289547,40,40003,0,3064,
1908,13,19,12005,0,-60,594,dlvgr,593,42.938492,-78.813560,1596289539,12,12005,0,2018,
1909,42,20,42001,0,0,587,sogat,587,42.829811,-78.759254,1596289515,42,42001,0,1017,
1910,25,19,40001,0,-120,587,ellop,585,42.883354,-78.876167,1596289560,40,40001,0,3001,
1911,19,19,19002,0,0,585,abtba,585,42.857616,-78.828674,1596289546,19,19002,0,1005,
1912,16,20,16001,0,0,605,mcmal,605,42.783226,-78.808647,1596289565,16,16001,0,1002,
1914,44,19,13002,0,0,591,socam,591,42.955406,-78.821190,1596289557,13,13002,0,2010,
1915,20,20,20001,0,-60,587,elmnr,586,42.899303,-78.877022,1596289542,20,20001,0,3006,
1916,25,20,25001,0,0,598,mnngr,598,43.020580,-78.879517,1596289549,25,25001,0,3010,
1919,55,20,55001,0,-60,588,mlnfb,587,43.087791,-78.979683,1596289516,55,55001,0,3009,
1920,11,20,11001,0,-60,589,prpky,588,42.971878,-78.858337,1596289549,11,11001,0,3024,
1921,8,20,8003,0,120,590,socam,592,42.946163,-78.831352,1596289524,8,8003,0,2020,
1922,3,19,3003,0,0,585,ellop,585,42.882641,-78.872444,1596289459,3,3003,0,3013,
2203,0,0,3005,4,0,610,ellop,610,42.959229,-78.891357,1596289523,3,3005,0,3033,
2215,0,0,52001,4,0,617,prtc,617,42.960079,-78.890236,1596289539,52,52001,0,3032,
2216,32,20,32006,0,0,584,amsta,584,42.940170,-78.838943,1596289538,32,32006,0,1027,
2218,32,20,32001,0,60,590,twyml,591,42.902988,-78.783859,1596288883,32,32001,0,1014,
2612,26,19,26002,0,60,592,ngdlv,593,42.922211,-78.877022,1596289566,26,26002,0,2005,
2618,22,20,26001,0,0,581,bstgn,581,42.903568,-78.831429,1596289566,26,26001,0,2003,
2619,20,19,5001,0,-480,592,elmnr,584,42.916656,-78.877319,1596289555,5,5001,0,3004,
2623,2,19,4001,0,0,575,tcbfl,575,42.885502,-78.869881,1596289512,4,4001,0,1008,
8217,45,99,45217,99,99999,9999,,9999,42.934479,-78.836639,1596289462,45,46003,0,45217,
8232,45,99,45232,99,99999,9999,,9999,43.092354,-78.961555,1596289533,45,50020,0,45232,
8233,45,99,45233,99,99999,9999,,9999,99.000000,999.000000,1596284294,45,50021,0,45233,
8234,45,99,45234,99,99999,9999,,9999,42.964176,-78.737106,1596289543,45,50022,0,45234,
8236,45,99,45236,99,99999,9999,,9999,99.000000,999.000000,1596275328,45,50024,0,45236,
8237,45,99,45237,99,99999,9999,,9999,42.920094,-78.894112,1596289545,45,50025,0,45237,
8238,45,99,45238,99,99999,9999,,9999,42.551788,-78.679298,1596288952,45,52026,0,45238,
8239,45,99,45239,99,99999,9999,,9999,42.801022,-78.656746,1596289534,45,52027,0,45239,
8240,45,99,45240,99,99999,9999,,9999,42.997616,-78.935089,1596289522,45,52028,0,45240,
