1301,155,19,155003,0,0,1361,casno,1361,43.091751,-79.059486,1596335919,155,155003,0,3060,
1304,155,20,155004,0,99999,9999,ltity,1333,43.100990,-78.940971,1596335848,155,155004,0,3061,
1502,20,20,20008,0,60,1366,dlwsh,1367,42.959614,-78.878700,1596335925,20,20008,0,3054,
1504,23,20,23007,0,0,1370,brrtc,1370,42.945671,-78.907059,1596335858,23,23007,0,2040,
1507,32,19,46002,0,60,1360,ungen,1361,42.922321,-78.754044,1596335870,46,46002,0,1042,
1511,23,19,23008,0,-180,1359,abtba,1356,42.858799,-78.834518,1596335888,23,23008,0,2042,
1514,32,20,32010,0,-180,1358,twyml,1355,42.902496,-78.783745,1596335926,32,32010,0,1043,
1518,16,19,16005,0,60,1362,abtba,1363,42.847412,-78.823685,1596335890,16,16005,0,1040,
1519,5,20,20007,0,99999,9999,socam,1200,42.889431,-78.877808,1596335906,20,20007,0,3053,
1520,6,19,6009,0,60,1359,wldba,1360,42.905521,-78.809242,1596335873,6,6009,0,1052,
1601,40,20,40012,0,0,1366,falls,1366,43.069283,-78.990402,1596335879,40,40012,0,3046,
1604,24,19,24009,0,0,1362,bagen,1362,42.918007,-78.800423,1596335913,24,24009,0,2047,
1605,25,20,3006,0,0,1359,mnngr,1359,43.020554,-78.879555,1596335604,3,3006,0,3049,
1607,14,20,14004,0,-180,1369,spkls,1366,42.885223,-78.873299,1596335890,14,14004,0,1053,
1609,19,19,19007,0,0,1359,bdyba,1359,42.899029,-78.814041,1596335910,19,19007,0,1055,
1611,0,0,12009,5,-60,1370,front,1369,42.958679,-78.854691,1596335912,12,12009,0,2037,
1618,0,0,32007,5,99999,9999,,9999,42.959751,-78.890762,1596335384,32,32007,0,1036,
1620,4,20,6007,0,-120,1362,bdmgn,1360,42.885143,-78.872704,1596335922,6,6007,0,1049,
1622,13,20,13006,0,-120,1361,winsp,1359,42.937778,-78.814003,1596335869,13,13006,0,2045,
1623,42,20,42004,0,0,1367,sogat,1367,42.833168,-78.786278,1596335895,42,42004,0,1048,
1701,42,19,42003,0,240,1362,mohel,1366,42.880634,-78.874901,1596335923,42,42003,0,1046,
1702,6,20,6008,0,-420,1367,glrml,1360,42.903622,-78.783112,1596335916,6,6008,0,1050,
1704,32,20,32012,0,0,1365,amsta,1365,42.940472,-78.866043,1596335903,32,32012,0,1051,
1709,32,19,32008,0,0,1370,brrtc,1370,42.933212,-78.876984,1596335875,32,32008,0,1039,
1710,44,20,8005,0,0,1362,flint,1362,42.981419,-78.797035,1596335901,8,8005,0,2039,
1711,2,19,2003,0,-120,1358,tcbfl,1356,42.882584,-78.872261,1596335892,2,2003,0,1045,
1713,40,19,40015,0,-120,1368,ngvln,1366,43.026134,-78.967102,1596335755,40,40015,0,3059,
1714,3,19,3008,0,0,1360,frgrt,1360,42.918526,-78.890648,1596335907,3,3008,0,3056,
1715,25,19,5005,0,120,1352,ellop,1354,42.882530,-78.872040,1596335871,5,5005,0,3055,
1806,32,20,32011,0,60,1359,ungen,1360,42.927769,-78.754265,1596335902,32,32011,0,1047,
1807,12,19,12010,0,-120,1363,utica,1361,42.910992,-78.844307,1596335908,12,12010,0,2041,
1813,50,19,50004,0,60,1364,nuniv,1365,43.120598,-79.048584,1596335881,50,50004,0,3052,
1815,24,20,24008,0,99999,9999,genmn,1370,42.877304,-78.877396,1596335867,24,24008,0,2046,
1905,40,20,40014,0,0,1360,prtc,1360,43.099396,-79.051598,1596335911,40,40014,0,3050,
1908,13,19,13005,0,0,1359,flfry,1359,42.914677,-78.838684,1596335916,13,13005,0,2043,
1909,5,20,5007,0,60,1364,kenml,1365,42.950233,-78.903976,1596335893,5,5007,0,3058,
1915,19,20,19006,0,-60,1360,badlv,1359,42.916714,-78.813675,1596335915,19,19006,0,1044,
1916,34,20,34004,0,0,1361,blvml,1361,42.980511,-78.822792,1596335920,34,34004,0,3048,
1917,40,19,40013,0,60,1350,tcbfl,1351,42.943138,-78.891617,1596335895,40,40013,0,3047,
1920,5,19,5006,0,0,1364,ngfry,1364,42.932774,-78.901482,1596335925,5,5006,0,3057,
1921,15,20,15004,0,-120,1366,sensm,1364,42.881870,-78.870773,1596335904,15,15004,0,1054,
1922,3,20,3007,0,0,1370,sklmt,1370,42.924137,-78.889862,1596335898,3,3007,0,3051,
2203,12,20,12011,0,0,1365,knegt,1365,42.922680,-78.813896,1596335877,12,12011,0,2044,
2216,6,19,6006,0,99999,9999,wtfrt,1352,42.900982,-78.899918,1596335868,6,6006,1,1037,
2619,0,0,1001,5,0,1381,front,1381,42.889816,-78.802353,1596335890,1,1001,0,1038,
8205,45,99,45205,99,99999,9999,,9999,42.950016,-78.814041,1596335903,45,42007,0,45205,
