1066,155,19,155002,0,0,960,falls,960,43.084049,-79.060341,1596311517,155,155002,0,3027,
1301,155,20,155001,0,0,960,nfia,960,43.100937,-78.941048,1596311444,155,155001,0,3017,
1501,3,20,3005,0,0,954,trcem,954,42.891964,-78.877953,1596311590,3,3005,0,3033,
1502,0,0,20008,4,1320,963,ellop,985,42.891632,-78.891357,1596311590,20,20008,0,3054,
1504,46,19,32004,0,120,943,twyml,945,42.888443,-78.887856,1596311605,32,32004,0,1018,
1505,13,20,13003,0,0,975,socam,975,42.954498,-78.821152,1596311465,13,13003,0,2033,
1506,20,20,20005,0,0,966,elken,966,42.925926,-78.876953,1596311565,20,20005,0,3034,
1507,15,20,46002,0,0,954,sogat,954,42.827477,-78.754448,1596311575,46,46002,0,1042,
1509,6,19,6005,0,60,957,wtfrt,958,42.877689,-78.878624,1596311593,6,6005,0,1031,
1511,1,19,2002,0,180,955,tcbfl,958,42.883053,-78.875496,1596311592,2,2002,0,1020,
1512,22,20,26003,0,-120,962,twyml,960,42.905712,-78.807198,1596311586,26,26003,0,2019,
1514,32,20,32010,0,-180,953,amhba,950,42.940197,-78.815720,1596311572,32,32010,0,1043,
1516,24,20,24005,0,0,960,airpt,960,42.934147,-78.730255,1596311523,24,24005,0,2027,
1517,3,20,5004,0,120,979,tonvl,981,42.960052,-78.907509,1596311612,5,5004,0,3029,
1518,16,20,16005,0,0,962,mcmal,962,42.782539,-78.808571,1596311594,16,16005,0,1040,
1519,3,19,20007,0,-60,958,sklmt,957,42.960823,-78.906357,1596311556,20,20007,0,3053,
1520,8,19,24004,0,-60,953,wtfrt,952,42.880577,-78.883240,1596311581,24,24004,0,2015,
1601,52,19,40012,0,0,960,olopc,960,43.154396,-79.035141,1596311494,40,40012,0,3046,
1603,4,19,4003,0,-240,958,michl,954,42.906456,-78.780655,1596311553,4,4003,0,1023,
1604,12,20,12004,0,-120,964,knegt,962,42.923534,-78.813637,1596311612,12,12004,0,2017,
1605,3,19,3006,0,0,956,trcem,956,42.896141,-78.882164,1596311607,3,3006,0,3049,
1606,5,20,25003,0,0,960,socam,960,42.954578,-78.820709,1596311284,25,25003,0,3031,
1607,20,19,20003,0,-120,963,elmdv,961,42.948475,-78.878365,1596311591,20,20003,0,3022,
1608,50,20,40004,0,-240,964,mlnfb,960,43.080284,-79.011063,1596311602,40,40004,0,3021,
1609,19,20,19003,0,-240,959,wlmba,955,42.866413,-78.823982,1596311555,19,19003,0,1026,
1610,24,19,24006,0,0,954,genmn,954,42.895096,-78.856667,1596311589,24,24006,0,2035,
1611,12,20,12009,0,0,956,elmut,956,42.914703,-78.882164,1596311558,12,12009,0,2037,
1612,23,20,23006,0,0,960,brrtc,960,42.945644,-78.907097,1596311556,23,23006,0,2028,
1614,34,20,34002,0,60,956,blvml,957,42.980484,-78.822830,1596311556,34,34002,0,3028,
1615,6,19,6006,0,-120,955,twyml,953,42.903759,-78.780579,1596311564,6,6006,0,1037,
1616,0,0,25007,4,0,958,mnngr,958,43.020554,-78.879631,1596311534,25,25007,0,3063,
1617,5,20,40006,0,-60,962,kenml,961,42.957935,-78.910263,1596311577,40,40006,0,3026,
1618,25,19,25005,0,-180,962,dlwdv,959,42.948254,-78.868683,1596311569,25,25005,0,3045,
1619,20,19,20004,0,0,960,ellop,960,42.882584,-78.872299,1596311481,20,20004,0,3025,
1620,6,20,6004,0,-60,959,sycfl,958,42.889542,-78.864853,1596311602,6,6004,0,1024,
1621,3,19,25006,0,0,960,ellop,960,42.882614,-78.872444,1596311527,25,25006,0,3062,
1622,4,20,46001,0,-60,956,bdyba,955,42.895565,-78.823868,1596311575,46,46001,0,1022,
1623,0,0,42004,4,60,959,mohel,960,42.886929,-78.872185,1596311585,42,42004,0,1048,
1624,15,19,15003,0,0,953,lterr,953,42.883053,-78.879669,1596311201,15,15003,0,1033,
1701,0,0,42003,4,60,959,sogat,960,42.827614,-78.754448,1596311592,42,42003,0,1046,
1702,14,20,14003,0,-360,954,abtba,948,42.859211,-78.835747,1596311596,14,14003,0,1034,
1704,23,19,23004,0,-240,952,hrtpk,948,42.947567,-78.848099,1596311578,23,23004,0,2023,
1705,8,20,12008,0,0,960,socam,960,42.954910,-78.819923,1596311581,12,12008,0,2036,
1707,40,20,40011,0,0,958,giplz,958,43.000614,-78.940041,1596311612,40,40011,0,3023,
1708,40,19,40010,0,120,959,ngvln,961,42.995308,-78.932632,1596311560,40,40010,0,3043,
1709,46,19,32008,0,0,963,twyml,963,42.911900,-78.765358,1596311582,32,32008,0,1039,
1710,0,0,8005,4,60,959,wtfrt,960,42.880138,-78.882790,1596311605,8,8005,0,2039,
1711,2,20,2003,0,60,955,cltba,956,42.873783,-78.824615,1596311596,2,2003,0,1045,
1712,55,20,55002,0,-180,968,nfia,965,43.100689,-78.980728,1596311607,55,55002,0,3030,
1713,40,19,40008,0,-120,966,tcbfl,964,42.945450,-78.907661,1596311099,40,40008,0,3036,
1714,25,19,34001,0,180,943,ellop,946,42.952381,-78.890198,1596311611,34,34001,0,3020,
1715,0,0,5003,5,60,961,front,962,43.001469,-78.875351,1596311578,5,5003,0,3018,
1801,4,19,4004,0,0,960,tcbfl,960,42.883301,-78.872856,1596311580,4,4004,0,1035,
1802,11,20,11002,0,0,962,tnind,962,42.987717,-78.852715,1596311555,11,11002,0,3040,
1804,14,19,14002,0,-60,956,mercy,955,42.838036,-78.807457,1596311574,14,14002,0,1028,
1805,26,20,26004,0,-60,958,elmdv,957,42.921967,-78.895073,1596311597,26,26004,0,2030,
1806,32,20,32011,0,-240,966,bflst,962,42.939537,-78.904938,1596311606,32,32011,0,1047,
1807,0,0,18001,5,-240,963,front,959,42.958706,-78.858452,1596311612,18,18001,0,2016,
1808,23,19,23003,0,0,960,abtba,960,42.857559,-78.829048,1596311567,23,23003,0,2021,
1809,35,20,35003,0,0,980,covhl,980,43.000011,-78.783371,1596311417,35,35003,0,3037,
1810,13,19,13004,0,60,954,flfry,955,42.914677,-78.838165,1596311603,13,13004,0,2034,
1811,40,19,40007,0,120,939,tcbfl,941,42.943443,-78.906761,1596311511,40,40007,0,3035,
1812,19,20,19005,0,0,960,socam,960,42.954334,-78.820816,1596311513,19,19005,0,1032,
1813,0,0,50004,4,-720,982,nftc,970,42.960686,-78.888824,1596311588,50,50004,0,3052,
1814,34,19,34003,0,0,964,audbn,964,43.031883,-78.822121,1596311514,34,34003,0,3038,
1815,32,19,32005,0,99999,9999,glrml,950,42.911789,-78.764053,1596311573,32,32005,0,1025,
1816,12,19,12006,0,-120,953,elmut,951,42.911297,-78.874420,1596311579,12,12006,0,2022,
1901,6,20,6003,0,-120,953,glrml,951,42.911625,-78.763908,1596311587,6,6003,0,1021,
1902,23,20,23005,0,-120,953,flfry,951,42.914402,-78.839058,1596311580,23,23005,0,2025,
1903,19,20,19004,0,-600,958,winsp,948,42.936981,-78.813599,1596311610,19,19004,0,1030,
1904,0,0,6008,4,2040,948,twyml,982,42.903511,-78.783333,1596311565,6,6008,0,1050,
1905,0,0,40014,4,120,948,tcbfl,950,42.883217,-78.874756,1596311557,40,40014,0,3050,
1906,8,20,8004,0,0,960,socam,960,42.954193,-78.820633,1596310890,8,8004,0,2024,
1907,20,20,20006,0,0,966,orch,966,42.988350,-78.873077,1596311511,20,20006,0,3039,
1908,12,19,12005,0,0,960,badlv,960,42.937035,-78.799080,1596311562,12,12005,0,2018,
1909,42,20,42001,0,-240,953,sogat,949,42.827805,-78.754448,1596311597,42,42001,0,1017,
1910,12,20,12007,0,0,970,ctyli,970,42.958706,-78.814568,1596311524,12,12007,0,2032,
1911,32,19,32007,0,0,977,brrtc,977,42.945396,-78.906876,1596311537,32,32007,0,1036,
1912,25,20,25004,0,0,961,dlwkn,961,42.937778,-78.867271,1596311588,25,25004,0,3041,
1913,26,20,22001,0,-180,953,twyml,950,42.903294,-78.783371,1596311609,22,22001,0,2026,
1914,24,20,24007,0,0,956,genfl,956,42.896004,-78.854172,1596311567,24,24007,0,2038,
1915,19,19,19006,0,0,956,bdyba,956,42.908298,-78.813782,1596311561,19,19006,0,1044,
1916,34,19,34004,0,60,956,blvml,957,42.989918,-78.822716,1596311573,34,34004,0,3048,
1917,55,19,55003,0,180,956,prtc,959,43.094639,-79.050591,1596311599,55,55003,0,3042,
1918,48,19,48001,0,-60,960,mnegt,959,42.959831,-78.763496,1596311562,48,48001,0,2031,
1919,40,19,55001,0,120,873,tcbfl,875,43.078136,-79.015602,1596311598,55,55001,0,3009,
1920,5,19,11001,0,-360,956,brrtc,950,42.957191,-78.911346,1596311572,11,11001,0,3024,
1921,13,20,8003,0,-120,955,dlvgr,953,42.914841,-78.829079,1596311607,8,8003,0,2020,
1922,0,0,3007,4,99999,9999,ellop,960,42.882614,-78.872368,1596311483,3,3007,0,3051,
2206,16,19,16004,0,60,959,mowsh,960,42.887619,-78.873039,1596311574,16,16004,0,1029,
2215,50,19,52001,0,-120,957,prtc,955,43.094418,-79.056061,1596311602,52,52001,0,3032,
2216,32,20,32006,0,60,957,twyml,958,42.906841,-78.780693,1596311559,32,32006,0,1027,
2218,0,0,6007,4,0,970,glrml,970,42.954884,-78.890388,1596311511,6,6007,0,1049,
2612,11,19,11003,0,0,975,ellop,975,42.882557,-78.872299,1596311529,11,11003,0,3044,
2618,18,20,18002,0,-60,971,dlvst,970,42.922569,-78.856773,1596311608,18,18002,0,2029,
2619,2,19,1001,0,60,955,tcbfl,956,42.883163,-78.876801,1596311576,1,1001,0,1038,
2623,32,19,32009,0,-120,954,amsta,952,42.940144,-78.826775,1596311593,32,32009,0,1041,
8216,45,99,45216,99,99999,9999,,9999,42.939564,-78.850967,1596311589,45,46002,0,45216,
8217,45,99,45217,99,99999,9999,,9999,42.922489,-78.829117,1596311444,45,46003,0,45217,
8221,45,99,45221,99,99999,9999,,9999,42.909920,-78.730591,1596311598,45,47004,0,45221,
8222,45,99,45222,99,99999,9999,,9999,43.002705,-78.944771,1596311603,45,47005,0,45222,
8226,45,99,45226,99,99999,9999,,9999,42.820435,-78.743690,1596311554,45,48004,0,45226,
8232,45,99,45232,99,99999,9999,,9999,42.973885,-78.930733,1596311510,45,50020,0,45232,
8240,45,99,45240,99,99999,9999,,9999,42.842491,-78.790779,1596311598,45,52028,0,45240,
