1066,155,20,155002,0,0,853,ltity,853,43.095131,-79.026543,1596305558,155,155002,0,3027,
1301,155,19,155001,0,-60,854,4pts,853,43.080036,-78.981766,1596305544,155,155001,0,3017,
1501,0,0,3005,6,0,880,socam,880,42.954113,-78.820518,1596305571,3,3005,0,3033,
1502,1,19,32002,0,-180,854,tcbfl,851,42.883274,-78.876579,1596305572,32,32002,0,1015,
1504,32,20,32004,0,0,859,glrml,859,42.914925,-78.754341,1596305587,32,32004,0,1018,
1505,8,20,13003,0,-840,855,bstmn,841,42.900211,-78.869545,1596305606,13,13003,0,2033,
1506,20,20,20005,0,-120,856,dlwsh,854,42.976112,-78.878662,1596305607,20,20005,0,3034,
1507,12,20,12003,0,120,854,socam,856,42.954414,-78.822159,1596305557,12,12003,0,2013,
1508,35,20,35002,0,-120,857,ens,855,42.972099,-78.913910,1596305601,35,35002,0,3019,
1509,6,19,6005,0,-840,857,wtfrt,843,42.877193,-78.876801,1596305590,6,6005,0,1031,
1511,2,20,2002,0,0,857,fern,857,42.871422,-78.795097,1596305454,2,2002,0,1020,
1512,26,20,26003,0,0,862,badlv,862,42.921967,-78.847168,1596305567,26,26003,0,2019,
1516,24,19,24005,0,-1260,856,andrw,835,42.924496,-78.774963,1596305564,24,24005,0,2027,
1517,5,20,5004,0,0,840,socam,840,42.958706,-78.861015,1596305583,5,5004,0,3029,
1519,16,19,16003,0,-120,861,rdgsp,859,42.796814,-78.823830,1596305591,16,16003,0,1012,
1520,24,19,24004,0,-60,852,ungen,851,42.926888,-78.755646,1596305562,24,24004,0,2015,
1603,32,20,4003,0,0,861,twyml,861,42.902988,-78.783600,1596305296,4,4003,0,1023,
1604,12,19,12004,0,-120,856,socam,854,42.958263,-78.817169,1596305600,12,12004,0,2017,
1606,25,19,25003,0,60,854,ellop,855,42.882614,-78.874641,1596305590,25,25003,0,3031,
1607,20,19,20003,0,-540,858,elmnr,849,42.915642,-78.877136,1596305572,20,20003,0,3022,
1608,50,19,40004,0,-180,857,bfhyd,854,43.076214,-78.993042,1596305584,40,40004,0,3021,
1609,19,19,19003,0,0,855,abtba,855,42.857643,-78.828636,1596305417,19,19003,0,1026,
1610,0,0,24006,4,-60,861,marmn,860,42.882721,-78.882462,1596305570,24,24006,0,2035,
1611,0,0,12009,4,99999,9999,ctyli,875,42.959721,-78.890686,1596305559,12,12009,0,2037,
1612,23,19,23006,0,0,858,hrtpk,858,42.947704,-78.868874,1596305597,23,23006,0,2028,
1614,34,20,34002,0,120,854,audbn,856,43.030838,-78.802620,1596305598,34,34002,0,3028,
1615,6,19,16002,0,0,859,sycmg,859,42.896278,-78.843788,1596305605,16,16002,0,1011,
1616,32,20,32003,0,-360,855,dlwam,849,42.940529,-78.878067,1596305575,32,32003,0,1016,
1617,40,19,40006,0,-60,867,giplz,866,43.083691,-79.059303,1596305558,40,40006,0,3026,
1618,0,0,25005,4,120,863,ellop,865,42.968906,-78.917488,1596305610,25,25005,0,3045,
1619,20,20,20004,0,-60,862,elmdv,861,42.903431,-78.877174,1596305598,20,20004,0,3025,
1620,6,20,6004,0,0,860,glrml,860,42.903622,-78.783150,1596305609,6,6004,0,1024,
1621,0,0,50001,5,-540,877,front,868,43.078163,-79.037117,1596305568,50,50001,0,3002,
1622,46,19,46001,0,60,862,glrml,863,42.909481,-78.733757,1596305557,46,46001,0,1022,
1624,15,19,15003,0,180,856,lterr,859,42.882778,-78.871368,1596305581,15,15003,0,1033,
1701,25,19,25002,0,-120,858,dlwkn,856,42.979301,-78.872261,1596305573,25,25002,0,3014,
1702,14,20,14003,0,-60,855,mcmal,854,42.792194,-78.811142,1596305577,14,14003,0,1034,
1703,42,20,42002,0,0,861,tpodl,861,42.868561,-78.865669,1596305543,42,42002,0,1019,
1704,23,19,23004,0,-540,858,bdyfl,849,42.910606,-78.839134,1596305560,23,23004,0,2023,
1705,0,0,12008,4,99999,9999,socam,870,42.956146,-78.820412,1596305593,12,12008,0,2036,
1707,0,0,40011,4,120,859,tonvl,861,42.959888,-78.907990,1596305594,40,40011,0,3023,
1708,40,20,40010,0,-120,854,brrtc,852,42.941021,-78.905533,1596305584,40,40010,0,3043,
1710,24,20,24003,0,0,858,bagen,858,42.905659,-78.831017,1596305587,24,24003,0,2014,
1711,3,20,5002,0,0,860,sklmt,860,42.939812,-78.890945,1596305578,5,5002,0,3008,
1712,55,19,55002,0,60,860,mlnfb,861,43.100906,-78.941124,1596305586,55,55002,0,3030,
1713,40,20,40008,0,99999,9999,falls,852,43.028938,-78.969635,1596304635,40,40008,0,3036,
1714,25,20,34001,0,0,857,dlwdv,857,42.912121,-78.870064,1596305593,34,34001,0,3020,
1715,5,19,5003,0,99999,9999,ellop,857,42.885914,-78.878029,1596305559,5,5003,1,3018,
1716,0,0,40002,6,99999,9999,ellop,840,42.886078,-78.877655,1596305476,40,40002,0,3012,
1801,4,19,4004,0,0,855,bdmgn,855,42.888802,-78.858749,1596305582,4,4004,0,1035,
1802,11,20,11002,0,0,854,tnind,854,43.013786,-78.859421,1596305596,11,11002,0,3040,
1804,14,19,14002,0,240,856,mowsh,860,42.882805,-78.872856,1596305556,14,14002,0,1028,
1805,22,19,26004,0,-360,855,bstmn,849,42.903896,-78.856255,1596305579,26,26004,0,2030,
1806,3,19,3004,0,60,865,trcem,866,42.914322,-78.890350,1596305603,3,3004,0,3015,
1807,13,20,18001,0,0,865,socam,865,42.954857,-78.820450,1596305597,18,18001,0,2016,
1808,23,20,23003,0,120,859,flfry,861,42.902328,-78.839241,1596305608,23,23003,0,2021,
1809,35,19,35003,0,-120,856,nfbsh,854,42.989506,-78.817322,1596305576,35,35003,0,3037,
1810,13,19,13004,0,120,858,dlvgr,860,42.930710,-78.829308,1596305585,13,13004,0,2034,
1811,40,20,40007,0,0,870,prtc,870,43.099339,-79.051704,1596305314,40,40007,0,3035,
1812,19,19,19005,0,60,860,bagen,861,42.927822,-78.813744,1596305585,19,19005,0,1032,
1813,40,20,40009,0,-60,874,brrtc,873,42.883274,-78.875648,1596305570,40,40009,0,3016,
1814,34,19,34003,0,0,859,nfbma,859,43.017197,-78.822380,1596305555,34,34003,0,3038,
1815,32,20,32005,0,99999,9999,bflst,872,42.945560,-78.906731,1596305555,32,32005,0,1025,
1816,12,20,12006,0,-120,857,filut,855,42.911102,-78.853683,1596305561,12,12006,0,2022,
1901,6,20,6003,0,0,856,glrml,856,42.910278,-78.763641,1596305389,6,6003,0,1021,
1902,23,20,23005,0,-60,862,brrtc,861,42.947815,-78.872665,1596305562,23,23005,0,2025,
1903,19,20,19004,0,-300,853,badlv,848,42.922321,-78.813637,1596305592,19,19004,0,1030,
1904,15,20,15002,0,-360,862,sogat,856,42.843452,-78.791451,1596305606,15,15002,0,1013,
1905,32,19,4002,0,-240,856,amsta,852,42.940830,-78.821823,1596305599,4,4002,0,1010,
1906,8,19,8004,0,120,859,wtfrt,861,42.884647,-78.876022,1596305585,8,8004,0,2024,
1907,20,19,20006,0,-180,858,elken,855,42.976662,-78.878777,1596305611,20,20006,0,3039,
1908,12,19,12005,0,0,860,nghmp,860,42.910938,-78.899879,1596305304,12,12005,0,2018,
1909,42,19,42001,0,-120,853,shops,851,42.831711,-78.787132,1596305580,42,42001,0,1017,
1910,12,19,12007,0,-120,857,filut,855,42.914513,-78.827591,1596305587,12,12007,0,2032,
1911,4,20,32007,0,-60,858,bdyfl,857,42.888882,-78.857895,1596305610,32,32007,0,1036,
1912,25,20,25004,0,-60,859,mnngr,858,43.000587,-78.875053,1596305581,25,25004,0,3041,
1913,26,19,22001,0,-180,856,gnhar,853,42.913963,-78.784264,1596305590,22,22001,0,2026,
1914,0,0,24007,4,0,880,airpt,880,42.959393,-78.890686,1596305608,24,24007,0,2038,
1916,5,20,25001,0,-420,863,socam,856,42.958622,-78.860237,1596305604,25,25001,0,3010,
1917,55,20,55003,0,-120,854,casno,852,43.088531,-79.059303,1596305582,55,55003,0,3042,
1918,48,20,48001,0,-240,854,ehmal,850,42.971767,-78.696716,1596305603,48,48001,0,2031,
1919,40,19,55001,0,60,873,tcbfl,874,42.938465,-78.904381,1596305580,55,55001,0,3009,
1920,34,19,11001,0,0,855,socam,855,42.955791,-78.820854,1596305593,11,11001,0,3024,
1921,13,19,8003,0,-180,853,utica,850,42.911572,-78.865189,1596305589,8,8003,0,2020,
1922,3,19,3003,0,0,855,ellop,855,42.882614,-78.872444,1596305473,3,3003,0,3013,
2206,16,20,16004,0,-300,856,spkls,851,42.876095,-78.871330,1596305580,16,16004,0,1029,
2215,52,19,52001,0,120,851,olopc,853,43.154339,-79.035072,1596305568,52,52001,0,3032,
2216,0,0,32006,6,-480,864,brrtc,856,42.900791,-78.899879,1596305571,32,32006,0,1027,
2218,4,20,32001,0,0,850,twyml,850,42.902138,-78.784081,1596305465,32,32001,0,1014,
2612,0,0,11003,4,120,853,ellop,855,42.882668,-78.872444,1596305555,11,11003,0,3044,
2618,18,19,18002,0,-540,858,genjf,849,42.909920,-78.854317,1596305562,18,18002,0,2029,
2623,32,19,4001,0,-60,857,brrtc,856,42.937008,-78.893776,1596305559,4,4001,0,1008,
8216,45,99,45216,99,99999,9999,,9999,42.980484,-78.818916,1596305603,45,46002,0,45216,
8217,45,99,45217,99,99999,9999,,9999,43.001438,-78.823166,1596305582,45,46003,0,45217,
8221,45,99,45221,99,99999,9999,,9999,42.906345,-78.802322,1596305564,45,47004,0,45221,
8222,45,99,45222,99,99999,9999,,9999,42.989147,-78.791824,1596305497,45,47005,0,45222,
8226,45,99,45226,99,99999,9999,,9999,42.884785,-78.755119,1596305566,45,48004,0,45226,
8233,45,99,45233,99,99999,9999,,9999,99.000000,999.000000,1596284294,45,50021,0,45233,
8234,45,99,45234,99,99999,9999,,9999,42.934093,-78.869133,1596305575,45,50022,0,45234,
8236,45,99,45236,99,99999,9999,,9999,99.000000,999.000000,1596275328,45,50024,0,45236,
8240,45,99,45240,99,99999,9999,,9999,42.826843,-78.754822,1596305553,45,52028,0,45240,
