1301,155,20,155003,0,0,1050,4pts,1050,43.079487,-78.981804,1596317339,155,155003,0,3060,
1304,155,19,155004,0,0,1051,ltity,1051,43.093922,-79.010765,1596317308,155,155004,0,3061,
1501,3,19,3005,0,180,1052,ellop,1055,42.883411,-78.876389,1596317366,3,3005,0,3033,
1502,20,20,20008,0,0,1056,orch,1056,42.988403,-78.873116,1596317367,20,20008,0,3054,
1504,23,20,23007,0,-300,1057,brrtc,1052,42.947815,-78.877914,1596317321,23,23007,0,2040,
1505,48,19,13003,0,0,1080,socam,1080,42.954525,-78.821190,1596316986,13,13003,0,2033,
1506,20,19,20005,0,0,1050,ellop,1050,42.882614,-78.872444,1596317282,20,20005,0,3034,
1507,15,20,46002,0,0,1042,sogat,1042,42.908958,-78.771202,1596317352,46,46002,0,1042,
1509,6,19,6005,0,-180,1059,wldba,1056,42.903595,-78.783371,1596317370,6,6005,0,1031,
1511,23,19,23008,0,-240,1055,abtba,1051,42.870045,-78.845535,1596317369,23,23008,0,2042,
1514,32,19,32010,0,-300,1054,dlwam,1049,42.940334,-78.838982,1596317348,32,32010,0,1043,
1516,24,20,24005,0,-420,1051,andrw,1044,42.916439,-78.804108,1596317359,24,24005,0,2027,
1517,3,20,5004,0,0,1056,frgrt,1056,42.902660,-78.886627,1596317318,5,5004,0,3029,
1518,16,19,16005,0,0,1050,mowsh,1050,42.887562,-78.872780,1596317312,16,16005,0,1040,
1519,3,20,20007,0,0,1072,tonvl,1072,42.960106,-78.907394,1596317357,20,20007,0,3053,
1520,6,19,6009,0,-60,1060,wtfrt,1059,42.888058,-78.869843,1596317357,6,6009,0,1052,
1601,50,20,40012,0,0,1026,nftc,1026,43.100826,-78.980019,1596317184,40,40012,0,3046,
1603,4,20,32012,0,0,1063,twyml,1063,42.902824,-78.783669,1596315992,32,32012,0,1051,
1604,0,0,24009,4,0,1090,airpt,1090,42.959171,-78.890984,1596317276,24,24009,0,2047,
1605,11,19,3006,0,-60,1054,clvkn,1053,42.981312,-78.858711,1596317323,3,3006,0,3049,
1606,11,20,25003,0,0,1053,dlwdv,1053,42.909039,-78.870995,1596317325,25,25003,0,3031,
1607,16,20,14004,0,-60,1051,rdgsp,1050,42.831242,-78.823868,1596317368,14,14004,0,1053,
1608,0,0,40004,5,-240,994,front,990,42.941189,-78.892990,1596317319,40,40004,0,3021,
1609,0,0,19007,4,60,1049,socam,1050,42.954193,-78.820595,1596317332,19,19007,0,1055,
1610,24,19,24006,0,0,1053,bagen,1053,42.918034,-78.800423,1596317365,24,24006,0,2035,
1611,12,19,12009,0,-300,1054,filut,1049,42.914513,-78.824280,1596317334,12,12009,0,2037,
1612,23,20,23006,0,0,1053,bdyfl,1053,42.879120,-78.839172,1596317332,23,23006,0,2028,
1614,34,19,34002,0,240,1051,socam,1055,42.958099,-78.822342,1596317333,34,34002,0,3028,
1616,25,20,25007,0,0,1054,orch,1054,42.971931,-78.871140,1596317311,25,25007,0,3063,
1617,25,19,25005,0,180,1059,orch,1062,43.020527,-78.879776,1596317353,25,25005,0,3045,
1619,40,19,40013,0,99999,9999,tcbfl,1040,42.896584,-78.887703,1596317317,40,40013,0,3047,
1620,6,20,6007,0,-120,1050,sycfl,1048,42.895454,-78.846169,1596317344,6,6007,0,1049,
1621,25,19,25006,0,-300,1054,dlwdv,1049,42.935440,-78.866524,1596317363,25,25006,0,3062,
1622,0,0,13006,4,0,1055,ctyli,1055,42.958649,-78.814529,1596317351,13,13006,0,2045,
1623,42,19,42004,0,-120,1050,tpodl,1048,42.827034,-78.845573,1596317361,42,42004,0,1048,
1624,15,20,15003,0,-180,1056,sensm,1053,42.880661,-78.869057,1596317315,15,15003,0,1033,
1701,42,20,42003,0,0,1059,shops,1059,42.826210,-78.820747,1596317369,42,42003,0,1046,
1702,14,19,14003,0,0,1080,mowsh,1080,42.887646,-78.872818,1596317253,14,14003,0,1034,
1703,16,19,16004,0,-180,1058,rdgsp,1055,42.797142,-78.823830,1596317369,16,16004,0,1029,
1705,12,20,12008,0,60,1050,badlv,1051,42.919106,-78.813675,1596317298,12,12008,0,2036,
1707,40,19,40011,0,180,1055,tcbfl,1058,42.895180,-78.886551,1596317329,40,40011,0,3023,
1708,40,20,40010,0,0,1063,falls,1063,43.037109,-78.977371,1596317336,40,40010,0,3043,
1709,32,19,32008,0,-60,1049,brrtc,1048,42.945644,-78.907356,1596317358,32,32008,0,1039,
1710,8,19,8005,0,0,1050,wtfrt,1050,42.880165,-78.882828,1596317085,8,8005,0,2039,
1711,2,19,2003,0,0,1056,clmgm,1056,42.879478,-78.840210,1596317347,2,2003,0,1045,
1712,0,0,40015,4,0,1051,nftc,1051,43.100689,-78.979797,1596317202,40,40015,0,3059,
1713,40,20,40008,0,0,1052,prtc,1052,43.099644,-79.051483,1596316935,40,40008,0,3036,
1714,5,19,3008,0,60,1057,ellop,1058,42.893036,-78.884544,1596317329,3,3008,0,3056,
1715,5,20,5005,0,0,1056,socam,1056,42.958542,-78.850555,1596317354,5,5005,0,3055,
1801,4,19,4004,0,-120,1054,bdmgn,1052,42.892456,-78.842224,1596317356,4,4004,0,1035,
1802,5,20,11002,0,-120,1056,ngvrg,1054,42.883354,-78.876205,1596317331,11,11002,0,3040,
1804,14,20,14002,0,0,1050,mcmal,1050,42.782318,-78.808464,1596317351,14,14002,0,1028,
1805,22,19,26004,0,0,1050,lkv,1050,42.898178,-78.893623,1596317314,26,26004,0,2030,
1806,32,19,32011,0,-240,1055,ungen,1051,42.907059,-78.754784,1596317323,32,32011,0,1047,
1807,13,20,12010,0,0,1050,socam,1050,42.954334,-78.820778,1596317269,12,12010,0,2041,
1809,35,20,35003,0,-120,1057,ens,1055,42.951363,-78.908813,1596317312,35,35003,0,3037,
1810,13,19,13004,0,120,1058,utica,1060,42.912560,-78.865524,1596317359,13,13004,0,2034,
1811,35,19,40007,0,60,1053,nfbsh,1054,42.990879,-78.815231,1596317347,40,40007,0,3035,
1812,19,20,19005,0,120,1078,socam,1080,42.954414,-78.821007,1596316993,19,19005,0,1032,
1813,50,20,50004,0,-120,1051,nuniv,1049,43.153790,-79.031425,1596317068,50,50004,0,3052,
1814,34,20,34003,0,0,1050,hazwd,1050,43.028885,-78.812889,1596317350,34,34003,0,3038,
1815,0,0,24008,4,0,1075,ctyli,1075,42.959171,-78.890945,1596317290,24,24008,0,2046,
1816,0,0,12006,5,-60,1062,front,1061,42.958294,-78.831200,1596317355,12,12006,0,2022,
1902,23,19,23005,0,120,1053,mnfil,1055,42.946083,-78.832024,1596317357,23,23005,0,2025,
1903,19,20,19004,0,-120,1050,bdyba,1048,42.889816,-78.814117,1596317327,19,19004,0,1030,
1904,4,20,6008,0,120,1051,michl,1053,42.897572,-78.803955,1596317341,6,6008,0,1050,
1905,40,19,40014,0,-60,1051,giplz,1050,43.047337,-78.987167,1596317334,40,40014,0,3050,
1906,8,20,8004,0,0,1050,socam,1050,42.954937,-78.819962,1596317320,8,8004,0,2024,
1907,20,20,20006,0,-180,1058,elken,1055,42.933159,-78.876984,1596317345,20,20006,0,3039,
1908,26,20,13005,0,99999,9999,elmdv,1026,42.922653,-78.813408,1596317337,13,13005,0,2043,
1909,34,20,5007,0,0,1050,nfbma,1050,42.988239,-78.822456,1596317314,5,5007,0,3058,
1910,12,19,12007,0,180,1047,nghmp,1050,42.910938,-78.899879,1596317241,12,12007,0,2032,
1912,25,20,25004,0,0,1053,dlwnr,1053,42.893833,-78.875687,1596317364,25,25004,0,3041,
1913,26,19,22001,0,-60,1058,dlvst,1057,42.922707,-78.816498,1596317325,22,22001,0,2026,
1914,24,19,24007,0,0,1051,marmn,1051,42.877277,-78.877769,1596317343,24,24007,0,2038,
1915,19,19,19006,0,0,1050,wlmba,1050,42.889103,-78.814270,1596317337,19,19006,0,1044,
1916,34,19,34004,0,0,1065,socam,1065,42.955074,-78.820183,1596316746,34,34004,0,3048,
1917,55,19,55003,0,-60,1053,mlnfb,1052,43.098625,-78.945030,1596317316,55,55003,0,3042,
1918,13,20,48001,0,0,1059,winsp,1059,42.925484,-78.829155,1596317338,48,48001,0,2031,
1920,20,19,5006,0,0,1051,elmdv,1051,42.928154,-78.877098,1596317347,5,5006,0,3057,
1921,15,19,15004,0,-180,1059,scl,1056,42.829620,-78.762901,1596317324,15,15004,0,1054,
1922,5,20,3007,0,0,1040,socam,1040,42.958706,-78.864258,1596317318,3,3007,0,3051,
2203,0,0,12011,4,-60,1051,socam,1050,42.955269,-78.821075,1596317292,12,12011,0,2044,
2215,52,20,52001,0,180,1035,nftc,1038,42.980732,-78.889717,1596317357,52,52001,0,3032,
2216,46,19,32006,0,120,1038,twyml,1040,42.903294,-78.783897,1596316673,32,32006,0,1027,
2612,3,19,11003,0,-120,1050,sklmt,1048,42.956779,-78.890572,1596317324,11,11003,0,3044,
2618,18,19,18002,0,0,1045,spkls,1045,42.871475,-78.863068,1596317361,18,18002,0,2029,
2619,1,20,1001,0,0,1049,wmbck,1049,42.885033,-78.839279,1596317313,1,1001,0,1038,
2623,32,20,32009,0,0,1052,clwbr,1052,42.944378,-78.796028,1596317339,32,32009,0,1041,
8205,45,99,45205,99,99999,9999,,9999,42.808777,-78.846092,1596317328,45,42007,0,45205,
8216,45,99,45216,99,99999,9999,,9999,42.994701,-78.697838,1596317341,45,46002,0,45216,
8217,45,99,45217,99,99999,9999,,9999,43.092823,-79.058113,1596317299,45,46003,0,45217,
8221,45,99,45221,99,99999,9999,,9999,42.835423,-78.755829,1596317281,45,47004,0,45221,
8229,45,99,45229,99,99999,9999,,9999,42.980404,-78.811699,1596317346,45,49001,0,45229,
8240,45,99,45240,99,99999,9999,,9999,42.981640,-78.870399,1596317351,45,52028,0,45240,
