1066,155,19,155002,0,-120,813,econo,811,43.093948,-78.986275,1596303050,155,155002,0,3027,
1301,155,20,155001,0,-120,813,hojo,811,43.097443,-78.981468,1596303036,155,155001,0,3017,
1501,25,19,3005,0,0,816,dlwnr,816,42.915833,-78.869171,1596303063,3,3005,0,3033,
1502,1,20,32002,0,99999,9999,wmbck,812,42.885033,-78.843452,1596303063,32,32002,1,1015,
1504,32,20,32004,0,-60,814,bflst,813,42.940529,-78.878960,1596303019,32,32004,0,1018,
1506,11,19,20005,0,0,810,ellop,810,42.882584,-78.872299,1596302979,20,20005,0,3034,
1507,12,20,12003,0,120,815,utica,817,42.911350,-78.873413,1596303049,12,12003,0,2013,
1508,35,19,35002,0,0,811,ens,811,42.983070,-78.893219,1596302973,35,35002,0,3019,
1509,6,19,6005,0,-780,820,twyml,807,42.911873,-78.765358,1596303066,6,6005,0,1031,
1511,2,19,2002,0,0,820,tcbfl,820,42.883411,-78.872223,1596303065,2,2002,0,1020,
1512,26,19,26003,0,0,812,badlv,812,42.922733,-78.807976,1596303059,26,26003,0,2019,
1514,48,19,8001,0,0,814,mnegt,814,42.963379,-78.783600,1596303070,8,8001,0,2008,
1516,24,20,24005,0,-2400,815,genmn,775,42.884922,-78.872185,1596303056,24,24005,0,2027,
1517,5,20,5004,0,-420,811,dlwkn,804,42.958649,-78.868980,1596303074,5,5004,0,3029,
1518,13,20,8002,0,60,818,winsp,819,42.934917,-78.820969,1596303067,8,8002,0,2011,
1519,16,20,16003,0,-120,810,rdgsp,808,42.827145,-78.824097,1596303023,16,16003,0,1012,
1520,24,20,24004,0,-180,815,bagen,812,42.904640,-78.833549,1596303054,24,24004,0,2015,
1601,3,20,20002,0,0,814,frgrt,814,42.910332,-78.893883,1596303058,20,20002,0,3007,
1603,32,20,4003,0,60,819,ungen,820,42.945011,-78.775520,1596303061,4,4003,0,1023,
1604,12,20,12004,0,-180,819,knegt,816,42.926640,-78.813637,1596303032,12,12004,0,2017,
1605,0,0,3002,5,-60,822,front,821,42.935909,-78.897011,1596303023,3,3002,0,3005,
1606,25,19,25003,0,-60,818,orch,817,43.019260,-78.875496,1596303021,25,25003,0,3031,
1607,20,20,20003,0,0,814,orch,814,42.988377,-78.873154,1596303064,20,20003,0,3022,
1608,0,0,40004,6,0,835,nftc,835,43.100716,-78.979828,1596302897,40,40004,0,3021,
1609,19,20,19003,0,0,810,socam,810,42.954994,-78.820480,1596302595,19,19003,0,1026,
1610,0,0,14001,5,-60,815,front,814,42.947979,-78.890869,1596303062,14,14001,0,1004,
1611,4,20,2001,0,0,815,twyml,815,42.901039,-78.784042,1596303031,2,2001,0,1009,
1612,23,20,23006,0,-240,811,mnfil,807,42.935909,-78.839203,1596303029,23,23006,0,2028,
1614,34,19,34002,0,240,821,socam,825,42.955132,-78.820969,1596303030,34,34002,0,3028,
1615,6,20,16002,0,0,826,glrml,826,42.910442,-78.763611,1596303037,16,16002,0,1011,
1616,32,19,32003,0,-360,812,brrtc,806,42.944294,-78.907211,1596303067,32,32003,0,1016,
1617,40,20,40006,0,0,840,prtc,840,43.099396,-79.051636,1596302334,40,40006,0,3026,
1618,50,20,50002,0,0,822,bfhyd,822,43.084133,-79.058891,1596303042,50,50002,0,3011,
1619,20,19,20004,0,60,818,elmnr,819,42.918804,-78.877136,1596303074,20,20004,0,3025,
1620,6,19,6004,0,180,817,wtfrt,820,42.880138,-78.882790,1596303041,6,6004,0,1024,
1621,55,19,50001,0,-480,817,nfb56,809,43.093044,-78.972794,1596303059,50,50001,0,3002,
1622,46,19,46001,0,0,810,twyml,810,42.902523,-78.783707,1596302570,46,46001,0,1022,
1624,0,0,15003,4,-540,824,sogat,815,42.875957,-78.808762,1596303073,15,15003,0,1033,
1701,25,20,25002,0,0,819,orch,819,42.960354,-78.869728,1596303065,25,25002,0,3014,
1702,0,0,14003,4,99999,9999,mowsh,805,42.884895,-78.872261,1596303069,14,14003,0,1034,
1703,42,19,42002,0,60,817,spkls,818,42.839191,-78.857071,1596303034,42,42002,0,1019,
1704,23,20,23004,0,0,810,brrtc,810,42.945614,-78.907394,1596303052,23,23004,0,2023,
1705,0,0,12002,5,-300,819,front,814,42.958679,-78.859268,1596303055,12,12002,0,2012,
1707,8,19,13001,0,120,814,wtfrt,816,42.877911,-78.879410,1596303026,13,13001,0,2007,
1708,0,0,40010,4,-300,830,tcbfl,825,42.959446,-78.890793,1596303033,40,40010,0,3043,
1709,15,20,15001,0,-60,811,scl,810,42.848511,-78.801872,1596303056,15,15001,0,1006,
1710,24,19,24003,0,-180,812,genfl,809,42.906979,-78.827965,1596303020,24,24003,0,2014,
1711,5,19,5002,0,0,825,ellop,825,42.882557,-78.872147,1596302831,5,5002,0,3008,
1712,55,20,55002,0,-240,814,pnhyd,810,43.094913,-79.045044,1596302958,55,55002,0,3030,
1713,40,20,40008,0,-60,823,brrtc,822,42.883080,-78.873375,1596302479,40,40008,0,3036,
1714,5,19,34001,0,-60,818,ellop,817,42.892925,-78.884468,1596303045,34,34001,0,3020,
1715,34,19,5003,0,60,799,socam,800,42.958679,-78.859642,1596303051,5,5003,0,3018,
1716,40,19,40002,0,120,817,tcbfl,819,42.898205,-78.889343,1596303027,40,40002,0,3012,
1801,0,0,4004,4,-420,833,twyml,826,42.951939,-78.890388,1596303053,4,4004,0,1035,
1802,11,20,11002,0,-660,816,dlwnr,805,42.889019,-78.877319,1596303028,11,11002,0,3040,
1804,14,20,14002,0,0,815,mcmal,815,42.782566,-78.808571,1596302964,14,14002,0,1028,
1805,26,20,26004,0,-240,814,gnhar,810,42.922733,-78.794128,1596303071,26,26004,0,2030,
1806,3,20,3004,0,0,832,tonvl,832,42.960106,-78.907959,1596302960,3,3004,0,3015,
1807,0,0,18001,6,0,820,utica,820,42.911541,-78.864853,1596302846,18,18001,0,2016,
1808,23,19,23003,0,0,812,flfry,812,42.921967,-78.839470,1596303040,23,23003,0,2021,
1809,35,20,35003,0,0,823,flint,823,42.980511,-78.818176,1596303068,35,35003,0,3037,
1811,40,20,40007,0,-240,811,giplz,807,43.021404,-78.962448,1596303044,40,40007,0,3035,
1812,19,20,19005,0,-300,813,bdyba,808,42.887947,-78.814156,1596303046,19,19005,0,1032,
1813,40,19,40009,0,0,816,ngvln,816,42.985188,-78.935799,1596303061,40,40009,0,3016,
1814,34,20,34003,0,-240,814,hazwd,810,43.036171,-78.820930,1596302987,34,34003,0,3038,
1815,32,19,32005,0,99999,9999,glrml,780,42.940281,-78.835487,1596303046,32,32005,0,1025,
1816,12,19,12006,0,-180,817,nghmp,814,42.913109,-78.882011,1596303052,12,12006,0,2022,
1901,6,20,6003,0,-120,811,sycfl,809,42.897461,-78.839729,1596303060,6,6003,0,1021,
1902,23,19,23005,0,0,810,abtba,810,42.857643,-78.828636,1596302994,23,23005,0,2025,
1903,19,19,19004,0,60,815,abtba,816,42.873867,-78.818810,1596303024,19,19004,0,1030,
1904,15,19,15002,0,180,817,lterr,820,42.883327,-78.879814,1596303057,15,15002,0,1013,
1905,32,20,4002,0,0,810,twyml,810,42.902798,-78.783669,1596302553,4,4002,0,1010,
1906,13,20,8004,0,0,825,socam,825,42.954304,-78.820816,1596302838,8,8004,0,2024,
1907,20,20,20006,0,-300,821,elken,816,42.933075,-78.876984,1596303043,20,20006,0,3039,
1908,12,19,12005,0,0,815,badlv,815,42.929913,-78.801949,1596303034,12,12005,0,2018,
1909,42,20,42001,0,-120,811,lcvtc,809,42.826099,-78.824020,1596303071,42,42001,0,1017,
1910,0,0,12007,4,-600,825,ctyli,815,42.958649,-78.866081,1596303056,12,12007,0,2032,
1912,0,0,25004,4,-60,811,ellop,810,42.882778,-78.871925,1596303061,25,25004,0,3041,
1913,22,19,22001,0,-300,810,lkv,805,42.898151,-78.893700,1596303019,22,22001,0,2026,
1914,13,19,13002,0,-120,812,utica,810,42.915363,-78.863701,1596303040,13,13002,0,2010,
1915,3,19,20001,0,-60,816,ellop,815,42.889019,-78.875908,1596303038,20,20001,0,3006,
1916,5,20,25001,0,-120,811,ngvrg,809,42.891716,-78.883095,1596303037,25,25001,0,3010,
1918,8,20,48001,0,-360,816,amsta,810,42.924660,-78.854576,1596303035,48,48001,0,2031,
1919,40,19,55001,0,0,819,casno,819,43.096729,-79.050179,1596303072,55,55001,0,3009,
1920,34,20,11001,0,0,820,advpk,820,42.994068,-78.822380,1596303045,11,11001,0,3024,
1921,8,20,8003,0,0,810,socam,810,42.954250,-78.820633,1596303021,8,8003,0,2020,
1922,3,19,3003,0,60,824,frgrt,825,42.944241,-78.891579,1596303075,3,3003,0,3013,
2206,16,19,16004,0,-180,816,abtba,813,42.844223,-78.823944,1596303066,16,16004,0,1029,
2215,52,19,52001,0,60,820,prtc,821,43.096893,-79.025169,1596303051,52,52001,0,3032,
2216,4,19,32006,0,-120,810,michl,808,42.899799,-78.791565,1596303058,32,32006,0,1027,
2218,4,19,32001,0,-120,812,tcbfl,810,42.883602,-78.872704,1596303070,32,32001,0,1014,
2618,18,19,18002,0,0,789,genjf,789,42.930298,-78.855400,1596303049,18,18002,0,2029,
2619,11,19,5001,0,-60,815,dlwdv,814,42.944267,-78.868462,1596303023,5,5001,0,3004,
2623,32,19,4001,0,0,811,ungen,811,42.922764,-78.754379,1596303042,4,4001,0,1008,
8216,45,99,45216,99,99999,9999,,9999,42.954498,-78.869614,1596303028,45,46002,0,45216,
8217,45,99,45217,99,99999,9999,,9999,42.904942,-78.784492,1596303065,45,46003,0,45217,
8221,45,99,45221,99,99999,9999,,9999,42.922489,-78.844528,1596303046,45,47004,0,45221,
8222,45,99,45222,99,99999,9999,,9999,42.805172,-78.795174,1596303041,45,47005,0,45222,
8226,45,99,45226,99,99999,9999,,9999,42.974323,-78.792084,1596303053,45,48004,0,45226,
8232,45,99,45232,99,99999,9999,,9999,42.984032,-78.695862,1596302503,45,50020,0,45232,
8233,45,99,45233,99,99999,9999,,9999,99.000000,999.000000,1596284294,45,50021,0,45233,
8234,45,99,45234,99,99999,9999,,9999,42.991322,-78.788025,1596303062,45,50022,0,45234,
8236,45,99,45236,99,99999,9999,,9999,99.000000,999.000000,1596275328,45,50024,0,45236,
8238,45,99,45238,99,99999,9999,,9999,42.965691,-78.729881,1596303075,45,52026,0,45238,
8239,45,99,45239,99,99999,9999,,9999,42.862289,-78.819550,1596303028,45,52027,0,45239,
8240,45,99,45240,99,99999,9999,,9999,42.956177,-78.697647,1596302853,45,52028,0,45240,
