1001,22,19,22005,0,0,1221,wldba,1221,42.906593,-78.801353,1596241062,22,22005,0,2048,
1004,24,20,24020,0,-60,1228,genmn,1227,42.880165,-78.875015,1596241079,24,24020,0,2076,
1009,44,19,44009,0,0,1230,socam,1230,42.954140,-78.820557,1596240935,44,44009,0,2090,
1010,26,19,26008,0,-240,1221,badlv,1217,42.922817,-78.800011,1596241078,26,26008,0,2082,
1013,13,20,24016,0,-240,1221,socam,1217,42.952766,-78.813705,1596241060,24,24016,0,2073,
1014,26,20,26007,0,-60,1229,badlv,1228,42.922073,-78.854240,1596241085,26,26007,0,2081,
1015,24,20,24018,0,0,1228,airpt,1228,42.934120,-78.730629,1596241060,24,24018,0,2074,
1017,47,19,13008,0,-120,1223,eccn,1221,42.953041,-78.724152,1596241103,13,13008,0,2038,
1020,14,20,14011,0,0,1225,eccs,1225,42.786251,-78.810806,1596241061,14,14011,0,1041,
1021,6,20,6013,0,0,1237,glrml,1237,42.910114,-78.763641,1596240797,6,6013,0,1030,
1027,42,19,42006,0,99999,9999,mohel,1158,42.825798,-78.824280,1596241082,42,42006,1,1099,
1037,0,0,19015,4,99999,9999,socam,1045,42.908875,-78.813705,1596241060,19,19015,0,1076,
1042,19,19,19012,0,0,1228,abtba,1228,42.857670,-78.828636,1596240559,19,19012,0,1074,
1043,15,20,15010,0,-60,1230,sensm,1229,42.881374,-78.878067,1596241048,15,15010,0,1050,
1045,19,19,19014,0,0,1221,bagen,1221,42.922871,-78.813782,1596241100,19,19014,0,1075,
1046,15,20,15009,0,0,1220,sogat,1220,42.827778,-78.754486,1596240168,15,15009,0,1049,
1047,4,19,4009,0,-60,1220,michl,1219,42.898674,-78.784378,1596241095,4,4009,0,1020,
1052,4,20,32016,0,99999,9999,twyml,910,42.885914,-78.875832,1596241071,32,32016,0,1088,
1057,18,20,18005,0,0,1220,dlvst,1220,42.922352,-78.856438,1596240954,18,18005,0,2043,
1060,13,20,47004,0,-180,1218,flfry,1215,42.914566,-78.839355,1596241103,47,47004,0,2093,
1062,24,20,24015,0,120,1224,airpt,1226,42.927822,-78.750130,1596241074,24,24015,0,2072,
1063,24,19,24014,0,0,1235,marmn,1235,42.877277,-78.877769,1596241007,24,24014,0,2071,
1103,48,20,48006,0,0,1224,mnun,1224,42.963791,-78.790970,1596241075,48,48006,0,2098,
1111,12,19,12025,0,-60,1223,filut,1222,42.914486,-78.824242,1596241091,12,12025,0,2031,
1115,13,19,13007,0,0,1249,utica,1249,42.911678,-78.864815,1596241097,13,13007,0,2037,
1119,23,20,23020,0,-60,1223,brrtc,1222,42.945671,-78.892921,1596241079,23,23020,0,2062,
1120,12,20,12017,0,0,1227,socam,1227,42.945122,-78.803398,1596241087,12,12017,0,2027,
1124,12,19,12022,0,0,1222,nghmp,1222,42.910965,-78.899841,1596241076,12,12022,0,2028,
1129,23,19,23021,0,-240,1221,abtba,1217,42.862675,-78.842033,1596241083,23,23021,0,2063,
1201,2,19,2009,0,0,1220,clmgm,1220,42.882832,-78.859383,1596241097,2,2009,0,1012,
1203,32,20,32021,0,60,1222,knhty,1223,42.938988,-78.811028,1596241063,32,32021,0,1092,
1205,32,19,32022,0,0,1223,amhba,1223,42.942013,-78.803772,1596241069,32,32022,0,1094,
1206,16,20,16013,0,120,1223,mnbfl,1225,42.734169,-78.825470,1596241092,16,16013,0,1061,
1211,32,19,32018,0,0,1232,brrtc,1232,42.945587,-78.906799,1596240982,32,32018,0,1090,
1304,155,20,155003,0,99999,9999,nfia,1200,43.089218,-78.972389,1596241055,155,155003,0,3114,
1501,55,19,55043,0,0,1240,prtc,1240,43.099339,-79.051704,1596241097,55,55043,0,3111,
1504,5,19,20018,0,0,1229,ellop,1229,42.882584,-78.872299,1596241064,20,20018,0,3048,
1511,20,20,20020,0,0,1219,orch,1219,42.988403,-78.873154,1596240858,20,20020,0,3050,
1512,25,19,25014,0,60,1224,dlwnr,1225,42.918941,-78.868317,1596241068,25,25014,0,3062,
1519,52,19,52030,0,99999,9999,olopc,1218,43.154285,-79.034508,1596240758,52,52030,1,3100,
1604,5,19,5022,0,0,1222,ngfry,1222,42.929443,-78.897644,1596241055,5,5022,0,3030,
1607,3,20,3018,0,99999,9999,trcem,1209,42.907692,-78.891167,1596241072,3,3018,0,3012,
1608,5,20,5021,0,120,1225,kenml,1227,42.951664,-78.904869,1596241085,5,5021,0,3029,
1610,55,20,55041,0,60,1235,nfia,1236,43.100468,-78.980499,1596241103,55,55041,0,3109,
1616,34,19,34009,0,-60,1229,nfbma,1228,43.027264,-78.806969,1596240987,34,34009,0,3069,
1622,40,19,40017,0,240,1221,tcbfl,1225,42.886131,-78.876801,1596241099,40,40017,0,3087,
1623,3,19,3019,0,0,1230,ellop,1230,42.882614,-78.872368,1596240947,3,3019,0,3013,
1703,35,19,35006,0,0,1220,brrtc,1220,42.945313,-78.907135,1596241042,35,35006,0,3074,
1705,20,19,25009,0,0,1220,ellop,1220,42.882530,-78.872040,1596241063,25,25009,0,3059,
1803,3,19,5017,0,0,1228,frgrt,1228,42.946274,-78.891243,1596241088,5,5017,0,3028,
1806,40,19,25010,0,-60,1221,casno,1220,43.094608,-79.053383,1596241067,25,25010,0,3060,
1807,40,20,3017,0,-60,1227,brrtc,1226,42.913166,-78.899658,1596241074,3,3017,0,3011,
1808,11,20,11005,0,-120,1228,dlwnr,1226,42.883163,-78.873268,1596241074,11,11005,0,3034,
1813,25,20,25013,0,-180,1220,dlwkn,1217,42.951088,-78.868797,1596241050,25,25013,0,3061,
1818,16,19,16014,0,0,1228,abtba,1228,42.826981,-78.823944,1596241078,16,16014,0,1062,
1819,32,20,32020,0,99999,9999,twyml,1205,42.902523,-78.783745,1596240781,32,32020,1,1093,
1820,14,19,14012,0,0,1228,mowsh,1228,42.872986,-78.871513,1596241073,14,14012,0,1042,
1821,1,20,2011,0,-420,1223,wmmgn,1216,42.885941,-78.875908,1596241081,2,2011,0,1013,
1822,16,20,16015,0,0,1229,spkls,1229,42.889763,-78.870956,1596241081,16,16015,0,1063,
1901,155,20,155004,0,0,1218,econo,1218,43.090870,-79.000450,1596241080,155,155004,0,3115,
1903,20,19,20019,0,60,1229,ellop,1230,42.901093,-78.877213,1596241086,20,20019,0,3049,
1904,0,0,40012,5,0,1233,front,1233,43.102283,-78.943314,1596241049,40,40012,0,3084,
1909,55,20,55042,0,-300,1217,boces,1212,43.145870,-78.865967,1596241079,55,55042,0,3110,
1914,5,20,20016,0,0,1220,socam,1220,42.954609,-78.820778,1596240799,20,20016,0,3047,
1915,40,20,40016,0,120,1220,falls,1222,43.083832,-79.052826,1596241090,40,40016,0,3086,
1917,50,19,50025,0,-180,1229,bfhyd,1226,43.087708,-78.965355,1596241100,50,50025,0,3095,
1919,34,20,34011,0,0,1230,audbn,1230,42.998058,-78.822304,1596241053,34,34011,0,3070,
1920,20,20,40014,0,0,1219,elmdv,1219,42.917728,-78.877022,1596241066,40,40014,0,3085,
1921,35,19,35007,0,0,1222,dlwsh,1222,42.980843,-78.837341,1596240999,35,35007,0,3075,
1922,11,19,11006,0,-120,1227,prpky,1225,43.014614,-78.854538,1596241056,11,11006,0,3035,
2005,44,19,13006,0,0,1218,crspt,1218,43.043049,-78.743729,1596241036,13,13006,0,2036,
2010,22,20,26006,0,60,1223,twyml,1224,42.907227,-78.792717,1596241090,26,26006,0,2080,
2501,0,0,16016,6,-300,1216,tcbfl,1211,42.920589,-78.875275,1596241066,16,16016,0,1064,
2507,6,19,6014,0,-60,1226,wtfrt,1225,42.887096,-78.873154,1596241096,6,6014,0,1031,
2604,24,19,24019,0,-120,1222,andrw,1220,42.924576,-78.770790,1596241086,24,24019,0,2075,
2606,48,19,8006,0,0,1215,socam,1215,42.955132,-78.820892,1596241049,8,8006,0,2006,
2613,42,19,42007,0,0,1224,spkls,1224,42.839161,-78.857224,1596241054,42,42007,0,1100,
2615,46,19,32019,0,-120,1219,ctrbd,1217,42.907143,-78.671707,1596241059,32,32019,0,1091,
2620,0,0,32017,6,1980,1199,twyml,1232,42.902111,-78.784081,1596240885,32,32017,0,1089,
2702,8,19,8008,0,0,1225,wtfrt,1225,42.880165,-78.883018,1596240999,8,8008,0,2007,
2703,12,20,12023,0,120,1213,ctyli,1215,42.958649,-78.814415,1596241076,12,12023,0,2029,
2709,12,20,12024,0,60,1228,badlv,1229,42.910637,-78.839470,1596241062,12,12024,0,2030,
8216,45,99,45216,99,99999,9999,,9999,42.982632,-78.695122,1596241054,45,0,0,45216,
8240,45,99,45240,99,99999,9999,,9999,43.072884,-78.932259,1596240713,45,0,0,45240,
8304,45,99,45304,99,99999,9999,,9999,42.957851,-78.900024,1596241051,45,0,0,45304,
8306,45,99,45306,99,99999,9999,,9999,42.929279,-78.831871,1596240950,45,0,0,45306,
8309,45,99,45309,99,99999,9999,,9999,42.822304,-78.828117,1596241061,45,0,0,45309,
