1001,26,19,22005,0,-60,1146,dlvst,1145,42.921993,-78.831390,1596236383,22,22005,0,2048,
1003,23,20,23013,0,0,1142,flfry,1142,42.907059,-78.839058,1596236418,23,23013,0,2060,
1004,24,20,24020,0,0,1150,airpt,1150,42.934093,-78.730667,1596236103,24,24020,0,2076,
1009,44,20,44009,0,0,1144,lkpt,1144,43.169659,-78.689911,1596236313,44,44009,0,2090,
1010,22,20,26008,0,-420,1147,bstmn,1140,42.902714,-78.886368,1596236399,26,26008,0,2082,
1013,13,19,24016,0,0,1150,dlvgr,1150,42.939812,-78.813744,1596236380,24,24016,0,2073,
1014,26,20,26007,0,0,1157,twyml,1157,42.903099,-78.783524,1596236224,26,26007,0,2081,
1015,24,19,24018,0,-120,1144,genmn,1142,42.901974,-78.840286,1596236397,24,24018,0,2074,
1016,12,20,12013,0,0,1147,badlv,1147,42.914291,-78.832397,1596236369,12,12013,0,2024,
1017,12,20,13008,0,60,1147,socam,1148,42.948944,-78.809990,1596236422,13,13008,0,2038,
1018,44,19,44006,0,-420,1152,mlptr,1145,43.146366,-78.697052,1596236416,44,44006,0,2089,
1020,14,19,14011,0,-240,1142,mercy,1138,42.839630,-78.808014,1596236382,14,14011,0,1041,
1021,6,19,6013,0,0,1145,sycfl,1145,42.903156,-78.821823,1596236412,6,6013,0,1030,
1027,42,19,42006,0,60,1148,spkls,1149,42.835560,-78.854729,1596236403,42,42006,0,1099,
1030,76,19,76002,0,0,1143,athpr,1143,42.762356,-78.879143,1596236407,76,76002,0,1103,
1031,15,19,15009,0,120,1143,lterr,1145,42.881016,-78.870621,1596236372,15,15009,0,1049,
1037,0,0,19015,4,99999,9999,socam,1045,42.950787,-78.813675,1596236381,19,19015,0,1076,
1038,1,19,2008,0,-120,1146,ogplz,1144,42.884151,-78.772095,1596236375,2,2008,0,1011,
1040,4,19,32013,0,0,1148,tcbfl,1148,42.885994,-78.871513,1596236402,32,32013,0,1087,
1042,19,20,19012,0,0,1140,bdyba,1140,42.896610,-78.813972,1596236411,19,19012,0,1074,
1043,15,20,15010,0,60,1146,scl,1147,42.859814,-78.815536,1596236369,15,15010,0,1050,
1045,19,19,19014,0,60,1145,abtba,1146,42.874802,-78.818138,1596236419,19,19014,0,1075,
1047,2,19,4009,0,0,1160,tcbfl,1160,42.883602,-78.872559,1596236369,4,4009,0,1020,
1049,15,19,15007,0,300,1020,lterr,1025,42.594688,-79.091049,1596236366,15,15007,0,1048,
1052,4,20,32016,0,99999,9999,twyml,910,42.883659,-78.872635,1596236391,32,32016,0,1088,
1056,0,0,23011,5,0,1153,colds,1153,42.879147,-78.839203,1596236397,23,23011,0,2059,
1057,0,0,18005,6,0,1160,dlvst,1160,42.922321,-78.856438,1596236301,18,18005,0,2043,
1060,13,20,47004,0,-60,1141,socam,1140,42.957851,-78.818214,1596236422,47,47004,0,2093,
1062,24,19,24015,0,-360,1150,ungen,1144,42.933762,-78.731186,1596236424,24,24015,0,2072,
1063,24,20,24014,0,0,1144,andrw,1144,42.914429,-78.809166,1596236403,24,24014,0,2071,
1064,23,19,23014,0,-240,1147,hrtpk,1143,42.947678,-78.877769,1596236363,23,23014,0,2061,
1103,8,19,48006,0,0,1141,dlvst,1141,42.922569,-78.857033,1596236396,48,48006,0,2098,
1108,12,19,12016,0,-240,1144,nghmp,1140,42.915257,-78.891953,1596236396,12,12016,0,2026,
1110,0,0,12014,5,99999,9999,,9999,42.914539,-78.862358,1596236395,12,12014,0,2025,
1111,18,20,12025,0,0,1144,genjf,1144,42.884949,-78.853912,1596236410,12,12025,0,2031,
1115,13,19,13007,0,0,1144,utica,1144,42.911678,-78.864815,1596236291,13,13007,0,2037,
1119,23,19,23020,0,-120,1147,bdyfl,1145,42.913826,-78.839134,1596236422,23,23020,0,2062,
1120,12,19,12017,0,-120,1143,utica,1141,42.911156,-78.854317,1596236407,12,12017,0,2027,
1124,44,19,12022,0,0,1146,socam,1146,42.954826,-78.820412,1596236397,12,12022,0,2028,
1129,23,20,23021,0,-120,1144,brrtc,1142,42.945122,-78.894707,1596236403,23,23021,0,2063,
1130,48,19,48004,0,0,1144,mnegt,1144,42.963242,-78.783226,1596236390,48,48004,0,2097,
1201,2,20,2009,0,0,1143,trfrh,1143,42.867981,-78.724709,1596236357,2,2009,0,1012,
1203,32,19,32021,0,0,1142,amsta,1142,42.940144,-78.828415,1596236385,32,32021,0,1092,
1205,46,19,32022,0,-300,1147,wldtr,1142,42.909618,-78.742058,1596236389,32,32022,0,1094,
1206,16,19,16013,0,-120,1145,bnmc,1143,42.889900,-78.869392,1596236411,16,16013,0,1061,
1207,6,20,6009,0,0,1145,glrml,1145,42.910442,-78.763641,1596236416,6,6009,0,1029,
1211,32,20,32018,0,0,1140,twyml,1140,42.902851,-78.783669,1596236360,32,32018,0,1090,
1304,155,19,155003,0,0,1140,falls,1140,43.084244,-79.060791,1596236315,155,155003,0,3114,
1501,55,20,55043,0,0,1172,nfia,1172,43.101597,-78.939560,1596236415,55,55043,0,3111,
1504,5,20,20018,0,0,1145,socam,1145,42.954578,-78.820747,1596236385,20,20018,0,3048,
1511,5,19,20020,0,120,1142,ellop,1144,42.883411,-78.876282,1596236415,20,20020,0,3050,
1512,25,20,25014,0,0,1144,dlwdv,1144,42.908764,-78.871033,1596236388,25,25014,0,3062,
1519,52,20,52030,0,99999,9999,mlnfb,1130,43.091145,-78.968628,1596236400,52,52030,1,3100,
1604,35,19,5022,0,-120,1147,brrtc,1145,42.945091,-78.907433,1596236409,5,5022,0,3030,
1605,50,20,40010,0,0,1142,mlnfb,1142,43.080612,-78.960144,1596236406,40,40010,0,3082,
1607,20,19,3018,0,-60,1147,elmdv,1146,42.940392,-78.878700,1596236392,3,3018,0,3012,
1608,5,19,5021,0,60,1141,brrtc,1142,42.945889,-78.907692,1596236405,5,5021,0,3029,
1610,55,19,55041,0,-60,1146,nfb56,1145,43.091419,-78.972794,1596236421,55,55041,0,3109,
1616,34,19,34009,0,60,1139,socam,1140,42.955212,-78.820412,1596236011,34,34009,0,3069,
1622,40,20,40017,0,60,1142,falls,1143,43.083691,-79.055580,1596236418,40,40017,0,3087,
1623,3,20,3019,0,0,1150,frgrt,1150,42.893669,-78.879478,1596236405,3,3019,0,3013,
1703,35,20,35006,0,60,1147,flint,1148,42.990768,-78.812477,1596236421,35,35006,0,3074,
1705,20,20,25009,0,-120,1139,elken,1137,42.958431,-78.878365,1596236385,25,25009,0,3059,
1715,20,19,20014,0,0,1140,ellop,1140,42.882614,-78.872444,1596236208,20,20014,0,3046,
1803,3,19,5017,0,0,1143,trcem,1143,42.900158,-78.886032,1596236407,5,5017,0,3028,
1806,0,0,25010,6,0,1140,tcbfl,1140,42.883381,-78.872635,1596236388,25,25010,0,3060,
1807,3,20,3017,0,0,1146,tonvl,1146,42.960106,-78.907959,1596235650,3,3017,0,3011,
1808,11,20,11005,0,0,1160,prpky,1160,42.986507,-78.858376,1596235904,11,11005,0,3034,
1810,5,20,20013,0,-300,1142,ngfry,1137,42.907501,-78.897942,1596236390,20,20013,0,3045,
1812,5,19,11006,0,0,1155,ellop,1155,42.882584,-78.872185,1596236251,11,11006,0,3035,
1813,25,19,25013,0,-180,1142,orch,1139,43.000999,-78.875351,1596236370,25,25013,0,3061,
1818,16,20,16014,0,0,1141,rdgsp,1141,42.827145,-78.824097,1596236383,16,16014,0,1062,
1819,32,20,32020,0,-300,1154,bflst,1149,42.944214,-78.907326,1596236409,32,32020,0,1093,
1820,14,20,14012,0,60,1141,mcmal,1142,42.782566,-78.808571,1596236394,14,14012,0,1042,
1821,2,19,2011,0,-60,1143,cltun,1142,42.868286,-78.745888,1596236401,2,2011,0,1013,
1822,16,19,16015,0,180,1142,abtba,1145,42.854893,-78.827515,1596236402,16,16015,0,1063,
1901,155,19,155004,0,99999,9999,bswst,1144,43.100906,-78.941086,1596236401,155,155004,0,3115,
1903,20,20,20019,0,-120,1145,elmdv,1143,42.909809,-78.877060,1596236399,20,20019,0,3049,
1904,55,19,40012,0,0,1154,prtc,1154,43.099369,-79.051704,1596236369,40,40012,0,3084,
1909,55,20,55042,0,-120,1150,pnhyd,1148,43.084324,-79.059006,1596236258,55,55042,0,3110,
1910,34,20,34007,0,99999,9999,hazwd,1140,43.001163,-78.846504,1596236392,34,34007,1,3067,
1911,55,20,55038,0,480,1141,nfia,1149,43.099369,-78.941193,1596236377,55,55038,0,3108,
1912,0,0,40011,5,60,1166,front,1167,43.078442,-79.026360,1596236364,40,40011,0,3083,
1914,11,19,20016,0,60,1141,ellop,1142,42.882614,-78.874603,1596236414,20,20016,0,3047,
1915,40,19,40016,0,-120,1145,tcbfl,1143,42.895069,-78.886444,1596236409,40,40016,0,3086,
1917,50,20,50025,0,-60,1151,prtc,1150,43.135559,-79.041435,1596236419,50,50025,0,3095,
1919,5,20,34011,0,-60,1149,socam,1148,42.958595,-78.858932,1596236372,34,34011,0,3070,
1920,40,19,40014,0,0,1147,giplz,1147,43.075195,-78.991257,1596236328,40,40014,0,3085,
1921,0,0,35007,6,0,1140,brrtc,1140,42.945313,-78.907135,1596236320,35,35007,0,3075,
1922,25,20,5014,0,0,1146,mnngr,1146,43.004879,-78.874344,1596236371,5,5014,0,3027,
2005,44,20,13006,0,-300,1148,mlpsh,1143,42.957714,-78.818512,1596236386,13,13006,0,2036,
2010,26,20,26006,0,99999,9999,twyml,1107,42.901699,-78.784081,1596235349,26,26006,0,2080,
2218,34,20,34008,0,480,1131,hazwd,1139,43.028831,-78.815269,1596236370,34,34008,0,3068,
2501,16,19,16016,0,-300,1143,bgtsp,1138,42.771622,-78.824165,1596236399,16,16016,0,1064,
2507,6,20,6014,0,0,1146,twyml,1146,42.906921,-78.797256,1596236368,6,6014,0,1031,
2512,14,20,14008,0,-60,1146,abtba,1145,42.867294,-78.850151,1596236417,14,14008,0,1040,
2604,24,19,24019,0,0,1140,marmn,1140,42.877304,-78.878029,1596236332,24,24019,0,2075,
2606,48,20,8006,0,-60,1145,mnun,1144,42.963875,-78.792007,1596236386,8,8006,0,2006,
2613,42,20,42007,0,0,1142,lcvtc,1142,42.825798,-78.824615,1596236387,42,42007,0,1100,
2615,32,20,32019,0,0,1148,ungen,1148,42.944954,-78.772469,1596236391,32,32019,0,1091,
2616,4,20,1003,0,-300,1147,bdmgn,1142,42.885830,-78.875984,1596236415,1,1003,0,1006,
2620,4,20,32017,0,0,1147,twyml,1147,42.902164,-78.784042,1596236395,32,32017,0,1089,
2702,8,20,8008,0,-420,1146,mnaln,1139,42.888443,-78.871407,1596236395,8,8008,0,2007,
2703,12,20,12023,0,-180,1147,elmut,1144,42.915199,-78.891617,1596236402,12,12023,0,2029,
2709,12,19,12024,0,0,1141,knegt,1141,42.942757,-78.803772,1596236392,12,12024,0,2030,
8145,45,99,45145,99,99999,9999,,9999,42.922131,-78.877022,1596236367,45,0,0,45145,
8205,45,99,45205,99,99999,9999,,9999,42.959255,-78.891243,1596236379,45,0,0,45205,
8216,45,99,45216,99,99999,9999,,9999,42.942013,-78.802917,1596236390,45,0,0,45216,
8217,45,99,45217,99,99999,9999,,9999,42.959034,-78.892136,1596236274,45,0,0,45217,
8240,45,99,45240,99,99999,9999,,9999,43.017445,-78.784637,1596236402,45,0,0,45240,
8304,45,99,45304,99,99999,9999,,9999,42.943554,-78.868950,1596236388,45,0,0,45304,
8306,45,99,45306,99,99999,9999,,9999,42.835232,-78.786980,1596236401,45,0,0,45306,
8309,45,99,45309,99,99999,9999,,9999,42.835148,-78.786278,1596236025,45,0,0,45309,
