1001,8,19,8004,0,-60,425,dlvst,424,42.937943,-78.840622,1596193141,8,8004,0,2091,
1003,12,20,12003,0,180,419,utica,422,42.911514,-78.865265,1596193114,12,12003,0,2010,
1004,22,20,22002,0,0,420,twyml,420,42.903294,-78.783371,1596192911,22,22002,0,2045,
1005,0,0,66002,4,0,451,ehmal,451,99.000000,999.000000,1596192996,66,66002,0,2057,
1007,48,20,8002,0,-60,422,mnegt,421,42.958073,-78.817284,1596193119,8,8002,0,2002,
1008,18,20,18002,0,60,410,dlvst,411,42.900295,-78.854057,1596193144,18,18002,0,2040,
1010,24,19,12006,0,-180,419,marmn,416,42.877277,-78.877693,1596193149,12,12006,0,2013,
1011,12,20,12001,0,60,419,knegt,420,42.941792,-78.802948,1596193116,12,12001,0,2008,
1014,13,20,13002,0,0,423,flfry,423,42.915226,-78.858040,1596193126,13,13002,0,2033,
1017,26,19,26004,0,0,423,elmdv,423,42.922295,-78.860611,1596193132,26,26004,0,2015,
1018,0,0,23009,4,99999,9999,abtba,441,99.000000,999.000000,1596193084,23,23009,0,2087,
1020,46,19,4001,0,-240,425,wldtr,421,42.909122,-78.735390,1596193132,4,4001,0,1014,
1021,16,19,14001,0,0,419,bgtsp,419,42.768929,-78.824020,1596193122,14,14001,0,1032,
1022,0,0,2006,4,0,420,eaura,420,42.769421,-78.610397,1596192849,2,2006,0,1046,
1023,4,19,6004,0,-240,423,michl,419,42.907143,-78.783897,1596193123,6,6004,0,1024,
1026,6,20,6002,0,-60,425,twyml,424,42.905960,-78.805298,1596193102,6,6002,0,1022,
1027,4,19,32001,0,0,420,tcbfl,420,42.883492,-78.872635,1596193017,32,32001,0,1077,
1029,2,19,2005,0,-300,424,cltun,419,42.867954,-78.730965,1596193122,2,2005,0,1083,
1030,0,0,74002,4,-120,442,hrmhl,440,42.874828,-78.827370,1596193110,74,74002,0,1005,
1031,6,19,6001,0,0,422,wtfrt,422,42.880249,-78.882942,1596193004,6,6001,0,1021,
1032,19,20,19007,0,99999,9999,bdyba,417,42.896637,-78.813972,1596193104,19,19007,1,1085,
1033,74,19,6006,0,60,439,ellop,440,42.816090,-78.846054,1596193114,6,6006,0,1027,
1034,4,19,4004,0,0,424,bdmgn,424,42.892017,-78.844193,1596193108,4,4004,0,1017,
1037,2,19,2001,0,-60,426,tcbfl,425,42.885857,-78.873451,1596193128,2,2001,0,1007,
1038,32,19,32004,0,0,425,dlwam,425,42.940392,-78.846352,1596193068,32,32004,0,1080,
1040,1,20,46001,0,-120,419,aptml,417,42.885059,-78.755119,1596193093,46,46001,0,1101,
1042,42,20,42003,0,-900,427,tpodl,412,42.866413,-78.866379,1596193103,42,42003,0,1097,
1043,19,19,19002,0,60,425,bagen,426,42.928261,-78.813782,1596193112,19,19002,0,1066,
1044,70,19,70001,0,180,422,hrnmn,425,42.883217,-78.874794,1596193117,70,70001,0,1079,
1045,0,0,2007,4,99999,9999,ctrbd,446,42.882092,-78.824951,1596193131,2,2007,0,1037,
1047,4,20,4003,0,0,422,michl,422,42.897160,-78.811546,1596193132,4,4003,0,1016,
1049,32,19,32005,0,0,418,clwbr,418,42.944981,-78.776932,1596193115,32,32005,0,1081,
1050,76,19,1002,0,-240,423,lkrt5,419,42.699791,-78.983253,1596193105,1,1002,0,1002,
1052,14,20,14002,0,99999,9999,eccs,412,42.772587,-78.797180,1596192813,14,14002,1,1033,
1055,18,20,18003,0,-60,424,genjf,423,42.877224,-78.856255,1596193134,18,18003,0,2016,
1057,26,20,26001,0,120,423,twyml,425,42.907391,-78.784302,1596193112,26,26001,0,2077,
1061,47,20,49001,0,180,420,eccn,423,42.966156,-78.720352,1596193141,49,49001,0,2099,
1062,26,20,26002,0,-180,418,twyml,415,42.903072,-78.783524,1596193135,26,26002,0,2079,
1065,24,20,24001,0,0,423,ungen,423,42.921360,-78.787315,1596193105,24,24001,0,2064,
1105,0,0,47002,4,-660,431,holtz,420,42.929691,-78.825584,1596193116,47,47002,0,2092,
1106,13,20,8001,0,120,421,socam,423,42.958183,-78.817360,1596193121,8,8001,0,2001,
1108,12,19,12009,0,-120,422,knegt,420,42.948860,-78.807236,1596193147,12,12009,0,2018,
1109,0,0,67002,4,60,436,eccn,437,42.933022,-78.808495,1596193098,67,67002,0,2046,
1110,44,20,24005,0,-300,419,lkpt,414,43.167816,-78.696014,1596193120,24,24005,0,2068,
1111,23,19,23006,0,120,427,abtba,429,42.878983,-78.839355,1596193093,23,23006,0,2054,
1112,44,20,44005,0,0,422,flint,422,42.988873,-78.791000,1596193095,44,44005,0,2041,
1114,24,19,24006,0,0,423,genfl,423,42.908573,-78.824097,1596193118,24,24006,0,2004,
1115,0,0,67001,4,-240,414,eccn,410,42.956093,-78.737999,1596193101,67,67001,0,2017,
1116,48,19,13001,0,-240,421,eccn,417,42.957439,-78.718864,1596193142,13,13001,0,2032,
1118,24,20,24002,0,0,421,airpt,421,42.934120,-78.730629,1596193107,24,24002,0,2065,
1120,23,19,23008,0,-240,435,hrtpk,431,42.943634,-78.907059,1596193121,23,23008,0,2056,
1122,49,20,48001,0,0,427,mhosp,427,42.996243,-78.730705,1596193104,48,48001,0,2094,
1123,44,20,44003,0,0,419,mlptr,419,43.080006,-78.699471,1596193108,44,44003,0,2085,
1124,8,20,18001,0,-60,419,amsta,418,42.940117,-78.839058,1596193147,18,18001,0,2039,
1126,23,20,23007,0,-180,421,bdyfl,418,42.884785,-78.839172,1596193143,23,23007,0,2069,
1127,12,19,12007,0,0,418,utica,418,42.911266,-78.864815,1596193119,12,12007,0,2014,
1128,44,19,44002,0,-120,421,flint,419,42.997478,-78.777786,1596193140,44,44002,0,2084,
1129,24,19,24003,0,960,395,marmn,411,42.877331,-78.877914,1596193126,24,24003,0,2066,
1130,0,0,12010,4,-120,432,ctyli,430,42.926064,-78.853088,1596193128,12,12010,0,2020,
1203,32,19,4002,0,0,425,brrtc,425,42.945644,-78.907097,1596192645,4,4002,0,1015,
1204,16,20,16001,0,-60,421,mcmal,420,42.789688,-78.814789,1596193129,16,16001,0,1051,
1205,0,0,42001,6,0,448,sogat,448,42.828217,-78.753632,1596193146,42,42001,0,1095,
1206,6,19,6005,0,120,422,sycfl,424,42.901283,-78.827820,1596193101,6,6005,0,1084,
1207,32,19,32002,0,-60,426,ungen,425,42.908379,-78.759361,1596193094,32,32002,0,1078,
1208,1,20,1001,0,0,421,wmmgn,421,42.885086,-78.872406,1596193143,1,1001,0,1001,
1211,0,0,74001,4,120,414,hrmhl,416,42.686344,-78.777527,1596193058,74,74001,0,1071,
1212,0,0,14005,4,60,440,eccs,441,42.871998,-78.815720,1596193138,14,14005,0,1018,
1213,23,19,23001,0,0,420,abtba,420,42.857643,-78.828674,1596193078,23,23001,0,2049,
1214,22,20,22001,0,-60,421,bstgn,420,42.903786,-78.852715,1596193092,22,22001,0,2044,
1502,5,19,20009,0,0,426,brrtc,426,42.951996,-78.905014,1596193139,20,20009,0,3023,
1504,34,20,5007,0,360,376,advpk,382,42.958706,-78.814529,1596193096,5,5007,0,3020,
1505,20,20,20006,0,-120,425,elmdv,423,42.903759,-78.877098,1596193115,20,20006,0,3041,
1507,3,19,5002,0,0,430,ellop,430,42.882530,-78.872070,1596192913,5,5002,0,3015,
1508,5,20,5005,0,0,435,socam,435,42.954250,-78.820671,1596193148,5,5005,0,3018,
1512,11,19,3003,0,-120,424,prpky,422,43.002731,-78.854614,1596193148,3,3003,0,3003,
1517,55,19,55034,0,0,421,casno,421,43.094639,-79.053345,1596193097,55,55034,0,3105,
1518,3,19,3005,0,0,425,ellop,425,42.882614,-78.872444,1596192814,3,3005,0,3021,
1519,11,20,3004,0,0,419,prpky,419,42.980595,-78.858528,1596193071,3,3004,0,3004,
1520,50,19,50019,0,-240,423,mlnfb,419,43.100384,-78.980431,1596193095,50,50019,0,3089,
1601,34,20,11001,0,-60,431,audbn,430,42.994099,-78.822380,1596193071,11,11001,0,3031,
1605,40,20,40003,0,-120,422,prtc,420,43.093536,-79.057068,1596193139,40,40003,0,3104,
1606,55,20,55031,0,60,423,pnhyd,424,43.094913,-79.044937,1596193113,55,55031,0,3101,
1609,25,20,25002,0,0,434,mdcty,434,43.050419,-78.876167,1596193149,25,25002,0,3052,
1611,3,19,3007,0,0,425,trcem,425,42.904831,-78.887077,1596193131,3,3007,0,3006,
1615,0,0,60001,4,-120,407,nftc,405,43.036942,-78.977303,1596193105,60,60001,0,3092,
1616,3,20,5004,0,0,423,tonvl,423,42.957825,-78.892288,1596193130,5,5004,0,3017,
1618,35,20,35003,0,-240,431,ens,427,42.941849,-78.908699,1596193080,35,35003,0,3042,
1620,40,20,40002,0,0,419,brrtc,419,42.942535,-78.906357,1596193096,40,40002,0,3077,
1622,34,19,34003,0,60,434,socam,435,42.955185,-78.820374,1596192991,34,34003,0,3098,
1623,0,0,25004,4,360,425,mnngr,431,43.020580,-78.879555,1596193147,25,25004,0,3055,
1703,40,19,55032,0,300,424,tcbfl,429,42.893475,-78.885025,1596193113,55,55032,0,3102,
1705,5,19,5001,0,180,431,ellop,434,42.882557,-78.872147,1596193137,5,5001,0,3014,
1714,20,19,20001,0,0,419,elmnr,419,42.902466,-78.877213,1596193106,20,20001,0,3036,
1715,52,19,52027,0,99999,9999,olopc,423,43.154369,-79.035179,1596193019,52,52027,0,3097,
1716,5,19,5008,0,-60,420,ngfry,419,42.918884,-78.898911,1596193144,5,5008,0,3022,
1718,0,0,24007,4,240,424,socam,428,42.954250,-78.820000,1596193111,24,24007,0,2035,
1722,12,20,12002,0,0,426,badlv,426,42.914513,-78.832245,1596193109,12,12002,0,2009,
1801,40,19,40004,0,60,420,giplz,421,43.034962,-78.975143,1596193108,40,40004,0,3078,
1803,52,20,40001,0,0,422,nftc,422,43.100796,-78.979942,1596193098,40,40001,0,3076,
1806,20,19,34005,0,0,424,elken,424,42.975262,-78.878777,1596193130,34,34005,0,3007,
1807,3,20,20004,0,0,425,frgrt,425,42.903236,-78.887184,1596193133,20,20004,0,3039,
1808,25,19,25003,0,-240,419,ellop,415,42.882557,-78.872559,1596193146,25,25003,0,3053,
1809,55,20,52026,0,0,422,nftc,422,43.100769,-78.980057,1596193103,52,52026,0,3096,
1810,25,19,3006,0,0,420,dlwdv,420,42.930050,-78.865822,1596193100,3,3006,0,3091,
1811,0,0,20010,4,180,424,orch,427,42.988403,-78.873039,1596193118,20,20010,0,3008,
1815,35,19,35002,0,99999,9999,wtrgt,431,42.986122,-78.908920,1596193142,35,35002,0,3032,
1816,5,20,20003,0,0,433,kenml,433,42.946632,-78.907806,1596193140,20,20003,0,3038,
1817,15,19,15004,0,0,422,basen,422,42.858303,-78.813080,1596193091,15,15004,0,1070,
1818,2,20,2002,0,0,430,fltbk,430,42.848869,-78.697647,1596193136,2,2002,0,1008,
1820,0,0,32008,4,60,424,twyml,425,42.903679,-78.784454,1596193120,32,32008,0,1004,
1822,32,20,32003,0,60,422,glrml,423,42.907417,-78.754524,1596193104,32,32003,0,1003,
1824,14,20,16003,0,0,430,shops,430,42.832314,-78.784897,1596193127,16,16003,0,1053,
1903,20,20,20005,0,0,420,elken,420,42.952106,-78.878181,1596193135,20,20005,0,3040,
1905,55,20,55033,0,-60,419,nfia,418,43.100990,-78.940895,1596193145,55,55033,0,3103,
1906,25,20,5003,0,0,418,dlwdv,418,42.922073,-78.867310,1596193126,5,5003,0,3016,
1907,5,19,5006,0,0,420,ellop,420,42.882584,-78.872406,1596193099,5,5006,0,3019,
1908,35,20,35001,0,0,428,covhl,428,43.000011,-78.783371,1596191983,35,35001,0,3071,
1909,5,20,34002,0,0,424,ngfry,424,42.902771,-78.893478,1596193128,34,34002,0,3064,
1910,11,19,20008,0,60,424,dlwnr,425,42.915558,-78.869247,1596193097,20,20008,0,3054,
1911,35,20,34004,0,0,425,flint,425,42.990768,-78.812332,1596193148,34,34004,0,3024,
1912,20,19,20007,0,0,420,ellop,420,42.882584,-78.872299,1596192973,20,20007,0,3005,
1914,20,19,25001,0,-120,418,elken,416,42.960163,-78.878845,1596193107,25,25001,0,3051,
1915,0,0,34006,4,0,440,tonvl,440,42.959282,-78.890686,1596193100,34,34006,0,3066,
1918,5,19,3001,0,0,421,kenml,421,42.958679,-78.879333,1596193098,3,3001,0,3001,
1919,3,19,5010,0,180,425,frgrt,428,42.930103,-78.889122,1596193122,5,5010,0,3033,
1920,3,20,3002,0,0,418,tonvl,418,42.960079,-78.907959,1596193080,3,3002,0,3002,
1921,5,20,20002,0,60,421,dlwkn,422,42.958595,-78.878845,1596193130,20,20002,0,3037,
1922,25,19,5009,0,0,424,orch,424,43.007519,-78.873711,1596193102,5,5009,0,3072,
2001,64,19,24004,0,360,461,mnaln,467,43.040710,-78.751060,1596193123,24,24004,0,2067,
2005,23,20,23004,0,-60,420,mnfil,419,42.936016,-78.839539,1596193110,23,23004,0,2052,
2007,0,0,13003,4,-240,429,socam,425,42.946194,-78.831688,1596193136,13,13003,0,2019,
2010,23,19,23003,0,0,424,flfry,424,42.927658,-78.839653,1596193134,23,23003,0,2051,
2011,23,20,23005,0,0,427,brrtc,427,42.947762,-78.878624,1596193107,23,23005,0,2053,
2129,2,20,2004,0,-60,419,fern,418,42.871613,-78.798187,1596193134,2,2004,0,1010,
2203,34,19,34001,0,-120,438,nfbma,436,43.029819,-78.799568,1596193130,34,34001,0,3063,
2215,50,20,50018,0,0,420,bfhyd,420,43.088120,-79.021782,1596193106,50,50018,0,3088,
2218,50,19,50020,0,99999,9999,lwstn,408,43.172546,-79.034103,1596192580,50,50020,0,3090,
2502,42,19,14003,0,99999,9999,spkls,402,42.860474,-78.839355,1596193093,14,14003,1,1034,
2503,19,20,19006,0,180,417,socam,420,42.954964,-78.820778,1596193117,19,19006,0,1069,
2504,0,0,72001,4,0,435,eccs,435,42.829594,-78.791824,1596193142,72,72001,0,1073,
2507,0,0,76001,4,99999,9999,senbg,422,42.669266,-78.951912,1596192773,76,76001,0,1026,
2508,69,19,69001,0,-240,431,ctrbd,427,42.892513,-78.552635,1596193091,69,69001,0,1056,
2510,19,19,19005,0,120,422,abtba,424,42.857586,-78.828972,1596193096,19,19005,0,1055,
2511,46,19,46002,0,60,423,dckbd,424,42.901890,-78.708817,1596193144,46,46002,0,1036,
2513,1,19,32007,0,99999,9999,nolvj,415,42.889488,-78.799934,1596193092,32,32007,1,1072,
2514,16,20,16002,0,-60,422,abtba,421,42.864628,-78.845642,1596193125,16,16002,0,1052,
2515,1,19,2003,0,240,421,tcbfl,425,42.883465,-78.872520,1596192774,2,2003,0,1009,
2602,26,20,26003,0,-120,424,elmdv,422,42.921936,-78.893181,1596193117,26,26003,0,2078,
2603,23,20,23002,0,120,423,brrtc,425,42.945614,-78.907661,1596193083,23,23002,0,2050,
2604,12,19,12008,0,-180,420,badlv,417,42.922104,-78.813972,1596193105,12,12008,0,2096,
2606,48,20,48002,0,240,433,ehmal,437,42.973557,-78.694000,1596193122,48,48002,0,2095,
2608,14,20,14004,0,0,433,spkls,433,42.891907,-78.866043,1596193114,14,14004,0,1035,
2610,6,20,6003,0,99999,9999,glrml,428,42.910358,-78.763908,1596192620,6,6003,1,1023,
2613,15,19,15003,0,0,432,scl,432,42.826431,-78.754150,1596193135,15,15003,0,1045,
2615,42,19,42002,0,60,428,spkls,429,42.839382,-78.856255,1596193127,42,42002,0,1096,
2616,16,19,16004,0,60,436,bnmc,437,42.872906,-78.871811,1596193122,16,16004,0,1054,
2617,16,19,19004,0,180,423,bnmc,426,42.906261,-78.867828,1596193148,19,19004,0,1068,
2618,15,19,15001,0,240,426,lterr,430,42.883106,-78.880005,1596193059,15,15001,0,1043,
2619,19,19,19001,0,180,418,wlmba,421,42.885281,-78.814674,1596193130,19,19001,0,1065,
2620,19,20,19003,0,60,426,socam,427,42.951500,-78.813934,1596193143,19,19003,0,1067,
2623,15,20,15002,0,-120,421,scl,419,42.850136,-78.804176,1596193149,15,15002,0,1044,
2624,32,20,32006,0,-240,419,dlwam,415,42.940445,-78.868279,1596193106,32,32006,0,1082,
2627,16,19,16006,0,-180,430,abtba,427,42.834515,-78.824097,1596193141,16,16006,0,1057,
2628,14,19,16005,0,-60,424,spkls,423,42.857670,-78.831314,1596193128,16,16005,0,1025,
2630,0,0,75001,4,480,418,fltbk,426,42.848816,-78.698318,1596192828,75,75001,0,1058,
2701,22,19,8003,0,180,424,lkv,427,42.902523,-78.883423,1596193139,8,8003,0,2003,
2703,8,19,44004,0,120,418,wtfrt,420,42.880081,-78.883095,1596192933,44,44004,0,2086,
2704,47,19,47001,0,-120,435,eccn,433,42.931507,-78.731262,1596193124,47,47001,0,2034,
2705,0,0,66001,4,60,405,mlptr,406,43.008369,-78.697388,1596193128,66,66001,0,2055,
2707,12,20,12004,0,60,419,ctyli,420,42.958679,-78.814789,1596193098,12,12004,0,2011,
2708,0,0,81001,4,-120,433,socam,431,42.925953,-78.853539,1596193133,81,81001,0,2070,
2709,12,19,12005,0,0,420,nghmp,420,42.910854,-78.900177,1596192821,12,12005,0,2012,
2713,13,19,44001,0,0,421,dlvgr,421,42.923862,-78.830009,1596192994,44,44001,0,2083,
8144,45,99,45091,99,99999,9999,,9999,42.954140,-78.820557,1596192476,45,0,0,45091,
8201,45,99,45201,99,99999,9999,,9999,42.934341,-78.717712,1596193065,45,0,0,45201,
8208,45,99,45208,99,99999,9999,,9999,43.003834,-78.820259,1596193100,45,0,0,45208,
8213,45,99,45213,99,99999,9999,,9999,43.020527,-78.878548,1596192916,45,0,0,45213,
8216,45,99,45216,99,99999,9999,,9999,42.910332,-78.800682,1596193145,45,0,0,45216,
8217,45,99,45217,99,99999,9999,,9999,42.891109,-78.791931,1596193090,45,0,0,45217,
8218,45,99,45218,99,99999,9999,,9999,42.947678,-78.879181,1596193121,45,0,0,45218,
8219,45,99,45219,99,99999,9999,,9999,42.871639,-78.795097,1596193097,45,0,0,45219,
8220,45,99,45220,99,99999,9999,,9999,42.792274,-78.811958,1596193146,45,0,0,45220,
8221,45,99,45221,99,99999,9999,,9999,42.954552,-78.823235,1596193101,45,0,0,45221,
8224,45,99,45224,99,99999,9999,,9999,42.954472,-78.859344,1596193043,45,0,0,45224,
8225,45,99,45225,99,99999,9999,,9999,42.959915,-78.835709,1596193055,45,0,0,45225,
8226,45,99,45226,99,99999,9999,,9999,42.827942,-78.754784,1596193112,45,0,0,45226,
8227,45,99,45227,99,99999,9999,,9999,42.978176,-78.766960,1596193103,45,0,0,45227,
8230,45,99,45230,99,99999,9999,,9999,42.981529,-78.879295,1596193030,45,0,0,45230,
8232,45,99,45232,99,99999,9999,,9999,43.024403,-78.861389,1596193049,45,0,0,45232,
8234,45,99,45234,99,99999,9999,,9999,42.866386,-78.788246,1596193081,45,0,0,45234,
8236,45,99,45236,99,99999,9999,,9999,99.000000,999.000000,1596184755,45,0,0,45236,
8237,45,99,45237,99,99999,9999,,9999,42.955624,-78.878067,1596193099,45,0,0,45237,
8238,45,99,45238,99,99999,9999,,9999,42.895481,-78.697205,1596193108,45,0,0,45238,
8239,45,99,45239,99,99999,9999,,9999,42.938328,-78.839470,1596193145,45,0,0,45239,
8240,45,99,45240,99,99999,9999,,9999,42.990879,-78.853088,1596193137,45,0,0,45240,
8241,45,99,45241,99,99999,9999,,9999,42.899086,-78.786575,1596193124,45,0,0,45241,
8301,45,99,45301,99,99999,9999,,9999,42.962967,-78.805222,1596193102,45,0,0,45301,
8302,45,99,45302,99,99999,9999,,9999,42.998661,-78.937958,1596193136,45,0,0,45302,
8308,45,99,45308,99,99999,9999,,9999,42.984058,-78.795952,1596193131,45,0,0,45308,
8310,45,99,45310,99,99999,9999,,9999,99.000000,999.000000,1596192193,45,0,0,45310,
