1001,0,0,8004,4,-540,413,socam,404,42.935768,-78.842743,1596192254,8,8004,0,2091,
1003,12,19,12003,0,0,405,nghmp,405,42.910854,-78.899879,1596191930,12,12003,0,2010,
1004,22,20,22002,0,0,420,twyml,420,42.903294,-78.783371,1596191846,22,22002,0,2045,
1007,48,19,8002,0,-120,407,socam,405,42.961208,-78.809692,1596192268,8,8002,0,2002,
1008,18,20,18002,0,60,410,dlvst,411,42.922569,-78.856476,1596192019,18,18002,0,2040,
1010,24,19,12006,0,0,416,marmn,416,42.877277,-78.877808,1596192203,12,12006,0,2013,
1011,12,20,12001,0,0,409,badlv,409,42.914623,-78.817802,1596192288,12,12001,0,2008,
1014,13,19,13002,0,0,415,utica,415,42.911625,-78.864815,1596192158,13,13002,0,2033,
1017,26,19,26004,0,-120,408,badlv,406,42.922791,-78.801689,1596192303,26,26004,0,2015,
1020,46,19,4001,0,-180,410,glrml,407,42.906429,-78.780579,1596192304,4,4001,0,1014,
1021,16,20,14001,0,0,406,mnbfl,406,42.715687,-78.827484,1596192293,14,14001,0,1032,
1022,0,0,2006,4,-180,418,eaura,415,42.815128,-78.657410,1596192257,2,2006,0,1046,
1023,32,20,6004,0,0,412,twyml,412,42.903511,-78.783371,1596192294,6,6004,0,1024,
1026,6,20,6002,0,-360,408,sycmg,402,42.884125,-78.872520,1596192274,6,6002,0,1022,
1027,4,19,32001,0,180,407,tcbfl,410,42.883659,-78.877472,1596192249,32,32001,0,1077,
1029,0,0,2005,4,-120,404,fltbk,402,42.848843,-78.698059,1596192293,2,2005,0,1083,
1031,6,19,6001,0,60,416,wtfrt,417,42.888279,-78.871033,1596192237,6,6001,0,1021,
1032,0,0,19007,4,0,405,abtba,405,42.857643,-78.828636,1596192278,19,19007,0,1085,
1033,0,0,6006,4,0,410,athpr,410,42.773849,-78.862099,1596192286,6,6006,0,1027,
1034,0,0,4004,4,0,406,michl,406,42.899086,-78.794983,1596192045,4,4004,0,1017,
1038,32,19,32004,0,0,410,amhba,410,42.942097,-78.803658,1596192241,32,32004,0,1080,
1040,1,20,46001,0,-180,407,nolvj,404,42.886299,-78.814194,1596192264,46,46001,0,1101,
1042,42,20,42003,0,-180,405,spkls,402,42.873756,-78.864479,1596192275,42,42003,0,1097,
1043,19,20,19002,0,0,405,socam,405,42.955021,-78.820114,1596191869,19,19002,0,1066,
1044,70,19,70001,0,0,409,fern,409,42.854534,-78.771759,1596192288,70,70001,0,1079,
1047,4,20,4003,0,0,406,bdmgn,406,42.886051,-78.870880,1596192294,4,4003,0,1016,
1049,32,19,32005,0,-120,412,ungen,410,42.907692,-78.758469,1596192287,32,32005,0,1081,
1050,76,19,1002,0,-60,420,lkrt5,419,42.641384,-79.027664,1596192296,1,1002,0,1002,
1052,14,20,14002,0,99999,9999,eccs,412,42.788368,-78.801498,1596192281,14,14002,0,1033,
1055,18,19,18003,0,-60,404,spkls,403,42.871475,-78.862839,1596192247,18,18003,0,2016,
1057,26,20,26001,0,0,408,badlv,408,42.922104,-78.828819,1596192284,26,26001,0,2077,
1061,47,20,49001,0,60,411,mnun,412,42.964149,-78.796066,1596192253,49,49001,0,2099,
1062,26,20,26002,0,0,415,twyml,415,42.903072,-78.783524,1596191952,26,26002,0,2079,
1065,24,20,24001,0,0,406,genfl,406,42.901283,-78.841660,1596192277,24,24001,0,2064,
1106,13,20,8001,0,0,417,winsp,417,42.924606,-78.830383,1596192292,8,8001,0,2001,
1108,0,0,12009,4,0,405,ctyli,405,42.958622,-78.814568,1596192082,12,12009,0,2018,
1110,44,20,24005,0,360,408,lkpt,414,43.153763,-78.696831,1596192232,24,24005,0,2068,
1111,23,19,23006,0,60,408,flfry,409,42.923229,-78.839470,1596192264,23,23006,0,2054,
1112,0,0,44005,4,0,406,socam,406,42.954857,-78.820412,1596192149,44,44005,0,2041,
1114,24,19,24006,0,-120,406,ungen,404,42.928291,-78.748383,1596192290,24,24006,0,2004,
1115,0,0,67001,4,-60,406,eccn,405,42.957466,-78.724564,1596192155,67,67001,0,2017,
1116,48,20,13001,0,0,405,ehmal,405,42.973446,-78.693703,1596192136,13,13001,0,2032,
1118,24,20,24002,0,0,421,airpt,421,42.934147,-78.730629,1596192221,24,24002,0,2065,
1120,0,0,23008,4,180,410,brrtc,413,42.945644,-78.906837,1596192292,23,23008,0,2056,
1122,49,20,48001,0,0,427,mhosp,427,42.996243,-78.730705,1596192227,48,48001,0,2094,
1123,44,20,44003,0,180,408,crspt,411,43.034386,-78.748047,1596192280,44,44003,0,2085,
1124,8,20,18001,0,-300,407,mnaln,402,42.893913,-78.869247,1596192259,18,18001,0,2039,
1126,0,0,23007,4,0,405,abtba,405,42.857559,-78.828712,1596192255,23,23007,0,2069,
1127,12,19,12007,0,-60,412,filut,411,42.914841,-78.813782,1596192290,12,12007,0,2014,
1128,44,19,44002,0,60,405,crspt,406,43.041866,-78.740044,1596192252,44,44002,0,2084,
1129,24,19,24003,0,0,411,marmn,411,42.883244,-78.872520,1596192297,24,24003,0,2066,
1203,32,19,4002,0,60,410,brrtc,411,42.936623,-78.894630,1596192253,4,4002,0,1015,
1204,16,20,16001,0,-240,411,rdgsp,407,42.844196,-78.823830,1596192300,16,16001,0,1051,
1205,74,19,42001,0,99999,9999,ellop,409,42.848816,-78.862175,1596192282,42,42001,1,1095,
1206,6,19,6005,0,-60,408,twyml,407,42.908684,-78.772507,1596192273,6,6005,0,1084,
1207,46,19,32002,0,0,405,twyml,405,42.902851,-78.783707,1596191614,32,32002,0,1078,
1208,2,19,1001,0,0,410,tcbfl,410,42.883575,-78.872520,1596192255,1,1001,0,1001,
1211,0,0,74001,4,-360,417,hrmhl,411,42.768406,-78.766663,1596192289,74,74001,0,1071,
1213,23,19,23001,0,0,412,abtba,412,42.876701,-78.841888,1596192250,23,23001,0,2049,
1214,22,20,22001,0,0,413,bstmn,413,42.899113,-78.891876,1596192263,22,22001,0,2044,
1502,5,19,20009,0,-60,407,dlwkn,406,42.958706,-78.859192,1596192251,20,20009,0,3023,
1504,34,20,5007,0,360,376,advpk,382,42.958706,-78.814636,1596192267,5,5007,0,3020,
1505,20,19,20006,0,0,405,ellop,405,42.882557,-78.872299,1596192270,20,20006,0,3041,
1507,3,19,5002,0,180,412,ellop,415,42.889542,-78.878700,1596192262,5,5002,0,3015,
1508,5,20,5005,0,120,405,dlwkn,407,42.958649,-78.871773,1596192260,5,5005,0,3018,
1512,11,20,3003,0,0,409,tnind,409,43.013817,-78.859451,1596192260,3,3003,0,3003,
1517,55,19,55034,0,-60,409,nfb56,408,43.090485,-78.972794,1596192268,55,55034,0,3105,
1518,3,19,3005,0,0,425,ellop,425,42.882614,-78.872444,1596192106,3,3005,0,3021,
1519,11,20,3004,0,0,412,clvkn,412,42.937393,-78.867233,1596192301,3,3004,0,3004,
1520,50,20,50019,0,0,414,nftc,414,43.100716,-78.979866,1596192149,50,50019,0,3089,
1601,34,19,11001,0,60,404,socam,405,42.955269,-78.820816,1596192301,11,11001,0,3031,
1605,40,20,40003,0,-180,416,falls,413,43.047009,-78.986382,1596192252,40,40003,0,3104,
1606,55,19,55031,0,0,405,prtc,405,43.099369,-79.051704,1596192226,55,55031,0,3101,
1609,25,20,25002,0,0,407,mnngr,407,43.019287,-78.875015,1596192287,25,25002,0,3052,
1611,3,19,3007,0,60,412,frgrt,413,42.931564,-78.888969,1596192302,3,3007,0,3006,
1615,0,0,60001,4,0,405,nftc,405,43.100578,-78.980499,1596192277,60,60001,0,3092,
1616,3,20,5004,0,-240,407,frgrt,403,42.910084,-78.893623,1596192288,5,5004,0,3017,
1618,0,0,35003,4,-420,412,brrtc,405,42.950592,-78.890610,1596192265,35,35003,0,3042,
1620,40,20,40002,0,-300,424,brrtc,419,42.885529,-78.877357,1596192268,40,40002,0,3077,
1622,34,19,34003,0,0,413,socam,413,42.989780,-78.822792,1596192224,34,34003,0,3098,
1703,40,19,55032,0,180,405,brrtc,408,42.945946,-78.907730,1596192285,55,55032,0,3102,
1705,5,19,5001,0,240,409,ngvrg,413,42.902908,-78.893814,1596192249,5,5001,0,3014,
1714,20,19,20001,0,60,410,elmdv,411,42.937256,-78.878586,1596192278,20,20001,0,3036,
1715,52,19,52027,0,60,407,nuniv,408,43.127197,-79.038193,1596192251,52,52027,0,3097,
1716,5,19,5008,0,-60,409,brrtc,408,42.956642,-78.907433,1596192256,5,5008,0,3022,
1718,0,0,24007,4,300,418,socam,423,42.933735,-78.845016,1596192283,24,24007,0,2035,
1722,12,20,12002,0,60,406,utica,407,42.911213,-78.866196,1596192282,12,12002,0,2009,
1801,40,19,40004,0,0,406,falls,406,43.084709,-79.059044,1596192283,40,40004,0,3078,
1803,52,20,40001,0,0,410,mlnfb,410,43.090157,-78.995834,1596192157,40,40001,0,3076,
1806,0,0,34005,4,120,411,orch,413,42.988377,-78.873077,1596192302,34,34005,0,3007,
1807,11,19,20004,0,0,407,ellop,407,42.882557,-78.872223,1596191949,20,20004,0,3039,
1808,25,19,25003,0,180,412,ellop,415,42.882584,-78.872597,1596192258,25,25003,0,3053,
1809,55,20,52026,0,-60,408,nfb56,407,43.095104,-79.022789,1596192277,52,52026,0,3096,
1810,25,19,3006,0,-60,409,dlwkn,408,42.976360,-78.871887,1596192272,3,3006,0,3091,
1811,0,0,20010,4,120,420,orch,422,42.960575,-78.888824,1596192296,20,20010,0,3008,
1815,35,19,35002,0,99999,9999,dlwsh,409,42.980816,-78.827110,1596192242,35,35002,0,3032,
1816,5,20,20003,0,-60,410,ngfry,409,42.902248,-78.893028,1596192295,20,20003,0,3038,
1817,15,19,15004,0,-180,415,scl,412,42.830254,-78.753593,1596192203,15,15004,0,1070,
1818,2,20,2002,0,0,405,trfrh,405,42.867764,-78.709335,1596192249,2,2002,0,1008,
1822,32,20,32003,0,0,407,clwbr,407,42.944927,-78.786354,1596192276,32,32003,0,1003,
1824,14,20,16003,0,0,408,mercy,408,42.854149,-78.820412,1596192303,16,16003,0,1053,
1903,20,20,20005,0,-60,409,elmdv,408,42.906757,-78.877136,1596192247,20,20005,0,3040,
1905,55,20,55033,0,0,405,sbprk,405,43.071537,-78.922096,1596192257,55,55033,0,3103,
1906,25,20,5003,0,-180,414,dlwnr,411,42.883438,-78.876129,1596192297,5,5003,0,3016,
1907,5,19,5006,0,0,420,ellop,420,42.882584,-78.872406,1596192271,5,5006,0,3019,
1908,35,20,35001,0,0,428,covhl,428,43.000011,-78.783371,1596191983,35,35001,0,3071,
1909,25,19,34002,0,0,405,ellop,405,42.882557,-78.872147,1596191694,34,34002,0,3064,
1910,11,19,20008,0,0,417,dlwdv,417,42.951611,-78.859047,1596192269,20,20008,0,3054,
1911,35,20,34004,0,-120,408,dlwsh,406,42.981007,-78.892769,1596192261,34,34004,0,3024,
1912,20,19,20007,0,-240,408,elmnr,404,42.910965,-78.877174,1596192296,20,20007,0,3005,
1914,20,20,25001,0,0,405,orch,405,42.988434,-78.873154,1596192221,25,25001,0,3051,
1915,0,0,34006,4,0,440,tonvl,440,42.959282,-78.890762,1596192272,34,34006,0,3066,
1918,5,20,3001,0,0,400,socam,400,42.957523,-78.818733,1596192270,3,3001,0,3001,
1919,0,0,5010,4,-60,404,tonvl,403,42.959831,-78.908104,1596192293,5,5010,0,3033,
1920,3,20,3002,0,0,418,tonvl,418,42.960079,-78.907959,1596192133,3,3002,0,3002,
1921,5,20,20002,0,180,415,kenml,418,42.958679,-78.908554,1596192301,20,20002,0,3037,
1922,25,19,5009,0,-60,416,mnngr,415,43.050060,-78.877510,1596192274,5,5009,0,3072,
2001,64,19,24004,0,0,418,mlptr,418,43.159676,-78.697205,1596192299,24,24004,0,2067,
2005,23,20,23004,0,-240,407,bdyfl,403,42.888634,-78.839577,1596192281,23,23004,0,2052,
2007,0,0,13003,4,0,425,socam,425,99.000000,999.000000,1596192301,13,13003,0,2019,
2010,23,19,23003,0,-300,413,hrtpk,408,42.947731,-78.859009,1596192303,23,23003,0,2051,
2011,23,20,23005,0,0,412,hrtpk,412,42.938850,-78.839500,1596192278,23,23005,0,2053,
2129,2,20,2004,0,-120,410,cltfl,408,42.882721,-78.859604,1596192302,2,2004,0,1010,
2203,34,20,34001,0,-60,406,audbn,405,43.030754,-78.801910,1596192270,34,34001,0,3063,
2215,50,20,50018,0,-60,410,casno,409,43.096783,-79.050446,1596192277,50,50018,0,3088,
2218,50,19,50020,0,-120,410,lwstn,408,43.159924,-79.038162,1596192282,50,50020,0,3090,
2502,42,19,14003,0,-60,403,spkls,402,42.860062,-78.867981,1596192259,14,14003,0,1034,
2503,19,20,19006,0,240,411,socam,415,42.950481,-78.813972,1596192287,19,19006,0,1069,
2507,0,0,76001,4,-660,433,senbg,422,42.787876,-78.816765,1596192146,76,76001,0,1026,
2508,0,0,69001,4,-240,406,alden,402,42.891659,-78.606529,1596192079,69,69001,0,1056,
2510,19,19,19005,0,120,406,bfind,408,42.880550,-78.805634,1596192260,19,19005,0,1055,
2511,46,19,46002,0,0,408,wldtr,408,42.911213,-78.721283,1596192252,46,46002,0,1036,
2514,16,19,16002,0,300,397,mowsh,402,42.887589,-78.872963,1596192293,16,16002,0,1052,
2515,1,19,2003,0,60,416,tcbfl,417,42.885170,-78.868050,1596192290,2,2003,0,1009,
2602,26,19,26003,0,0,404,ngdlv,404,42.922073,-78.898613,1596192284,26,26003,0,2078,
2603,23,20,23002,0,60,409,brrtc,410,42.943085,-78.900475,1596192279,23,23002,0,2050,
2604,12,19,12008,0,-240,410,knegt,406,42.948944,-78.814194,1596192272,12,12008,0,2096,
2606,48,20,48002,0,99999,9999,eccn,407,42.966187,-78.722511,1596192236,48,48002,1,2095,
2608,14,19,14004,0,-60,407,bnmc,406,42.898537,-78.864777,1596192281,14,14004,0,1035,
2610,6,20,6003,0,99999,9999,glrml,428,42.910416,-78.763870,1596192085,6,6003,1,1023,
2613,15,20,15003,0,180,415,sogat,418,42.827419,-78.754745,1596192184,15,15003,0,1045,
2615,42,19,42002,0,0,407,lcvtc,407,42.828163,-78.804367,1596192177,42,42002,0,1096,
2616,16,19,16004,0,60,411,abtba,412,42.847439,-78.823944,1596192290,16,16004,0,1054,
2617,16,19,19004,0,0,419,bnmc,419,42.877964,-78.868652,1596192254,19,19004,0,1068,
2618,15,19,15001,0,0,407,sensm,407,42.871391,-78.836601,1596192285,15,15001,0,1043,
2619,19,19,19001,0,0,411,bagen,411,42.930050,-78.814041,1596192262,19,19001,0,1065,
2620,19,20,19003,0,60,410,badlv,411,42.908932,-78.813972,1596192250,19,19003,0,1067,
2623,15,20,15002,0,-180,410,sensm,407,42.881981,-78.871033,1596192256,15,15002,0,1044,
2624,0,0,32006,4,0,395,brrtc,395,42.944405,-78.907730,1596192285,32,32006,0,1082,
2627,0,0,16006,4,0,399,mcmal,399,42.782539,-78.808868,1596191774,16,16006,0,1057,
2628,14,19,16005,0,-60,411,mercy,410,42.830006,-78.805183,1596192298,16,16005,0,1025,
2630,0,0,75001,4,0,421,fltbk,421,42.849804,-78.791451,1596192294,75,75001,0,1058,
2701,22,19,8003,0,0,408,bstgn,408,42.903759,-78.822601,1596192305,8,8003,0,2003,
2703,8,19,44004,0,-60,415,wtfrt,414,42.893913,-78.873154,1596192282,44,44004,0,2086,
2704,47,20,47001,0,240,411,airpt,415,42.934120,-78.730591,1596192291,47,47001,0,2034,
2705,0,0,66001,4,60,405,mlptr,406,43.081161,-78.697311,1596192238,66,66001,0,2055,
2707,12,20,12004,0,60,419,ctyli,420,42.958733,-78.815308,1596192265,12,12004,0,2011,
2709,12,19,12005,0,60,405,elmut,406,42.911297,-78.870361,1596192229,12,12005,0,2012,
2713,13,19,44001,0,-180,409,winsp,406,42.955212,-78.814156,1596192284,44,44001,0,2083,
8126,45,99,45126,99,99999,9999,,9999,42.941654,-78.903824,1596192278,45,0,0,45126,
8144,45,99,45091,99,99999,9999,,9999,42.958263,-78.832581,1596192298,45,0,0,45091,
8201,45,99,45201,99,99999,9999,,9999,42.879368,-78.773247,1596192291,45,0,0,45201,
8208,45,99,45208,99,99999,9999,,9999,42.959805,-78.890198,1596192264,45,0,0,45208,
8213,45,99,45213,99,99999,9999,,9999,43.003281,-78.817245,1596192140,45,0,0,45213,
8216,45,99,45216,99,99999,9999,,9999,42.870926,-78.821007,1596192251,45,0,0,45216,
8217,45,99,45217,99,99999,9999,,9999,42.885746,-78.761040,1596192257,45,0,0,45217,
8218,45,99,45218,99,99999,9999,,9999,42.954029,-78.841591,1596192288,45,0,0,45218,
8219,45,99,45219,99,99999,9999,,9999,42.885582,-78.761261,1596192263,45,0,0,45219,
8220,45,99,45220,99,99999,9999,,9999,42.730591,-78.825989,1596192292,45,0,0,45220,
8221,45,99,45221,99,99999,9999,,9999,42.903568,-78.835220,1596192269,45,0,0,45221,
8224,45,99,45224,99,99999,9999,,9999,42.980869,-78.877953,1596192269,45,0,0,45224,
8225,45,99,45225,99,99999,9999,,9999,42.958622,-78.879852,1596192285,45,0,0,45225,
8226,45,99,45226,99,99999,9999,,9999,42.827969,-78.754784,1596192101,45,0,0,45226,
8227,45,99,45227,99,99999,9999,,9999,42.990688,-78.737068,1596192274,45,0,0,45227,
8230,45,99,45230,99,99999,9999,,9999,42.938519,-78.905647,1596192195,45,0,0,45230,
8232,45,99,45232,99,99999,9999,,9999,42.980869,-78.825287,1596192276,45,0,0,45232,
8234,45,99,45234,99,99999,9999,,9999,42.876095,-78.801018,1596192189,45,0,0,45234,
8236,45,99,45236,99,99999,9999,,9999,99.000000,999.000000,1596184755,45,0,0,45236,
8237,45,99,45237,99,99999,9999,,9999,42.960079,-78.889496,1596192268,45,0,0,45237,
8238,45,99,45238,99,99999,9999,,9999,42.796291,-78.755753,1596192275,45,0,0,45238,
8239,45,99,45239,99,99999,9999,,9999,42.913139,-78.775070,1596192253,45,0,0,45239,
8240,45,99,45240,99,99999,9999,,9999,42.958511,-78.871475,1596192247,45,0,0,45240,
8241,45,99,45241,99,99999,9999,,9999,42.907333,-78.844452,1596192293,45,0,0,45241,
8301,45,99,45301,99,99999,9999,,9999,42.959419,-78.890350,1596192271,45,0,0,45301,
8302,45,99,45302,99,99999,9999,,9999,42.973774,-78.886887,1596192245,45,0,0,45302,
8308,45,99,45308,99,99999,9999,,9999,43.096371,-78.690544,1596192300,45,0,0,45308,
8310,45,99,45310,99,99999,9999,,9999,99.000000,999.000000,1596192193,45,0,0,45310,
