1001,8,19,8004,0,0,417,amsta,417,42.947762,-78.829826,1596192892,8,8004,0,2091,
1003,12,20,12003,0,240,418,utica,422,42.911240,-78.871216,1596192877,12,12003,0,2010,
1004,22,20,22002,0,0,420,twyml,420,42.903267,-78.783371,1596192735,22,22002,0,2045,
1007,48,19,8002,0,0,415,socam,415,42.954636,-78.821045,1596192503,8,8002,0,2002,
1008,18,20,18002,0,60,410,dlvst,411,42.919216,-78.854057,1596192848,18,18002,0,2040,
1010,24,19,12006,0,0,416,marmn,416,42.877277,-78.877769,1596192853,12,12006,0,2013,
1011,12,20,12001,0,60,419,knegt,420,42.931591,-78.799004,1596192879,12,12001,0,2008,
1014,13,19,13002,0,0,415,utica,415,42.911678,-78.865189,1596192889,13,13002,0,2033,
1017,26,19,26004,0,0,418,dlvst,418,42.921967,-78.842628,1596192894,26,26004,0,2015,
1020,46,19,4001,0,-240,425,wldtr,421,42.906952,-78.755157,1596192895,4,4001,0,1014,
1021,16,19,14001,0,-60,420,bgtsp,419,42.743984,-78.824989,1596192884,14,14001,0,1032,
1022,0,0,2006,4,0,420,eaura,420,42.769421,-78.610397,1596192849,2,2006,0,1046,
1023,32,20,6004,0,-120,414,twyml,412,42.903511,-78.783333,1596192886,6,6004,0,1024,
1026,6,20,6002,0,-120,417,wldba,415,42.901283,-78.827629,1596192865,6,6002,0,1022,
1027,4,19,32001,0,0,420,tcbfl,420,42.883549,-78.872635,1596192840,32,32001,0,1077,
1029,2,19,2005,0,-420,415,trfrh,408,42.867928,-78.696983,1596192884,2,2005,0,1083,
1030,0,0,74002,4,0,440,hrmhl,440,42.881897,-78.824799,1596192874,74,74002,0,1005,
1031,6,19,6001,0,120,420,wtfrt,422,42.880249,-78.882942,1596192886,6,6001,0,1021,
1032,19,20,19007,0,-120,416,wlmba,414,42.880054,-78.814232,1596192869,19,19007,0,1085,
1033,74,19,6006,0,-60,441,ellop,440,42.784931,-78.847954,1596192877,6,6006,0,1027,
1034,4,19,4004,0,0,417,bdyfl,417,42.894794,-78.829788,1596192872,4,4004,0,1017,
1037,2,19,2001,0,0,414,clmgm,414,42.884373,-78.868164,1596192891,2,2001,0,1007,
1038,32,19,32004,0,180,422,dlwam,425,42.940392,-78.846352,1596192890,32,32004,0,1080,
1040,1,20,46001,0,-180,420,aptml,417,42.884262,-78.783371,1596192855,46,46001,0,1101,
1042,42,20,42003,0,-660,423,tpodl,412,42.866413,-78.866379,1596192866,42,42003,0,1097,
1043,19,19,19002,0,-60,417,baken,416,42.946907,-78.813782,1596192816,19,19002,0,1066,
1044,70,19,70001,0,180,422,hrnmn,425,42.872219,-78.850258,1596192880,70,70001,0,1079,
1047,4,20,4003,0,0,419,bdyba,419,42.894657,-78.830048,1596192885,4,4003,0,1016,
1049,32,19,32005,0,0,418,clwbr,418,42.944874,-78.756981,1596192878,32,32005,0,1081,
1050,76,19,1002,0,-180,422,lkrt5,419,42.688297,-79.008156,1596192869,1,1002,0,1002,
1052,14,20,14002,0,99999,9999,eccs,412,42.772587,-78.797180,1596192813,14,14002,1,1033,
1055,18,20,18003,0,-120,425,genjf,423,42.873043,-78.860275,1596192838,18,18003,0,2016,
1057,26,20,26001,0,60,416,gnhar,417,42.921772,-78.785606,1596192875,26,26001,0,2077,
1061,47,20,49001,0,120,421,eccn,423,42.949547,-78.742653,1596192845,49,49001,0,2099,
1062,26,20,26002,0,0,415,twyml,415,42.903072,-78.783524,1596192722,26,26002,0,2079,
1065,24,20,24001,0,60,415,andrw,416,42.918583,-78.798370,1596192868,24,24001,0,2064,
1105,0,0,47002,4,-660,431,holtz,420,42.920094,-78.859451,1596192880,47,47002,0,2092,
1106,13,20,8001,0,120,415,winsp,417,42.948639,-78.813637,1596192883,8,8001,0,2001,
1108,12,19,12009,0,-240,424,knegt,420,42.955158,-78.821228,1596192850,12,12009,0,2018,
1109,0,0,67002,4,60,436,eccn,437,42.921967,-78.846207,1596192860,67,67002,0,2046,
1110,44,20,24005,0,-60,415,lkpt,414,43.167816,-78.696014,1596192882,24,24005,0,2068,
1111,23,19,23006,0,120,427,abtba,429,42.891689,-78.839317,1596192896,23,23006,0,2054,
1112,44,20,44005,0,-60,417,mlpsh,416,42.970638,-78.806900,1596192858,44,44005,0,2041,
1114,24,19,24006,0,0,417,bagen,417,42.915062,-78.807831,1596192881,24,24006,0,2004,
1115,0,0,67001,4,-60,406,eccn,405,42.964314,-78.719238,1596192864,67,67001,0,2017,
1116,48,19,13001,0,-420,424,eccn,417,42.972015,-78.696609,1596192846,13,13001,0,2032,
1118,24,20,24002,0,0,421,airpt,421,42.934120,-78.730629,1596192812,24,24002,0,2065,
1120,0,0,23008,4,-60,414,brrtc,413,42.945644,-78.906837,1596192884,23,23008,0,2056,
1122,49,20,48001,0,0,427,mhosp,427,42.996243,-78.730667,1596192867,48,48001,0,2094,
1123,44,20,44003,0,-60,420,mlptr,419,43.048382,-78.732903,1596192871,44,44003,0,2085,
1124,8,20,18001,0,-60,419,amsta,418,42.927521,-78.851524,1596192851,18,18001,0,2039,
1126,23,20,23007,0,-180,421,bdyfl,418,42.868313,-78.846016,1596192847,23,23007,0,2069,
1127,12,19,12007,0,0,418,utica,418,42.911076,-78.851158,1596192882,12,12007,0,2014,
1128,44,19,44002,0,-120,421,flint,419,43.019894,-78.764130,1596192864,44,44002,0,2084,
1129,24,19,24003,0,1200,391,marmn,411,42.877361,-78.877914,1596192888,24,24003,0,2066,
1130,0,0,12010,4,0,430,ctyli,430,99.000000,999.000000,1596192742,12,12010,0,2020,
1203,32,19,4002,0,0,425,brrtc,425,42.945644,-78.907097,1596192645,4,4002,0,1015,
1204,16,20,16001,0,-60,415,splke,414,42.800991,-78.823982,1596192892,16,16001,0,1051,
1205,0,0,42001,6,0,434,sogat,434,42.828136,-78.804588,1596192871,42,42001,0,1095,
1206,6,19,6005,0,0,417,wldba,417,42.905933,-78.805817,1596192864,6,6005,0,1084,
1207,32,19,32002,0,-180,417,glrml,414,42.912998,-78.770233,1596192856,32,32002,0,1078,
1208,1,20,1001,0,-60,422,wmmgn,421,42.884563,-78.877136,1596192883,1,1001,0,1001,
1211,0,0,74001,4,120,414,hrmhl,416,42.684311,-78.764465,1596192822,74,74001,0,1071,
1212,0,0,14005,4,60,440,eccs,441,42.880302,-78.827446,1596192892,14,14005,0,1018,
1213,23,19,23001,0,0,420,abtba,420,42.857258,-78.829826,1596192841,23,23001,0,2049,
1214,22,20,22001,0,-60,414,bstmn,413,42.904476,-78.867828,1596192855,22,22001,0,2044,
1502,5,19,20009,0,0,426,brrtc,426,42.961594,-78.893845,1596192843,20,20009,0,3023,
1504,34,20,5007,0,360,376,advpk,382,42.958706,-78.814636,1596192623,5,5007,0,3020,
1505,20,20,20006,0,-300,421,elmnr,416,42.887482,-78.878998,1596192862,20,20006,0,3041,
1507,3,19,5002,0,0,430,ellop,430,42.882557,-78.872070,1596192854,5,5002,0,3015,
1508,5,20,5005,0,240,416,socam,420,42.957550,-78.818810,1596192852,5,5005,0,3018,
1512,11,19,3003,0,-180,425,prpky,422,43.014584,-78.851898,1596192851,3,3003,0,3003,
1517,55,19,55034,0,0,421,casno,421,43.095161,-79.028778,1596192801,55,55034,0,3105,
1518,3,19,3005,0,0,425,ellop,425,42.882614,-78.872444,1596192814,3,3005,0,3021,
1519,11,20,3004,0,0,419,prpky,419,42.967754,-78.858376,1596192893,3,3004,0,3004,
1520,50,20,50019,0,0,414,nftc,414,43.100742,-78.979904,1596192858,50,50019,0,3089,
1601,34,19,11001,0,60,404,socam,405,42.980457,-78.822830,1596192833,11,11001,0,3031,
1605,40,20,40003,0,-120,415,falls,413,43.083527,-79.052231,1596192843,40,40003,0,3104,
1606,55,20,55031,0,0,424,pnhyd,424,43.087818,-79.059151,1596192876,55,55031,0,3101,
1609,25,20,25002,0,-60,420,mdcty,419,43.036694,-78.872368,1596192879,25,25002,0,3052,
1611,3,19,3007,0,0,425,trcem,425,42.912148,-78.893814,1596192894,3,3007,0,3006,
1615,0,0,60001,4,-60,406,nftc,405,43.048355,-78.990585,1596192868,60,60001,0,3092,
1616,3,20,5004,0,-180,421,sklmt,418,42.938164,-78.889755,1596192880,5,5004,0,3017,
1618,0,0,35003,4,-240,414,brrtc,410,42.945396,-78.906952,1596192856,35,35003,0,3042,
1620,40,20,40002,0,-120,421,brrtc,419,42.923561,-78.898132,1596192859,40,40002,0,3077,
1622,34,19,34003,0,60,434,socam,435,42.955185,-78.820412,1596192814,34,34003,0,3098,
1623,0,0,25004,4,360,420,mnngr,426,43.010761,-78.879929,1596192851,25,25004,0,3055,
1703,40,19,55032,0,240,425,tcbfl,429,42.909920,-78.900063,1596192876,55,55032,0,3102,
1705,5,19,5001,0,300,417,ellop,422,42.884647,-78.876022,1596192841,5,5001,0,3014,
1714,20,19,20001,0,0,419,elmnr,419,42.913193,-78.877136,1596192869,20,20001,0,3036,
1715,52,19,52027,0,99999,9999,olopc,423,43.154285,-79.035217,1596192862,52,52027,0,3097,
1716,5,19,5008,0,-60,420,ngfry,419,42.932774,-78.901482,1596192848,5,5008,0,3022,
1718,0,0,24007,4,480,420,socam,428,42.954250,-78.819962,1596192875,24,24007,0,2035,
1722,12,20,12002,0,0,415,filut,415,42.910912,-78.840958,1596192873,12,12002,0,2009,
1801,40,19,40004,0,120,419,giplz,421,43.047009,-78.991150,1596192871,40,40004,0,3078,
1803,52,20,40001,0,0,422,nftc,422,43.100769,-78.979904,1596192802,40,40001,0,3076,
1806,20,19,34005,0,0,416,dlwsh,416,42.985710,-78.873154,1596192893,34,34005,0,3007,
1807,3,20,20004,0,0,425,frgrt,425,42.893696,-78.879555,1596192896,20,20004,0,3039,
1808,25,19,25003,0,0,415,ellop,415,42.882557,-78.872559,1596192850,25,25003,0,3053,
1809,55,20,52026,0,60,416,nftc,417,43.096149,-78.974396,1596192866,52,52026,0,3096,
1810,25,19,3006,0,-60,421,dlwdv,420,42.944817,-78.868317,1596192863,3,3006,0,3091,
1811,0,0,20010,4,420,420,orch,427,42.988403,-78.873039,1596192881,20,20010,0,3008,
1815,35,19,35002,0,99999,9999,flint,392,42.982410,-78.892921,1596192846,35,35002,0,3032,
1816,5,20,20003,0,60,418,brrtc,419,42.936897,-78.903450,1596192886,20,20003,0,3038,
1817,15,19,15004,0,-60,423,basen,422,42.849312,-78.802650,1596192853,15,15004,0,1070,
1818,2,20,2002,0,0,430,fltbk,430,42.848896,-78.697647,1596192840,2,2002,0,1008,
1820,0,0,32008,4,-300,425,twyml,420,42.885033,-78.802689,1596192824,32,32008,0,1004,
1822,32,20,32003,0,0,423,glrml,423,42.925018,-78.754227,1596192873,32,32003,0,1003,
1824,14,20,16003,0,240,426,shops,430,42.832645,-78.784790,1596192895,16,16003,0,1053,
1903,20,20,20005,0,-120,422,elken,420,42.932636,-78.876984,1596192838,20,20005,0,3040,
1905,55,20,55033,0,-240,414,nfia,410,43.098736,-78.940788,1596192849,55,55033,0,3103,
1906,25,20,5003,0,-60,419,dlwdv,418,42.908684,-78.871109,1596192888,5,5003,0,3016,
1907,5,19,5006,0,0,420,ellop,420,42.882584,-78.872406,1596192862,5,5006,0,3019,
1908,35,20,35001,0,0,428,covhl,428,43.000011,-78.783371,1596191983,35,35001,0,3071,
1909,5,20,34002,0,-60,415,ngvrg,414,42.893116,-78.884430,1596192891,34,34002,0,3064,
1910,11,19,20008,0,120,415,dlwdv,417,42.923176,-78.867493,1596192860,20,20008,0,3054,
1911,35,20,34004,0,0,414,nfbsh,414,42.980652,-78.823685,1596192852,34,34004,0,3024,
1912,20,19,20007,0,0,415,ellop,415,42.883026,-78.875534,1596192887,20,20007,0,3005,
1914,20,19,25001,0,-180,419,elken,416,42.975231,-78.878548,1596192870,25,25001,0,3051,
1915,0,0,34006,4,0,440,tonvl,440,42.959309,-78.890762,1596192863,34,34006,0,3066,
1918,5,20,3001,0,0,400,socam,400,42.958679,-78.858154,1596192861,3,3001,0,3001,
1919,3,19,5010,0,0,428,frgrt,428,42.943882,-78.891617,1596192885,5,5010,0,3033,
1920,3,20,3002,0,0,418,tonvl,418,42.960079,-78.907959,1596192784,3,3002,0,3002,
1921,5,20,20002,0,60,417,kenml,418,42.961235,-78.893776,1596192893,20,20002,0,3037,
1922,25,19,5009,0,0,415,mnngr,415,43.020691,-78.879074,1596192865,5,5009,0,3072,
2001,64,19,24004,0,300,420,crspt,425,43.063206,-78.717636,1596192888,24,24004,0,2067,
2005,23,20,23004,0,-60,420,mnfil,419,42.921581,-78.839691,1596192873,23,23004,0,2052,
2007,0,0,13003,4,-240,429,socam,425,42.923038,-78.856628,1596192839,13,13003,0,2019,
2010,23,19,23003,0,60,415,mnfil,416,42.940609,-78.837975,1596192839,23,23003,0,2051,
2011,23,20,23005,0,0,427,brrtc,427,42.947731,-78.858826,1596192870,23,23005,0,2053,
2129,2,20,2004,0,0,413,cltba,413,42.871971,-78.819481,1596192895,2,2004,0,1010,
2203,34,20,34001,0,0,414,audbn,414,43.030754,-78.801834,1596192535,34,34001,0,3063,
2215,50,20,50018,0,0,420,bfhyd,420,43.088974,-79.044525,1596192869,50,50018,0,3088,
2218,50,19,50020,0,99999,9999,lwstn,408,43.172546,-79.034103,1596192580,50,50020,0,3090,
2502,42,19,14003,0,99999,9999,spkls,402,42.847000,-78.835518,1596192854,14,14003,1,1034,
2503,19,20,19006,0,180,417,socam,420,42.954994,-78.820778,1596192763,19,19006,0,1069,
2504,0,0,72001,4,0,435,eccs,435,42.871998,-78.813263,1596192845,72,72001,0,1073,
2507,0,0,76001,4,-660,433,senbg,422,42.669266,-78.951912,1596192773,76,76001,0,1026,
2508,69,19,69001,0,-240,431,ctrbd,427,42.895344,-78.510048,1596192853,69,69001,0,1056,
2510,19,19,19005,0,180,416,abtba,419,42.865479,-78.825249,1596192857,19,19005,0,1055,
2511,46,19,46002,0,0,415,ctrbd,415,42.900982,-78.670815,1596192797,46,46002,0,1036,
2513,1,19,32007,0,0,415,nolvj,415,42.884701,-78.814865,1596192855,32,32007,0,1072,
2514,16,20,16002,0,-240,417,spkls,413,42.872108,-78.867233,1596192888,16,16002,0,1052,
2515,1,19,2003,0,240,421,tcbfl,425,42.883465,-78.872520,1596192774,2,2003,0,1009,
2602,26,19,26003,0,0,415,ngdlv,415,42.922073,-78.898277,1596192761,26,26003,0,2078,
2603,23,20,23002,0,120,423,brrtc,425,42.945259,-78.907471,1596192636,23,23002,0,2050,
2604,12,19,12008,0,-180,420,badlv,417,42.929939,-78.806190,1596192867,12,12008,0,2096,
2606,48,20,48002,0,0,407,eccn,407,42.969265,-78.697052,1596192746,48,48002,0,2095,
2608,14,20,14004,0,0,433,spkls,433,42.900433,-78.867683,1596192876,14,14004,0,1035,
2610,6,20,6003,0,99999,9999,glrml,428,42.910358,-78.763908,1596192620,6,6003,1,1023,
2613,15,20,15003,0,180,415,sogat,418,42.827419,-78.754745,1596192184,15,15003,0,1045,
2615,42,19,42002,0,0,417,tpodl,417,42.823349,-78.846909,1596192887,42,42002,0,1096,
2616,16,19,16004,0,120,417,spkls,419,42.869164,-78.852417,1596192885,16,16004,0,1054,
2617,16,19,19004,0,0,419,bnmc,419,42.895180,-78.864998,1596192791,19,19004,0,1068,
2618,15,19,15001,0,0,420,lterr,420,42.883549,-78.877396,1596192881,15,15001,0,1043,
2619,19,19,19001,0,180,418,wlmba,421,42.896996,-78.814377,1596192857,19,19001,0,1065,
2620,19,20,19003,0,60,419,winsp,420,42.932362,-78.813896,1596192846,19,19003,0,1067,
2623,15,20,15002,0,-120,421,scl,419,42.862484,-78.819923,1596192852,15,15002,0,1044,
2624,32,20,32006,0,-240,419,dlwam,415,42.932114,-78.877281,1596192869,32,32006,0,1082,
2627,16,19,16006,0,-360,420,rdgsp,414,42.804127,-78.824203,1596192844,16,16006,0,1057,
2628,14,19,16005,0,0,416,abtba,416,42.855801,-78.822975,1596192893,16,16005,0,1025,
2630,0,0,75001,4,480,418,fltbk,426,42.848816,-78.698318,1596192828,75,75001,0,1058,
2701,22,19,8003,0,0,417,bstmn,417,42.904476,-78.867981,1596192840,8,8003,0,2003,
2703,8,19,44004,0,120,418,wtfrt,420,42.880081,-78.883057,1596192874,44,44004,0,2086,
2704,47,20,47001,0,240,411,airpt,415,42.934120,-78.730667,1596192829,47,47001,0,2034,
2705,0,0,66001,4,60,405,mlptr,406,43.033531,-78.697350,1596192831,66,66001,0,2055,
2707,12,20,12004,0,60,419,ctyli,420,42.958679,-78.815308,1596192683,12,12004,0,2011,
2709,12,19,12005,0,0,420,nghmp,420,42.910854,-78.900177,1596192821,12,12005,0,2012,
2713,13,19,44001,0,0,421,dlvgr,421,42.926338,-78.830643,1596192876,44,44001,0,2083,
8126,45,99,45126,99,99999,9999,,9999,42.882446,-78.873451,1596192873,45,0,0,45126,
8144,45,99,45091,99,99999,9999,,9999,42.954140,-78.820557,1596192476,45,0,0,45091,
8201,45,99,45201,99,99999,9999,,9999,42.928371,-78.716484,1596192884,45,0,0,45201,
8208,45,99,45208,99,99999,9999,,9999,42.994099,-78.879814,1596192862,45,0,0,45208,
8213,45,99,45213,99,99999,9999,,9999,43.020527,-78.878510,1596192856,45,0,0,45213,
8216,45,99,45216,99,99999,9999,,9999,42.906536,-78.801277,1596192847,45,0,0,45216,
8217,45,99,45217,99,99999,9999,,9999,42.884457,-78.783371,1596192853,45,0,0,45217,
8218,45,99,45218,99,99999,9999,,9999,42.947731,-78.873970,1596192884,45,0,0,45218,
8219,45,99,45219,99,99999,9999,,9999,42.880112,-78.785088,1596192859,45,0,0,45219,
8220,45,99,45220,99,99999,9999,,9999,42.757324,-78.824799,1596192716,45,0,0,45220,
8221,45,99,45221,99,99999,9999,,9999,42.939922,-78.838608,1596192863,45,0,0,45221,
8224,45,99,45224,99,99999,9999,,9999,42.958706,-78.859383,1596192863,45,0,0,45224,
8225,45,99,45225,99,99999,9999,,9999,42.961044,-78.838272,1596192701,45,0,0,45225,
8226,45,99,45226,99,99999,9999,,9999,42.827942,-78.754784,1596192875,45,0,0,45226,
8227,45,99,45227,99,99999,9999,,9999,42.990631,-78.737144,1596192749,45,0,0,45227,
8230,45,99,45230,99,99999,9999,,9999,42.981556,-78.879333,1596192790,45,0,0,45230,
8232,45,99,45232,99,99999,9999,,9999,43.009331,-78.856697,1596192872,45,0,0,45232,
8234,45,99,45234,99,99999,9999,,9999,42.858963,-78.788177,1596192783,45,0,0,45234,
8236,45,99,45236,99,99999,9999,,9999,99.000000,999.000000,1596184755,45,0,0,45236,
8237,45,99,45237,99,99999,9999,,9999,42.955597,-78.877991,1596192803,45,0,0,45237,
8238,45,99,45238,99,99999,9999,,9999,42.867405,-78.697243,1596192870,45,0,0,45238,
8239,45,99,45239,99,99999,9999,,9999,42.932774,-78.832397,1596192848,45,0,0,45239,
8240,45,99,45240,99,99999,9999,,9999,42.965141,-78.844383,1596192842,45,0,0,45240,
8241,45,99,45241,99,99999,9999,,9999,42.896885,-78.814789,1596192885,45,0,0,45241,
8301,45,99,45301,99,99999,9999,,9999,42.958263,-78.832840,1596192864,45,0,0,45301,
8302,45,99,45302,99,99999,9999,,9999,43.019920,-78.946365,1596192839,45,0,0,45302,
8308,45,99,45308,99,99999,9999,,9999,43.041039,-78.758507,1596192775,45,0,0,45308,
8310,45,99,45310,99,99999,9999,,9999,99.000000,999.000000,1596192193,45,0,0,45310,
