1001,26,20,22005,0,0,1171,elmdv,1171,42.922184,-78.878510,1596238216,22,22005,0,2048,
1003,23,20,23013,0,-60,1175,brrtc,1174,42.946304,-78.890907,1596238192,23,23013,0,2060,
1004,24,19,24020,0,-120,1171,andrw,1169,42.920177,-78.792458,1596238232,24,24020,0,2076,
1009,44,19,44009,0,-60,1170,crspt,1169,43.043018,-78.738594,1596238205,44,44009,0,2090,
1010,22,20,26008,0,0,1200,twyml,1200,42.903126,-78.783485,1596237878,26,26008,0,2082,
1013,13,19,24016,0,0,1182,utica,1182,42.911678,-78.864853,1596238213,24,24016,0,2073,
1014,26,19,26007,0,0,1174,badlv,1174,42.922817,-78.802025,1596238238,26,26007,0,2081,
1015,24,20,24018,0,-60,1177,genmn,1176,42.882393,-78.874306,1596238211,24,24018,0,2074,
1016,12,20,12013,0,0,1172,ctyli,1172,42.958706,-78.814568,1596238203,12,12013,0,2024,
1017,0,0,13008,6,180,1202,airpt,1205,42.934147,-78.730446,1596238190,13,13008,0,2038,
1018,44,19,44006,0,0,1172,mlpsh,1172,42.986919,-78.792198,1596238190,44,44006,0,2089,
1020,14,19,14011,0,0,1172,mowsh,1172,42.887482,-78.872818,1596238214,14,14011,0,1041,
1021,6,19,6013,0,-360,1171,wtfrt,1165,42.880081,-78.881638,1596238186,6,6013,0,1030,
1027,42,19,42006,0,99999,9999,mohel,1158,42.882530,-78.872185,1596238176,42,42006,1,1099,
1031,6,20,6008,0,120,1174,twyml,1176,42.907417,-78.786758,1596238205,6,6008,0,1028,
1037,0,0,19015,4,99999,9999,socam,1045,42.917400,-78.813782,1596238214,19,19015,0,1076,
1038,1,19,2008,0,-360,1179,tcbfl,1173,42.885418,-78.869133,1596238190,2,2008,0,1011,
1040,2,20,32013,0,-180,1175,cltfl,1172,42.883217,-78.862022,1596238235,32,32013,0,1087,
1042,19,20,19012,0,0,1170,socam,1170,42.954994,-78.820480,1596238185,19,19012,0,1074,
1043,15,19,15010,0,0,1179,scl,1179,42.829620,-78.771164,1596238201,15,15010,0,1050,
1045,19,20,19014,0,-300,1174,wlmba,1169,42.878761,-78.801353,1596238193,19,19014,0,1075,
1046,15,20,15009,0,0,1173,basen,1173,42.870567,-78.834625,1596238208,15,15009,0,1049,
1047,4,20,4009,0,120,1176,bdyfl,1178,42.888058,-78.861725,1596238201,4,4009,0,1020,
1049,76,19,15007,0,60,1174,lkrt5,1175,42.701359,-78.979828,1596238198,15,15007,0,1048,
1052,4,20,32016,0,99999,9999,twyml,910,42.889488,-78.799637,1596238224,32,32016,0,1088,
1057,18,19,18005,0,-240,1175,genjf,1171,42.909454,-78.854057,1596238193,18,18005,0,2043,
1060,13,19,47004,0,60,1174,dlvgr,1175,42.930382,-78.829308,1596238195,47,47004,0,2093,
1062,24,19,24015,0,0,1190,marmn,1190,42.877251,-78.877731,1596238228,24,24015,0,2072,
1063,24,20,24014,0,0,1179,airpt,1179,42.934120,-78.730629,1596238236,24,24014,0,2071,
1064,23,19,23014,0,60,1176,abtba,1177,42.869221,-78.845795,1596238237,23,23014,0,2061,
1103,8,20,48006,0,-60,1182,mnaln,1181,42.877304,-78.877731,1596238228,48,48006,0,2098,
1111,0,0,12025,6,120,1183,ctyli,1185,42.958649,-78.814789,1596238183,12,12025,0,2031,
1115,13,20,13007,0,60,1173,winsp,1174,42.940830,-78.813637,1596238183,13,13007,0,2037,
1119,23,19,23020,0,0,1170,abtba,1170,42.857643,-78.828674,1596238114,23,23020,0,2062,
1120,12,19,12017,0,0,1170,nghmp,1170,42.910801,-78.899918,1596238180,12,12017,0,2027,
1124,12,19,12022,0,0,1171,knegt,1171,42.942398,-78.803474,1596238229,12,12022,0,2028,
1129,23,19,23021,0,-180,1186,hrtpk,1183,42.941601,-78.903564,1596238236,23,23021,0,2063,
1130,47,20,48004,0,0,1176,eccn,1176,42.952930,-78.754898,1596238223,48,48004,0,2097,
1201,2,20,2009,0,0,1181,fltbk,1181,42.848869,-78.697540,1596238189,2,2009,0,1012,
1203,32,19,32021,0,0,1184,brrtc,1184,42.945396,-78.906876,1596238217,32,32021,0,1092,
1205,46,19,32022,0,-180,1170,glrml,1167,42.910252,-78.763718,1596238222,32,32022,0,1094,
1206,16,20,16013,0,-420,1180,spkls,1173,42.887260,-78.872856,1596238184,16,16013,0,1061,
1207,6,19,6009,0,-60,1176,sycfl,1175,42.904724,-78.814972,1596238226,6,6009,0,1029,
1211,32,19,32018,0,-420,1174,clwbr,1167,42.937336,-78.754150,1596238193,32,32018,0,1090,
1304,155,20,155003,0,0,1175,quain,1175,43.073849,-78.976967,1596238238,155,155003,0,3114,
1501,55,20,55043,0,0,1172,nfia,1172,43.101624,-78.939560,1596236948,55,55043,0,3111,
1504,5,19,20018,0,-180,1180,brrtc,1177,42.957386,-78.896675,1596238218,20,20018,0,3048,
1511,5,19,20020,0,0,1170,ellop,1170,42.882614,-78.872444,1596238189,20,20020,0,3050,
1512,25,20,25014,0,120,1172,mnngr,1174,43.019039,-78.876877,1596238221,25,25014,0,3062,
1519,52,20,52030,0,99999,9999,mlnfb,1130,43.100742,-78.979980,1596237998,52,52030,0,3100,
1604,0,0,5022,6,0,1180,socam,1180,42.955048,-78.820183,1596238089,5,5022,0,3030,
1607,20,19,3018,0,0,1200,ellop,1200,42.882584,-78.872261,1596238225,3,3018,0,3012,
1608,5,19,5021,0,0,1187,ellop,1187,42.882614,-78.872368,1596238120,5,5021,0,3029,
1610,55,19,55041,0,0,1184,prtc,1184,43.099339,-79.051559,1596238230,55,55041,0,3109,
1616,34,20,34009,0,0,1172,audbn,1172,43.030617,-78.806824,1596238199,34,34009,0,3069,
1622,40,19,40017,0,0,1170,casno,1170,43.086029,-79.059113,1596238191,40,40017,0,3087,
1623,3,20,3019,0,0,1176,tonvl,1176,42.959942,-78.908104,1596238101,3,3019,0,3013,
1703,35,19,35006,0,60,1177,nfbsh,1178,42.990768,-78.803581,1596238194,35,35006,0,3074,
1705,20,19,25009,0,0,1181,elmdv,1181,42.951611,-78.878365,1596238217,25,25009,0,3059,
1715,20,20,20014,0,0,1174,elken,1174,42.947540,-78.878143,1596238218,20,20014,0,3046,
1803,3,20,5017,0,-300,1174,trcem,1169,42.886051,-78.876648,1596238180,5,5017,0,3028,
1806,40,20,25010,0,-180,1181,giplz,1178,42.966431,-78.922920,1596238221,25,25010,0,3060,
1807,3,19,3017,0,0,1178,trcem,1178,42.912670,-78.892693,1596238200,3,3017,0,3011,
1808,11,19,11005,0,0,1180,dlwdv,1180,42.951611,-78.859085,1596238228,11,11005,0,3034,
1810,5,20,20013,0,-360,1170,dlwkn,1164,42.958649,-78.869843,1596238222,20,20013,0,3045,
1812,11,20,11006,0,-60,1174,dlwdv,1173,42.909012,-78.870995,1596238203,11,11006,0,3035,
1813,25,19,25013,0,-120,1173,dlwnr,1171,42.911404,-78.870399,1596238203,25,25013,0,3061,
1818,16,20,16014,0,-300,1179,mnbfl,1174,42.764061,-78.824356,1596238216,16,16014,0,1062,
1819,32,20,32020,0,0,1174,knhty,1174,42.939346,-78.810173,1596238231,32,32020,0,1093,
1820,14,20,14012,0,0,1173,eccs,1173,42.772530,-78.797142,1596238050,14,14012,0,1042,
1821,2,19,2011,0,0,1176,tcbfl,1176,42.886242,-78.876839,1596238234,2,2011,0,1013,
1822,16,19,16015,0,0,1210,bnmc,1210,42.898617,-78.868423,1596238235,16,16015,0,1063,
1901,155,19,155004,0,-60,1172,ltity,1171,43.094143,-79.012993,1596238234,155,155004,0,3115,
1903,20,20,20019,0,0,1189,orch,1189,42.988377,-78.873077,1596238179,20,20019,0,3049,
1904,55,20,40012,0,-180,1178,pnhyd,1175,43.091530,-79.059410,1596238202,40,40012,0,3084,
1909,55,20,55042,0,0,1180,nfia,1180,43.089466,-78.972763,1596238209,55,55042,0,3110,
1914,5,20,20016,0,-240,1176,ngfry,1172,42.899578,-78.890533,1596238188,20,20016,0,3047,
1915,40,19,40016,0,0,1170,tcbfl,1170,42.883327,-78.872665,1596238124,40,40016,0,3086,
1917,50,20,50025,0,60,1180,mlnfb,1181,43.078579,-79.006256,1596238193,50,50025,0,3095,
1919,5,20,34011,0,99999,9999,socam,1200,42.958649,-78.814568,1596238028,34,34011,1,3070,
1920,40,19,40014,0,60,1185,tcbfl,1186,42.918362,-78.899025,1596238220,40,40014,0,3085,
1921,35,20,35007,0,-120,1174,nfbsh,1172,42.980732,-78.847801,1596238211,35,35007,0,3075,
1922,0,0,5014,5,0,1179,front,1179,43.047943,-78.876648,1596238086,5,5014,0,3027,
2005,44,20,13006,0,-120,1173,mlptr,1171,43.070053,-78.710381,1596238237,13,13006,0,2036,
2010,22,19,26006,0,-120,1172,bstmn,1170,42.903980,-78.865860,1596238219,26,26006,0,2080,
2218,34,19,34008,0,0,1171,blvml,1171,42.986729,-78.823051,1596238224,34,34008,0,3068,
2501,16,19,16016,0,0,1173,abtba,1173,42.856709,-78.829231,1596238192,16,16016,0,1064,
2507,6,20,6014,0,99999,9999,glrml,1176,42.910332,-78.763908,1596237921,6,6014,1,1031,
2512,14,20,14008,0,60,1178,eccs,1179,42.789444,-78.811287,1596238209,14,14008,0,1040,
2604,24,20,24019,0,-60,1171,ungen,1170,42.924496,-78.774849,1596238213,24,24019,0,2075,
2606,48,20,8006,0,60,1169,ehmal,1170,42.973557,-78.694000,1596238179,8,8006,0,2006,
2613,42,20,42007,0,120,1183,sogat,1185,42.827614,-78.754745,1596237640,42,42007,0,1100,
2615,32,20,32019,0,120,1188,twyml,1190,42.902550,-78.784004,1596238002,32,32019,0,1091,
2616,0,0,1003,5,60,1184,babck,1185,42.898727,-78.784637,1596238207,1,1003,0,1006,
2620,4,19,32017,0,-60,1171,bdmgn,1170,42.888332,-78.861282,1596238190,32,32017,0,1089,
2702,8,20,8008,0,-120,1172,socam,1170,42.955074,-78.821045,1596238130,8,8008,0,2007,
2703,12,20,12023,0,0,1180,knegt,1180,42.924934,-78.813934,1596238199,12,12023,0,2029,
2709,12,19,12024,0,60,1175,elmut,1176,42.911324,-78.865860,1596238186,12,12024,0,2030,
8216,45,99,45216,99,99999,9999,,9999,42.965248,-78.697800,1596238124,45,0,0,45216,
8240,45,99,45240,99,99999,9999,,9999,43.072884,-78.932259,1596238138,45,0,0,45240,
8304,45,99,45304,99,99999,9999,,9999,42.943470,-78.799599,1596238121,45,0,0,45304,
8306,45,99,45306,99,99999,9999,,9999,42.929253,-78.831871,1596238196,45,0,0,45306,
