1003,12,19,12003,0,0,380,filut,380,42.914539,-78.829971,1596190568,12,12003,0,2010,
1004,22,20,22002,0,0,383,bstgn,383,42.903954,-78.866264,1596190542,22,22002,0,2045,
1007,0,0,8002,4,0,378,ehmal,378,42.973583,-78.693665,1596190548,8,8002,0,2002,
1008,18,19,18002,0,-180,375,spkls,372,42.871475,-78.862732,1596190536,18,18002,0,2040,
1010,24,19,12006,0,-240,399,marmn,395,42.933846,-78.731186,1596190542,12,12006,0,2013,
1011,12,19,12001,0,0,375,nghmp,375,42.910938,-78.899879,1596190570,12,12001,0,2008,
1014,13,19,13002,0,-120,378,winsp,376,42.956505,-78.813972,1596190519,13,13002,0,2033,
1017,0,0,26004,4,-180,388,twyml,385,42.931507,-78.816017,1596190524,26,26004,0,2015,
1020,4,20,4001,0,120,377,bdyba,379,42.896500,-78.816727,1596190525,4,4001,0,1014,
1021,16,20,14001,0,60,381,bgtsp,382,42.789856,-78.813080,1596190514,14,14001,0,1032,
1022,0,0,2006,4,0,415,eaura,415,42.882420,-78.824913,1596190538,2,2006,0,1046,
1023,32,20,6004,0,0,382,ungen,382,42.944927,-78.775032,1596190515,6,6004,0,1024,
1026,6,19,6002,0,-60,386,wtfrt,385,42.887203,-78.872894,1596190555,6,6002,0,1022,
1027,4,20,32001,0,99999,9999,twyml,365,42.903458,-78.783333,1596190053,32,32001,1,1077,
1029,0,0,2005,4,120,395,fltbk,397,42.871941,-78.815903,1596190514,2,2005,0,1083,
1031,6,20,6001,0,-180,375,glrml,372,42.910221,-78.763611,1596190516,6,6001,0,1021,
1033,0,0,6006,4,480,397,athpr,405,42.876453,-78.867493,1596190568,6,6006,0,1027,
1038,0,0,32004,4,300,365,twyml,370,42.902851,-78.783669,1596190520,32,32004,0,1080,
1040,2,19,46001,0,0,378,tcbfl,378,42.883492,-78.872299,1596190129,46,46001,0,1101,
1042,0,0,42003,4,-120,387,mohel,385,42.885086,-78.858154,1596190556,42,42003,0,1097,
1043,19,20,19002,0,0,382,badlv,382,42.904968,-78.813705,1596190565,19,19002,0,1066,
1044,0,0,70001,4,0,370,eaura,370,42.767719,-78.628304,1596190565,70,70001,0,1079,
1047,1,19,4003,0,120,383,tcbfl,385,42.886463,-78.877472,1596190554,4,4003,0,1016,
1049,0,0,32005,4,99999,9999,twyml,390,42.902138,-78.783783,1596190569,32,32005,0,1081,
1050,0,0,1002,4,99999,9999,senbg,376,42.651779,-78.969337,1596189726,1,1002,0,1002,
1052,14,20,14002,0,0,378,abtba,378,42.860970,-78.839912,1596190563,14,14002,0,1033,
1055,0,0,18003,4,0,376,dlvst,376,99.000000,999.000000,1596190513,18,18003,0,2016,
1057,26,19,26001,0,60,383,ngdlv,384,42.921829,-78.898354,1596190571,26,26001,0,2077,
1061,13,20,49001,0,0,384,winsp,384,42.932499,-78.827034,1596190534,49,49001,0,2099,
1062,26,20,26002,0,-120,385,badlv,383,42.922104,-78.854469,1596190528,26,26002,0,2079,
1065,24,19,24001,0,60,380,marmn,381,42.880550,-78.874977,1596190559,24,24001,0,2064,
1106,13,19,8001,0,0,385,utica,385,42.911816,-78.865074,1596190337,8,8001,0,2001,
1110,44,20,24005,0,0,376,flint,376,42.999954,-78.789436,1596190572,24,24005,0,2068,
1111,0,0,23006,4,0,375,brrtc,375,42.945671,-78.907135,1596190487,23,23006,0,2054,
1116,48,20,13001,0,360,382,ehmal,388,42.966076,-78.715256,1596190535,13,13001,0,2032,
1118,24,20,24002,0,-300,380,bagen,375,42.903374,-78.836639,1596190561,24,24002,0,2065,
1120,0,0,23008,4,99999,9999,brrtc,408,99.000000,999.000000,1596190394,23,23008,0,2056,
1122,49,20,48001,0,-120,383,mlpsh,381,42.958759,-78.813820,1596190498,48,48001,0,2094,
1123,0,0,44003,4,-180,376,socam,373,42.954857,-78.820412,1596190562,44,44003,0,2085,
1124,8,19,18001,0,0,383,wtfrt,383,42.889927,-78.874306,1596190540,18,18001,0,2039,
1127,0,0,12007,4,-60,376,ctyli,375,42.958706,-78.814934,1596190572,12,12007,0,2014,
1128,0,0,44002,4,-240,379,lkpt,375,43.167843,-78.695976,1596190533,44,44002,0,2084,
1129,24,19,24003,0,60,382,andrw,383,42.926338,-78.758064,1596190518,24,24003,0,2066,
1203,32,19,4002,0,-60,379,amhba,378,42.940914,-78.806488,1596190534,4,4002,0,1015,
1204,16,20,16001,0,0,388,spkls,388,42.894356,-78.865036,1596190521,16,16001,0,1051,
1205,74,19,42001,0,0,379,athpr,379,42.749569,-78.854355,1596190528,42,42001,0,1095,
1206,0,0,6005,4,120,392,glrml,394,42.884373,-78.785645,1596190554,6,6005,0,1084,
1207,46,19,32002,0,0,385,glrml,385,42.906704,-78.727127,1596190547,32,32002,0,1078,
1208,2,20,1001,0,0,375,fern,375,42.871422,-78.795135,1596190536,1,1001,0,1001,
1213,23,19,23001,0,-60,377,hrtpk,376,42.947704,-78.859230,1596190531,23,23001,0,2049,
1214,22,19,22001,0,0,378,bstgn,378,42.903484,-78.825134,1596190546,22,22001,0,2044,
1502,0,0,20009,4,-540,394,socam,385,42.958542,-78.887444,1596190532,20,20009,0,3023,
1504,34,20,5007,0,360,376,advpk,382,42.997314,-78.821678,1596190548,5,5007,0,3020,
1505,20,19,20006,0,60,380,elmdv,381,42.932251,-78.877060,1596190552,20,20006,0,3041,
1507,3,20,5002,0,-240,375,tonvl,371,42.959915,-78.908142,1596190543,5,5002,0,3015,
1508,5,20,5005,0,0,379,ngfry,379,42.908985,-78.899361,1596190541,5,5005,0,3018,
1512,11,20,3003,0,60,381,clvkn,382,42.946358,-78.868279,1596190540,3,3003,0,3003,
1517,0,0,55034,4,540,381,nfia,390,43.100937,-78.941086,1596190549,55,55034,0,3105,
1518,3,19,3005,0,60,378,frgrt,379,42.918667,-78.890686,1596190564,3,3005,0,3021,
1519,5,19,3004,0,0,385,ellop,385,42.882584,-78.872299,1596190491,3,3004,0,3004,
1520,50,20,50019,0,60,383,mlnfb,384,43.073765,-78.981621,1596190548,50,50019,0,3089,
1601,34,19,11001,0,0,382,nfbma,382,43.031086,-78.818214,1596190463,11,11001,0,3031,
1605,40,20,40003,0,0,383,brrtc,383,42.922791,-78.898239,1596190533,40,40003,0,3104,
1606,55,19,55031,0,0,378,nfb56,378,43.088974,-78.986198,1596190566,55,55031,0,3101,
1609,25,20,25002,0,0,377,dlwdv,377,42.920700,-78.867493,1596190569,25,25002,0,3052,
1611,0,0,3007,4,120,381,tonvl,383,42.960602,-78.888931,1596190551,3,3007,0,3006,
1615,0,0,60001,4,-300,405,nftc,400,42.959694,-78.889977,1596190558,60,60001,0,3092,
1616,25,19,5004,0,99999,9999,ellop,380,42.883518,-78.876320,1596190570,5,5004,1,3017,
1620,40,19,40002,0,180,380,tcbfl,383,42.889984,-78.881561,1596190549,40,40002,0,3077,
1622,0,0,34003,4,-420,384,audbn,377,43.002651,-78.821152,1596190505,34,34003,0,3098,
1703,40,19,55032,0,-60,377,casno,376,43.089329,-79.059341,1596190567,55,55032,0,3102,
1705,5,19,5001,0,0,379,kenml,379,42.958706,-78.870995,1596190497,5,5001,0,3014,
1714,20,20,20001,0,0,387,orch,387,42.988403,-78.873077,1596190374,20,20001,0,3036,
1715,52,19,52027,0,-240,376,mlnfb,372,43.092739,-78.970566,1596190531,52,52027,0,3097,
1716,0,0,5008,4,99999,9999,socam,375,42.954609,-78.820747,1596190300,5,5008,0,3022,
1722,12,19,12002,0,99999,9999,filut,363,42.911297,-78.877396,1596190268,12,12002,0,2009,
1801,0,0,40004,4,900,382,prtc,397,43.099422,-79.051445,1596190562,40,40004,0,3078,
1803,52,20,40001,0,-60,377,lkhyd,376,43.121231,-79.035812,1596190551,40,40001,0,3076,
1807,11,19,20004,0,0,382,dlwdv,382,42.940857,-78.867828,1596190526,20,20004,0,3039,
1808,25,19,25003,0,0,378,dlwkn,378,42.967972,-78.870773,1596190539,25,25003,0,3053,
1809,40,20,52026,0,0,384,prtc,384,43.099369,-79.051636,1596190566,52,52026,0,3096,
1810,0,0,3006,4,0,379,mdcty,379,43.051296,-78.876244,1596190494,3,3006,0,3091,
1815,0,0,35002,4,540,381,covhl,390,43.000065,-78.783264,1596190536,35,35002,0,3032,
1816,20,19,20003,0,240,381,ellop,385,42.889351,-78.877434,1596190517,20,20003,0,3038,
1818,2,20,2002,0,-120,379,cltfl,377,42.882668,-78.858826,1596190529,2,2002,0,1008,
1819,2,19,2001,0,0,386,cltun,386,42.867954,-78.700333,1596190554,2,2001,0,1007,
1822,32,20,32003,0,-120,380,bflst,378,42.940144,-78.884583,1596190558,32,32003,0,1003,
1824,14,19,16003,0,120,378,mowsh,380,42.884483,-78.872368,1596190525,16,16003,0,1053,
1903,3,19,20005,0,0,380,ellop,380,42.886574,-78.875351,1596190527,20,20005,0,3040,
1905,55,20,55033,0,0,379,nfb56,379,43.095104,-79.022789,1596190541,55,55033,0,3103,
1906,5,19,5003,0,60,379,ngvrg,380,42.901230,-78.892212,1596190518,5,5003,0,3016,
1907,5,19,5006,0,-180,378,brrtc,375,42.954498,-78.910118,1596190553,5,5006,0,3019,
1908,35,20,35001,0,0,380,dlwsh,380,42.980896,-78.892769,1596190560,35,35001,0,3071,
1909,25,19,34002,0,0,378,dlwdv,378,42.927849,-78.867867,1596190520,34,34002,0,3064,
1910,0,0,20008,4,0,381,tnind,381,43.013786,-78.859421,1596190550,20,20008,0,3054,
1911,0,0,34004,4,0,381,brrtc,381,42.945339,-78.907135,1596190541,34,34004,0,3024,
1912,20,19,20007,0,-120,377,dlwsh,375,42.986645,-78.873268,1596190518,20,20007,0,3005,
1914,20,20,25001,0,-60,379,elmdv,378,42.913029,-78.877098,1596190561,25,25001,0,3051,
1918,5,20,3001,0,0,386,socam,386,42.958622,-78.863510,1596190551,3,3001,0,3001,
1920,3,20,3002,0,60,377,frgrt,378,42.912395,-78.893219,1596190532,3,3002,0,3002,
1921,11,19,20002,0,0,375,ellop,375,42.882614,-78.872368,1596190406,20,20002,0,3037,
1922,0,0,5009,4,0,398,mdcty,398,42.962994,-78.888412,1596190555,5,5009,0,3072,
2001,44,20,24004,0,120,378,lkpt,380,43.167816,-78.696609,1596190411,24,24004,0,2067,
2005,23,19,23004,0,0,379,abtba,379,42.858662,-78.834183,1596190547,23,23004,0,2052,
2010,23,20,23003,0,240,386,brrtc,390,42.945644,-78.907661,1596190550,23,23003,0,2051,
2011,0,0,23005,4,0,375,abtba,375,42.857559,-78.828972,1596190545,23,23005,0,2053,
2129,4,19,2004,0,0,380,tcbfl,380,42.885197,-78.877319,1596190512,2,2004,0,1010,
2203,34,19,34001,0,0,380,socam,380,42.954277,-78.821007,1596190509,34,34001,0,3063,
2215,50,19,50018,0,60,380,olopc,381,43.154423,-79.035477,1596190425,50,50018,0,3088,
2218,50,19,50020,0,-60,380,prtc,379,43.091476,-79.059639,1596190569,50,50020,0,3090,
2502,42,19,14003,0,-240,384,lcvtc,380,42.830006,-78.788734,1596190534,14,14003,0,1034,
2503,0,0,19006,4,600,367,abtba,377,42.857643,-78.828934,1596189772,19,19006,0,1069,
2508,0,0,69001,4,-240,406,alden,402,42.902222,-78.769753,1596190532,69,69001,0,1056,
2510,19,19,19005,0,-180,384,baken,381,42.958126,-78.817429,1596190536,19,19005,0,1055,
2511,0,0,46002,4,480,374,twyml,382,42.902576,-78.784042,1596190522,46,46002,0,1036,
2514,16,19,16002,0,120,378,spkls,380,42.867184,-78.849777,1596190572,16,16002,0,1052,
2515,1,20,2003,0,120,378,nolvj,380,42.889763,-78.808090,1596190559,2,2003,0,1009,
2602,26,19,26003,0,60,380,badlv,381,42.922844,-78.804810,1596190560,26,26003,0,2078,
2603,23,20,23002,0,0,380,flfry,380,42.895676,-78.839577,1596190487,23,23002,0,2050,
2604,0,0,12008,4,-240,390,ctyli,386,42.928757,-78.850594,1596190545,12,12008,0,2096,
2606,0,0,48002,4,-360,386,socam,380,42.939896,-78.838608,1596190542,48,48002,0,2095,
2608,14,19,14004,0,-120,377,mercy,375,42.843590,-78.809502,1596190555,14,14004,0,1035,
2610,6,20,6003,0,-120,381,sycfl,379,42.890259,-78.862991,1596190541,6,6003,0,1023,
2613,15,20,15003,0,-60,383,sensm,382,42.882614,-78.874901,1596190513,15,15003,0,1045,
2615,0,0,42002,4,660,376,sogat,387,42.827641,-78.754784,1596190506,42,42002,0,1096,
2616,0,0,16004,4,480,360,mnbfl,368,42.760155,-78.824692,1596190568,16,16004,0,1054,
2617,16,19,19004,0,-120,377,splke,375,42.790405,-78.824059,1596190525,19,19004,0,1068,
2618,15,20,15001,0,0,379,sogat,379,42.827446,-78.754715,1596190562,15,15001,0,1043,
2619,19,20,19001,0,60,377,winsp,378,42.947430,-78.813934,1596190533,19,19001,0,1065,
2620,19,19,19003,0,60,383,abtba,384,42.881760,-78.814491,1596190520,19,19003,0,1067,
2623,15,19,15002,0,0,377,sensm,377,42.870483,-78.834366,1596190527,15,15002,0,1044,
2624,0,0,32006,4,-120,392,brrtc,390,42.879066,-78.838539,1596190547,32,32006,0,1082,
2627,0,0,16006,4,-360,400,mcmal,394,42.877224,-78.832542,1596190518,16,16006,0,1057,
2628,0,0,16005,4,-240,389,mcmal,385,42.798985,-78.816650,1596190515,16,16005,0,1025,
2703,0,0,44004,4,-960,389,socam,373,42.929390,-78.849960,1596190550,44,44004,0,2086,
2704,47,20,47001,0,-60,382,mnun,381,42.964012,-78.793350,1596190570,47,47001,0,2034,
2705,0,0,66001,4,0,401,mlptr,401,42.922104,-78.857628,1596190567,66,66001,0,2055,
2707,12,20,12004,0,0,379,badlv,379,42.914486,-78.827187,1596190477,12,12004,0,2011,
2709,12,19,12005,0,-60,376,knegt,375,42.941902,-78.803474,1596190558,12,12005,0,2012,
2713,8,20,44001,0,0,377,utica,377,42.907581,-78.867493,1596190552,44,44001,0,2083,
8201,45,99,45201,99,99999,9999,,9999,42.927162,-78.888710,1596190562,45,0,0,45201,
8213,45,99,45213,99,99999,9999,,9999,42.953865,-78.825768,1596190531,45,0,0,45213,
8216,45,99,45216,99,99999,9999,,9999,42.945644,-78.891953,1596190525,45,0,0,45216,
8217,45,99,45217,99,99999,9999,,9999,42.868587,-78.694969,1596190530,45,0,0,45217,
8218,45,99,45218,99,99999,9999,,9999,42.973114,-78.887001,1596190566,45,0,0,45218,
8219,45,99,45219,99,99999,9999,,9999,42.997894,-78.826553,1596190476,45,0,0,45219,
8220,45,99,45220,99,99999,9999,,9999,42.896801,-78.767662,1596190512,45,0,0,45220,
8221,45,99,45221,99,99999,9999,,9999,42.921001,-78.696716,1596190538,45,0,0,45221,
8226,45,99,45226,99,99999,9999,,9999,42.808636,-78.764427,1596190493,45,0,0,45226,
8227,45,99,45227,99,99999,9999,,9999,42.942039,-78.802879,1596190422,45,0,0,45227,
8230,45,99,45230,99,99999,9999,,9999,42.920368,-78.824692,1596190467,45,0,0,45230,
8232,45,99,45232,99,99999,9999,,9999,42.887562,-78.785126,1596190551,45,0,0,45232,
8234,45,99,45234,99,99999,9999,,9999,42.944214,-78.807640,1596190521,45,0,0,45234,
8236,45,99,45236,99,99999,9999,,9999,99.000000,999.000000,1596184755,45,0,0,45236,
8238,45,99,45238,99,99999,9999,,9999,42.791836,-78.779015,1596190549,45,0,0,45238,
8239,45,99,45239,99,99999,9999,,9999,42.957001,-78.889900,1596190524,45,0,0,45239,
8241,45,99,45241,99,99999,9999,,9999,43.005924,-78.847244,1596190564,45,0,0,45241,
8308,45,99,45308,99,99999,9999,,9999,42.960106,-78.889458,1596190457,45,0,0,45308,
