1003,0,0,12003,4,-480,348,ctyli,340,42.947540,-78.829865,1596188371,12,12003,0,2010,
1008,0,0,18002,4,360,345,dlvst,351,42.922047,-78.857407,1596188415,18,18002,0,2040,
1011,12,19,12001,0,-60,340,utica,339,42.911240,-78.862358,1596188372,12,12001,0,2008,
1020,2,19,4001,0,99999,9999,tcbfl,340,42.883659,-78.872337,1596188388,4,4001,1,1014,
1021,16,20,14001,0,-180,347,spkls,344,42.882530,-78.874382,1596188377,14,14001,0,1032,
1023,32,20,6004,0,-180,350,bflst,347,42.943031,-78.906731,1596188379,6,6004,0,1024,
1026,6,20,6002,0,0,340,glrml,340,42.910221,-78.763641,1596187927,6,6002,0,1022,
1027,4,20,32001,0,0,345,bdyfl,345,42.887177,-78.865967,1596188408,32,32001,0,1077,
1031,6,20,6001,0,-60,343,sycmg,342,42.883659,-78.872597,1596188379,6,6001,0,1021,
1040,0,0,46001,4,-660,347,fern,336,42.871861,-78.810806,1596188409,46,46001,0,1101,
1043,19,19,19002,0,-120,341,bdyba,339,42.902275,-78.813934,1596188399,19,19002,0,1066,
1044,0,0,70001,4,-240,369,eaura,365,42.881458,-78.825249,1596188373,70,70001,0,1079,
1047,0,0,4003,4,0,349,goeth,349,42.881596,-78.825844,1596188368,4,4003,0,1016,
1050,0,0,1002,4,-300,381,senbg,376,42.872162,-78.820412,1596188361,1,1002,0,1002,
1052,14,19,14002,0,0,342,spkls,342,42.863747,-78.843788,1596188365,14,14002,0,1033,
1057,0,0,26001,4,240,336,twyml,340,42.903156,-78.783485,1596188369,26,26001,0,2077,
1061,13,19,49001,0,0,352,utica,352,42.911652,-78.864815,1596188219,49,49001,0,2099,
1062,0,0,26002,4,0,355,ngdlv,355,42.917099,-78.861877,1596188331,26,26002,0,2079,
1065,24,20,24001,0,0,339,airpt,339,42.934147,-78.730629,1596188360,24,24001,0,2064,
1106,13,20,8001,0,0,340,socam,340,42.955132,-78.820595,1596188196,8,8001,0,2001,
1110,13,20,24005,0,0,350,winsp,350,42.924026,-78.829155,1596188315,24,24005,0,2068,
1116,24,19,13001,0,0,330,marmn,330,42.948914,-78.808983,1596188400,13,13001,0,2032,
1118,24,19,24002,0,-360,342,genfl,336,42.908215,-78.824989,1596188365,24,24002,0,2065,
1124,0,0,18001,4,-660,354,socam,343,42.925045,-78.854210,1596188404,18,18001,0,2039,
1128,0,0,44002,4,-240,379,lkpt,375,42.919765,-78.859787,1596188375,44,44002,0,2084,
1203,0,0,4002,4,-1080,353,twyml,335,42.882198,-78.825287,1596188398,4,4002,0,1015,
1204,16,19,16001,0,0,354,bnmc,354,42.874828,-78.871140,1596188385,16,16001,0,1051,
1205,0,0,42001,4,-240,359,hrmhl,355,42.870239,-78.790520,1596188391,42,42001,0,1095,
1207,46,19,32002,0,-180,344,glrml,341,42.908684,-78.772057,1596188410,32,32002,0,1078,
1208,1,19,1001,0,0,340,tcbfl,340,42.883518,-78.872742,1596188388,1,1001,0,1001,
1213,23,20,23001,0,60,348,brrtc,349,42.947762,-78.883240,1596188394,23,23001,0,2049,
1214,0,0,22001,4,99999,9999,twyml,357,99.000000,999.000000,1596186507,22,22001,0,2044,
1504,0,0,5007,4,-240,359,socam,355,42.959339,-78.890198,1596188412,5,5007,0,3020,
1505,0,0,20006,4,-120,354,orch,352,42.969841,-78.887184,1596188416,20,20006,0,3041,
1507,3,20,5002,0,0,342,frgrt,342,42.909946,-78.893478,1596188407,5,5002,0,3015,
1508,20,19,5005,0,60,343,elmnr,344,42.909149,-78.877174,1596188406,5,5005,0,3018,
1512,3,19,3003,0,240,341,ellop,345,42.882641,-78.874603,1596188405,3,3003,0,3003,
1517,0,0,55034,4,0,385,nfia,385,42.959171,-78.890907,1596188413,55,55034,0,3105,
1519,0,0,3004,4,99999,9999,kenml,335,42.955212,-78.898727,1596188386,3,3004,0,3004,
1520,0,0,50019,4,99999,9999,olopc,332,43.153790,-79.031647,1596188053,50,50019,0,3089,
1601,0,0,11001,4,-60,355,hazwd,354,42.977459,-78.885918,1596188386,11,11001,0,3031,
1605,0,0,40003,4,-240,360,tcbfl,356,42.959309,-78.890869,1596188418,40,40003,0,3104,
1606,55,20,55031,0,0,348,sbprk,348,43.098709,-78.944206,1596188309,55,55031,0,3101,
1609,11,19,25002,0,180,342,ellop,345,42.885914,-78.875755,1596188371,25,25002,0,3052,
1616,0,0,5004,4,-960,346,mnngr,330,43.002842,-78.881416,1596188373,5,5004,0,3017,
1620,40,19,40002,0,0,348,giplz,348,43.075001,-79.005775,1596188353,40,40002,0,3077,
1703,55,19,55032,0,0,343,casno,343,43.095131,-79.036148,1596188310,55,55032,0,3102,
1705,5,20,5001,0,-120,341,dlwkn,339,42.958595,-78.879517,1596188394,5,5001,0,3014,
1714,20,20,20001,0,0,340,elmnr,340,42.902054,-78.877098,1596188362,20,20001,0,3036,
1715,0,0,52027,4,-360,368,nftc,362,42.980843,-78.888229,1596188395,52,52027,0,3097,
1722,0,0,12002,4,99999,9999,ctyli,325,42.920288,-78.859268,1596187299,12,12002,0,2009,
1803,52,19,40001,0,-120,345,olopc,343,43.139244,-79.037155,1596188355,40,40001,0,3076,
1807,0,0,20004,4,0,342,tnind,342,43.012192,-78.852348,1596188389,20,20004,0,3039,
1808,0,0,25003,4,-660,355,mdcty,344,43.018162,-78.879707,1596188404,25,25003,0,3053,
1809,40,20,52026,0,0,352,falls,352,43.048382,-78.987907,1596188419,52,52026,0,3096,
1816,20,20,20003,0,0,345,orch,345,42.988377,-78.873077,1596188381,20,20003,0,3038,
1818,4,19,2002,0,120,348,tcbfl,350,42.885967,-78.871704,1596188393,2,2002,0,1008,
1819,2,20,2001,0,-300,347,cltun,342,42.871502,-78.792198,1596188387,2,2001,0,1007,
1822,0,0,32003,4,0,361,brrtc,361,42.882420,-78.824615,1596188299,32,32003,0,1003,
1824,0,0,16003,4,-120,339,mcmal,337,42.783199,-78.808685,1596188388,16,16003,0,1053,
1903,0,0,20005,4,0,341,tonvl,341,42.959999,-78.908028,1596188330,20,20005,0,3040,
1905,0,0,55033,4,-300,356,prtc,351,43.074509,-79.002129,1596188403,55,55033,0,3103,
1906,5,19,5003,0,-120,344,dlwkn,342,42.958569,-78.845421,1596188381,5,5003,0,3016,
1907,0,0,5006,4,-600,350,socam,340,42.958073,-78.824203,1596188417,5,5006,0,3019,
1908,0,0,35001,4,60,349,brrtc,350,42.957851,-78.889458,1596188399,35,35001,0,3071,
1909,0,0,34002,4,0,353,orch,353,42.965801,-78.887894,1596188384,34,34002,0,3064,
1914,5,19,25001,0,120,343,ngvrg,345,42.902935,-78.893845,1596188363,25,25001,0,3051,
1918,3,19,3001,0,-300,340,ellop,335,42.882751,-78.871964,1596188414,3,3001,0,3001,
1920,25,19,3002,0,0,341,dlwnr,341,42.902412,-78.873039,1596188396,3,3002,0,3002,
1921,0,0,20002,4,-180,339,prpky,336,42.986534,-78.858337,1596188387,20,20002,0,3037,
2001,44,20,24004,0,0,342,flint,342,42.989807,-78.792717,1596188360,24,24004,0,2067,
2005,23,19,23004,0,-120,348,hrtpk,346,42.946274,-78.890869,1596188214,23,23004,0,2052,
2010,23,20,23003,0,0,343,bdyfl,343,42.864021,-78.844452,1596188369,23,23003,0,2051,
2129,0,0,2004,4,60,344,twyml,345,42.903156,-78.783783,1596188371,2,2004,0,1010,
2203,0,0,34001,4,-300,356,advpk,351,42.972839,-78.887039,1596188366,34,34001,0,3063,
2215,50,19,50018,0,0,345,nuniv,345,43.121670,-79.049545,1596188411,50,50018,0,3088,
2218,0,0,50020,4,-960,356,nftc,340,43.033562,-78.982590,1596188384,50,50020,0,3090,
2502,0,0,14003,4,-180,358,sogat,355,42.877029,-78.833061,1596188391,14,14003,0,1034,
2510,0,0,19005,4,0,366,socam,366,42.896416,-78.814232,1596188396,19,19005,0,1055,
2514,0,0,16002,4,0,331,mnbfl,331,42.738621,-78.825470,1596188359,16,16002,0,1052,
2515,1,19,2003,0,60,349,tcbfl,350,42.885719,-78.871140,1596188413,2,2003,0,1009,
2601,24,20,24003,0,60,338,bagen,339,42.912449,-78.814377,1596188386,24,24003,0,2066,
2603,23,19,23002,0,60,348,abtba,349,42.877525,-78.841103,1596188403,23,23002,0,2050,
2608,0,0,14004,4,0,357,shops,357,42.882668,-78.824799,1596188356,14,14004,0,1035,
2610,6,19,6003,0,0,341,sycmg,341,42.891167,-78.860123,1596188382,6,6003,0,1023,
2613,15,19,15003,0,0,346,basen,346,42.850796,-78.804665,1596188370,15,15003,0,1045,
2616,0,0,16004,4,-120,365,mnbfl,363,42.848816,-78.791374,1596188364,16,16004,0,1054,
2617,0,0,19004,4,660,340,mnbfl,351,42.715687,-78.827591,1596188319,19,19004,0,1068,
2618,15,19,15001,0,60,339,lterr,340,42.882915,-78.879852,1596188413,15,15001,0,1043,
2619,19,19,19001,0,240,345,abtba,349,42.857586,-78.828972,1596187914,19,19001,0,1065,
2620,19,20,19003,0,60,342,socam,343,42.956421,-78.814041,1596188315,19,19003,0,1067,
2623,15,20,15002,0,-360,343,scl,337,42.857506,-78.812592,1596188380,15,15002,0,1044,
2707,0,0,12004,4,-780,353,nghmp,340,42.914349,-78.899879,1596188394,12,12004,0,2011,
2709,0,0,12005,4,0,355,ctyli,355,42.917866,-78.862061,1596188411,12,12005,0,2012,
2713,8,19,44001,0,60,340,mnaln,341,42.902111,-78.869431,1596188407,44,44001,0,2083,
8201,45,99,45201,99,99999,9999,,9999,42.914597,-78.836380,1596188415,45,0,0,45201,
8217,45,99,45217,99,99999,9999,,9999,42.839821,-78.770607,1596188388,45,0,0,45217,
8219,45,99,45219,99,99999,9999,,9999,43.042854,-78.821861,1596188331,45,0,0,45219,
8220,45,99,45220,99,99999,9999,,9999,42.923092,-78.843155,1596188361,45,0,0,45220,
8221,45,99,45221,99,99999,9999,,9999,42.927246,-78.743065,1596188396,45,0,0,45221,
8226,45,99,45226,99,99999,9999,,9999,42.827614,-78.815231,1596187157,45,0,0,45226,
8227,45,99,45227,99,99999,9999,,9999,42.956230,-78.889977,1596188400,45,0,0,45227,
8230,45,99,45230,99,99999,9999,,9999,42.989807,-78.739861,1596188386,45,0,0,45230,
8232,45,99,45232,99,99999,9999,,9999,42.959366,-78.890350,1596188403,45,0,0,45232,
8234,45,99,45234,99,99999,9999,,9999,42.828079,-78.814270,1596188312,45,0,0,45234,
8236,45,99,45236,99,99999,9999,,9999,99.000000,999.000000,1596184755,45,0,0,45236,
8238,45,99,45238,99,99999,9999,,9999,42.959229,-78.891541,1596188342,45,0,0,45238,
8241,45,99,45241,99,99999,9999,,9999,42.967064,-78.888039,1596188417,45,0,0,45241,
