1001,8,20,8004,0,-120,466,mnaln,464,42.877716,-78.878922,1596195272,8,8004,0,2091,
1004,22,19,22002,0,120,461,lkv,463,42.898121,-78.893700,1596195279,22,22002,0,2045,
1005,0,0,66002,4,0,456,ehmal,456,42.973583,-78.693703,1596195010,66,66002,0,2057,
1007,48,20,8002,0,0,468,ehmal,468,42.973446,-78.693703,1596195262,8,8002,0,2002,
1008,18,20,18002,0,60,463,dlvst,464,42.900379,-78.853943,1596195274,18,18002,0,2040,
1010,24,20,12006,0,0,471,holtz,471,42.928867,-78.744400,1596195280,12,12006,0,2013,
1011,12,19,12001,0,0,454,socam,454,42.954636,-78.820778,1596195247,12,12001,0,2008,
1014,13,20,13002,0,0,466,socam,466,42.954662,-78.820595,1596195257,13,13002,0,2033,
1017,26,20,26004,0,-60,465,badlv,464,42.922073,-78.854210,1596195262,26,26004,0,2015,
1018,23,20,23009,0,-180,462,bdyfl,459,42.867405,-78.846313,1596195276,23,23009,0,2087,
1020,46,19,4001,0,240,473,twyml,477,42.902328,-78.783745,1596195303,4,4001,0,1014,
1021,16,19,14001,0,120,459,spkls,461,42.862125,-78.841438,1596195252,14,14001,0,1032,
1022,70,19,2006,0,99999,9999,hrnmn,462,42.882694,-78.872932,1596195294,2,2006,1,1046,
1023,4,19,6004,0,0,460,tcbfl,460,42.883549,-78.872482,1596195254,6,6004,0,1024,
1026,6,19,6002,0,-60,458,twyml,457,42.908241,-78.773804,1596195291,6,6002,0,1022,
1027,4,20,32001,0,99999,9999,twyml,458,42.902687,-78.783707,1596195266,32,32001,1,1077,
1029,2,19,2005,0,180,457,tcbfl,460,42.883137,-78.876091,1596195254,2,2005,0,1083,
1030,74,19,74002,0,0,459,sccmp,459,42.716347,-78.835518,1596195300,74,74002,0,1005,
1031,6,20,6001,0,60,455,twyml,456,42.901203,-78.783966,1596195255,6,6001,0,1021,
1032,19,20,19007,0,60,449,socam,450,42.955185,-78.821190,1596195295,19,19007,0,1085,
1033,0,0,6006,6,99999,9999,glrml,470,42.910416,-78.763641,1596195104,6,6006,0,1027,
1034,4,20,4004,0,-60,458,bdmgn,457,42.885143,-78.872559,1596195298,4,4004,0,1017,
1037,1,20,2001,0,180,455,wmbck,458,42.884811,-78.825806,1596195259,2,2001,0,1007,
1038,32,19,32004,0,0,455,brrtc,455,42.945423,-78.906837,1596194664,32,32004,0,1080,
1040,1,19,46001,0,-120,461,wmmgn,459,42.885086,-78.842255,1596195282,46,46001,0,1101,
1042,42,20,42003,0,0,458,sogat,458,42.827419,-78.754448,1596194996,42,42003,0,1097,
1043,19,20,19002,0,-120,460,wlmba,458,42.866444,-78.823982,1596195302,19,19002,0,1066,
1044,70,19,70001,0,99999,9999,hrnmn,425,42.899029,-78.794952,1596195189,70,70001,1,1079,
1045,69,19,2007,0,120,455,bdtra,457,42.901943,-78.696457,1596195269,2,2007,0,1037,
1047,4,19,4003,0,120,455,bdyfl,457,42.893147,-78.839020,1596195254,4,4003,0,1016,
1049,32,19,32005,0,60,467,brrtc,468,42.933239,-78.877022,1596195246,32,32005,0,1081,
1050,76,19,1002,0,-60,456,ellop,455,42.888828,-78.874756,1596195295,1,1002,0,1002,
1052,72,19,14002,0,600,458,hrnmn,468,42.880577,-78.871140,1596195298,14,14002,0,1033,
1055,18,19,18003,0,60,462,spkls,463,42.878544,-78.855919,1596195265,18,18003,0,2016,
1056,0,0,24009,4,-180,464,socam,461,42.941158,-78.836861,1596195278,24,24009,0,2047,
1057,26,20,26001,0,-300,455,twyml,450,42.903294,-78.783371,1596195302,26,26001,0,2077,
1059,0,0,48003,4,0,455,socam,455,42.955021,-78.820076,1596194940,48,48003,0,2088,
1061,47,19,49001,0,60,461,eccn,462,42.953041,-78.723373,1596195272,49,49001,0,2099,
1062,26,19,26002,0,180,462,ngdlv,465,42.921856,-78.898354,1596195281,26,26002,0,2079,
1065,24,20,24001,0,0,457,airpt,457,42.934174,-78.730217,1596194880,24,24001,0,2064,
1105,24,19,47002,0,60,460,marmn,461,42.877415,-78.878029,1596195293,47,47002,0,2092,
1106,8,19,8001,0,-60,456,dlvst,455,42.926174,-78.853279,1596195252,8,8001,0,2001,
1107,0,0,24008,4,120,451,holtz,453,42.932056,-78.728546,1596195272,24,24008,0,2058,
1108,12,19,12009,0,60,462,nghmp,463,42.913414,-78.882088,1596195277,12,12009,0,2018,
1109,67,19,67002,0,0,468,knhty,468,42.932854,-78.756798,1596195297,67,67002,0,2046,
1110,64,19,24005,0,-120,459,mlptr,457,43.109627,-78.696831,1596195251,24,24005,0,2068,
1111,23,20,23006,0,60,457,flfry,458,42.910442,-78.839058,1596195282,23,23006,0,2054,
1112,44,20,44005,0,120,460,lkpt,462,43.146091,-78.696831,1596195284,44,44005,0,2041,
1113,12,20,12011,0,-120,463,elmut,461,42.915089,-78.898277,1596195301,12,12011,0,2021,
1114,24,19,24006,0,0,455,marmn,455,42.877277,-78.877769,1596195250,24,24006,0,2004,
1115,67,19,67001,0,300,460,ellop,465,42.894466,-78.872818,1596195290,67,67001,0,2017,
1116,48,19,13001,0,120,458,socam,460,42.955132,-78.820297,1596194501,13,13001,0,2032,
1118,24,19,24002,0,60,464,marmn,465,42.889706,-78.870583,1596195297,24,24002,0,2065,
1120,23,19,23008,0,0,455,bdyfl,455,42.897766,-78.839394,1596195252,23,23008,0,2056,
1122,49,19,48001,0,0,461,socam,461,42.973034,-78.813896,1596195293,48,48001,0,2094,
1123,44,19,44003,0,-300,465,mlptr,460,43.131569,-78.697052,1596195298,44,44003,0,2085,
1124,48,20,18001,0,120,458,eccn,460,42.965416,-78.728470,1596195277,18,18001,0,2039,
1126,23,20,23007,0,120,457,brrtc,459,42.941517,-78.903862,1596195273,23,23007,0,2069,
1127,12,20,12007,0,0,455,utica,455,42.911377,-78.865265,1596195251,12,12007,0,2014,
1128,44,20,44002,0,0,456,flint,456,42.995445,-78.790741,1596195271,44,44002,0,2084,
1129,24,20,24003,0,60,459,andrw,460,42.913441,-78.811737,1596195261,24,24003,0,2066,
1130,12,19,12010,0,120,460,badlv,462,42.929913,-78.804291,1596195259,12,12010,0,2020,
1203,32,20,4002,0,0,459,amhba,459,42.940170,-78.832916,1596195271,4,4002,0,1015,
1204,16,20,16001,0,0,458,mnbfl,458,42.715660,-78.827515,1596195201,16,16001,0,1051,
1205,42,19,42001,0,-180,461,shops,458,42.829674,-78.762268,1596195265,42,42001,0,1095,
1206,6,20,6005,0,-120,464,sycmg,462,42.877853,-78.879631,1596195290,6,6005,0,1084,
1207,32,19,32002,0,0,455,amsta,455,42.940281,-78.837715,1596195283,32,32002,0,1078,
1208,1,20,1001,0,0,457,aptml,457,42.888580,-78.751137,1596195155,1,1001,0,1001,
1211,74,19,74001,0,300,462,ellop,467,42.874722,-78.871216,1596195249,74,74001,0,1071,
1212,14,19,14005,0,0,455,mcmal,455,42.784904,-78.811249,1596195269,14,14005,0,1018,
1213,23,20,23001,0,60,458,hrtpk,459,42.947540,-78.838875,1596195268,23,23001,0,2049,
1214,26,19,22001,0,60,462,badlv,463,42.920700,-78.793274,1596195282,22,22001,0,2044,
1502,5,19,20009,0,99999,9999,ellop,457,42.882584,-78.872223,1596195303,20,20009,1,3023,
1504,5,19,5007,0,-60,458,brrtc,457,42.956314,-78.911751,1596195285,5,5007,0,3020,
1505,20,20,20006,0,0,457,orch,457,42.988377,-78.873116,1596194863,20,20006,0,3041,
1507,25,20,5002,0,0,461,dlwkn,461,42.940777,-78.867607,1596195280,5,5002,0,3015,
1508,5,19,5005,0,60,471,brrtc,472,42.959888,-78.889046,1596195291,5,5005,0,3018,
1512,11,19,3003,0,60,464,ellop,465,42.896885,-78.874863,1596195278,3,3003,0,3003,
1517,55,20,55034,0,-180,459,pnhyd,456,43.094913,-79.044601,1596195286,55,55034,0,3105,
1518,3,20,3005,0,60,462,sklmt,463,42.940666,-78.891502,1596195299,3,3005,0,3021,
1519,11,19,3004,0,60,460,clvkn,461,42.973114,-78.858490,1596195261,3,3004,0,3004,
1520,50,19,50019,0,0,463,nuniv,463,43.105663,-79.053162,1596195225,50,50019,0,3089,
1601,34,19,11001,0,-120,463,nfbma,461,43.036034,-78.822937,1596195201,11,11001,0,3031,
1605,40,19,40003,0,-300,462,giplz,457,43.075939,-78.992264,1596195270,40,40003,0,3104,
1606,55,20,55031,0,0,463,nfbwd,463,43.100937,-78.941086,1596195303,55,55031,0,3101,
1609,25,19,25002,0,-300,461,orch,456,43.015301,-78.873413,1596195247,25,25002,0,3052,
1611,3,20,3007,0,-180,458,trcem,455,42.887234,-78.878922,1596195262,3,3007,0,3006,
1615,60,19,60001,0,360,445,tcbfl,451,42.936844,-78.893700,1596195294,60,60001,0,3092,
1616,3,19,5004,0,60,457,frgrt,458,42.920261,-78.890465,1596195248,5,5004,0,3017,
1618,35,20,35003,0,120,456,covhl,458,42.998032,-78.785194,1596195283,35,35003,0,3042,
1620,40,20,40002,0,60,498,prtc,499,43.099422,-79.051559,1596195285,40,40002,0,3077,
1622,34,20,34003,0,60,459,audbn,460,43.020966,-78.822159,1596195062,34,34003,0,3098,
1623,61,19,25004,0,480,456,ellop,464,42.884178,-78.876129,1596195277,25,25004,0,3055,
1703,40,20,55032,0,-240,470,brrtc,466,42.901806,-78.892616,1596195304,55,55032,0,3102,
1704,0,0,55035,4,99999,9999,prtc,466,43.099232,-79.051003,1596195270,55,55035,0,3106,
1705,20,20,5001,0,-60,457,elmdv,456,42.915833,-78.877060,1596195268,5,5001,0,3014,
1714,5,20,20001,0,0,465,brrtc,465,42.918831,-78.898872,1596195295,20,20001,0,3036,
1715,52,19,52027,0,99999,9999,olopc,423,43.099644,-79.051559,1596195268,52,52027,0,3097,
1716,11,20,5008,0,-120,459,dlwnr,457,42.893036,-78.875984,1596195274,5,5008,0,3022,
1717,12,20,12005,0,0,457,badlv,457,42.914650,-78.813896,1596195276,12,12005,0,2012,
1718,47,20,24007,0,0,454,eccn,454,42.956753,-78.718903,1596195302,24,24007,0,2035,
1722,12,20,12002,0,99999,9999,badlv,426,42.916851,-78.813675,1596193405,12,12002,0,2009,
1801,40,19,40004,0,240,456,tcbfl,460,42.883163,-78.876320,1596195297,40,40004,0,3078,
1803,60,19,40001,0,660,491,tcbfl,502,42.883217,-78.872704,1596195302,40,40001,0,3076,
1806,20,19,34005,0,240,456,ellop,460,42.883327,-78.876465,1596195261,34,34005,0,3007,
1807,3,20,20004,0,0,457,tonvl,457,42.960079,-78.907959,1596195263,20,20004,0,3039,
1808,11,20,25003,0,60,463,tnind,464,42.997150,-78.852234,1596195276,25,25003,0,3053,
1809,52,19,52026,0,0,459,lkhyd,459,43.110313,-79.048988,1596195292,52,52026,0,3096,
1810,25,19,3006,0,0,460,ellop,460,42.882557,-78.872040,1596194874,3,3006,0,3091,
1811,20,19,20010,0,0,462,elmnr,462,42.917923,-78.877098,1596195249,20,20010,0,3008,
1815,35,20,35002,0,99999,9999,wtrgt,478,42.945313,-78.907059,1596195273,35,35002,0,3032,
1816,5,20,20003,0,180,462,socam,465,42.954937,-78.819923,1596195255,20,20003,0,3038,
1817,15,20,15004,0,-120,465,sensm,463,42.882996,-78.875496,1596195280,15,15004,0,1070,
1818,2,19,2002,0,0,456,fern,456,42.868450,-78.787132,1596195267,2,2002,0,1008,
1820,32,19,32008,0,-60,455,clwbr,454,42.945122,-78.770348,1596195251,32,32008,0,1004,
1822,32,20,32003,0,-240,454,twyml,450,42.902851,-78.783669,1596195294,32,32003,0,1003,
1824,14,19,16003,0,0,456,spkls,456,42.870621,-78.858154,1596195263,16,16003,0,1053,
1902,35,20,5011,0,-180,465,ens,462,42.947102,-78.907959,1596195250,5,5011,0,3065,
1903,20,19,20005,0,-60,469,elmdv,468,42.957851,-78.878479,1596195297,20,20005,0,3040,
1904,0,0,55037,4,0,490,prtc,490,42.958954,-78.890945,1596195266,55,55037,0,3056,
1905,55,19,55033,0,-120,461,prtc,459,43.084160,-79.059006,1596195157,55,55033,0,3103,
1906,25,20,5003,0,0,456,mnngr,456,43.020554,-78.879707,1596195028,5,5003,0,3016,
1907,5,20,5006,0,60,463,kenml,464,42.953205,-78.905685,1596195288,5,5006,0,3019,
1908,35,19,35001,0,120,456,ens,458,42.987911,-78.896828,1596195296,35,35001,0,3071,
1909,5,20,34002,0,0,468,socam,468,42.958679,-78.868202,1596195259,34,34002,0,3064,
1910,11,19,20008,0,-240,454,ellop,450,42.882614,-78.872337,1596195286,20,20008,0,3054,
1911,0,0,34004,6,0,458,hazwd,458,43.028831,-78.814972,1596195279,34,34004,0,3024,
1912,20,20,20007,0,0,456,elken,456,42.955460,-78.878250,1596195256,20,20007,0,3005,
1914,20,19,25001,0,0,460,ellop,460,42.882557,-78.872147,1596195001,25,25001,0,3051,
1915,3,19,34006,0,0,470,frgrt,470,42.949959,-78.890686,1596195289,34,34006,0,3066,
1916,0,0,55036,4,300,461,nfia,466,43.066231,-78.921654,1596195256,55,55036,0,3107,
1918,5,19,3001,0,0,459,ngvrg,459,42.901257,-78.892250,1596195287,3,3001,0,3001,
1919,3,19,5010,0,0,455,ellop,455,42.882584,-78.872299,1596195254,5,5010,0,3033,
1920,3,19,3002,0,0,455,trcem,455,42.893475,-78.878548,1596195270,3,3002,0,3002,
1921,5,20,20002,0,180,447,socam,450,42.954609,-78.820747,1596195261,20,20002,0,3037,
1922,25,19,5009,0,120,456,dlwnr,458,42.904419,-78.872482,1596195291,5,5009,0,3072,
2001,64,19,24004,0,900,459,mnaln,474,42.908352,-78.867195,1596195265,24,24004,0,2067,
2005,23,20,23004,0,180,452,brrtc,455,42.945644,-78.907661,1596194777,23,23004,0,2052,
2007,13,19,13003,0,-120,461,flfry,459,42.920341,-78.829453,1596195280,13,13003,0,2019,
2010,23,19,23003,0,300,455,abtba,460,42.857449,-78.829048,1596195283,23,23003,0,2051,
2011,23,19,23005,0,-240,463,hrtpk,459,42.947731,-78.869057,1596195252,23,23005,0,2053,
2129,2,20,2004,0,-120,469,fltbk,467,42.848869,-78.698280,1596194860,2,2004,0,1010,
2203,34,19,34001,0,60,454,socam,455,42.954441,-78.821304,1596195216,34,34001,0,3063,
2215,50,20,50018,0,240,467,nftc,471,43.100742,-78.980095,1596195132,50,50018,0,3088,
2218,50,20,50020,0,-360,463,prtc,457,43.119911,-79.047722,1596195167,50,50020,0,3090,
2502,14,20,14003,0,-240,457,spkls,453,42.879173,-78.870209,1596195303,14,14003,0,1034,
2503,19,19,19006,0,420,457,abtba,464,42.857586,-78.828972,1596195203,19,19006,0,1069,
2504,72,19,72001,0,-60,461,4cors,460,42.733093,-78.756905,1596195293,72,72001,0,1073,
2507,76,19,76001,0,-300,454,angla,449,42.647678,-79.031982,1596195281,76,76001,0,1026,
2508,69,19,69001,0,0,468,hrnmn,468,42.883354,-78.876053,1596195302,69,69001,0,1056,
2510,19,20,19005,0,0,458,winsp,458,42.941792,-78.813896,1596195246,19,19005,0,1055,
2511,46,19,46002,0,180,449,twyml,452,42.903484,-78.783630,1596195289,46,46002,0,1036,
2513,1,19,32007,0,180,452,tcbfl,455,42.883438,-78.873001,1596195298,32,32007,0,1072,
2514,16,20,16002,0,60,451,mcmal,452,42.783363,-78.808945,1596195216,16,16002,0,1052,
2515,2,20,2003,0,0,463,cltun,463,42.868504,-78.787506,1596195267,2,2003,0,1009,
2602,26,20,26003,0,180,472,twyml,475,42.903156,-78.783821,1596195264,26,26003,0,2078,
2603,23,19,23002,0,120,458,flfry,460,42.922764,-78.839767,1596195253,23,23002,0,2050,
2604,12,19,12008,0,60,464,nghmp,465,42.910801,-78.900139,1596195233,12,12008,0,2096,
2606,48,19,48002,0,-180,452,eccn,449,42.963242,-78.743286,1596195129,48,48002,0,2095,
2608,14,20,14004,0,60,466,mcmal,467,42.817657,-78.801613,1596195283,14,14004,0,1035,
2610,6,19,6003,0,60,459,sycmg,460,42.897793,-78.839394,1596195250,6,6003,0,1023,
2612,75,19,14006,0,-300,461,ctrbl,456,42.850960,-78.733978,1596195300,14,14006,0,1038,
2613,15,19,15003,0,0,460,lterr,460,42.883217,-78.874977,1596195279,15,15003,0,1045,
2615,42,20,42002,0,0,462,spkls,462,42.882751,-78.874565,1596195271,42,42002,0,1096,
2616,16,19,16004,0,120,453,bnmc,455,42.898617,-78.869095,1596194976,16,16004,0,1054,
2617,0,0,19004,6,720,452,socam,464,42.954334,-78.821114,1596194933,19,19004,0,1068,
2618,15,20,15001,0,60,465,sogat,466,42.847111,-78.800423,1596195265,15,15001,0,1043,
2619,19,20,19001,0,60,456,badlv,457,42.920811,-78.813934,1596195301,19,19001,0,1065,
2620,19,19,19003,0,60,458,bdyba,459,42.900517,-78.814270,1596195288,19,19003,0,1067,
2623,15,19,15002,0,0,462,basen,462,42.853050,-78.807304,1596195294,15,15002,0,1044,
2624,32,20,32006,0,300,462,twyml,467,42.911652,-78.765358,1596195256,32,32006,0,1082,
2627,16,19,16006,0,240,462,mowsh,466,42.887589,-78.873039,1596195168,16,16006,0,1057,
2628,16,20,16005,0,-240,473,spkls,469,42.898399,-78.863846,1596195284,16,16005,0,1025,
2630,75,19,75001,0,0,457,basen,457,42.865261,-78.822273,1596195151,75,75001,0,1058,
2701,22,20,8003,0,0,458,wldba,458,42.903568,-78.830238,1596195283,8,8003,0,2003,
2702,12,20,12003,0,0,463,socam,463,42.946468,-78.803734,1596195249,12,12003,0,2010,
2703,8,20,44004,0,0,458,socam,458,42.948036,-78.829605,1596195256,44,44004,0,2086,
2704,47,19,47001,0,60,456,socam,457,42.955708,-78.821152,1596195274,47,47001,0,2034,
2705,66,19,66001,0,120,463,ellop,465,42.882172,-78.876762,1596195272,66,66001,0,2055,
2707,12,19,12004,0,-60,459,filut,458,42.914459,-78.824356,1596195304,12,12004,0,2011,
2708,81,19,81001,0,-120,459,dlvgr,457,42.927326,-78.830681,1596195281,81,81001,0,2070,
2713,13,20,44001,0,-240,457,flfry,453,42.914677,-78.844788,1596195259,44,44001,0,2083,
6015,444,99,444444,99,99999,9999,,9999,42.916740,-78.861839,1596194780,444,0,0,444444,
8144,45,99,45091,99,99999,9999,,9999,42.954113,-78.820557,1596195199,45,0,0,45091,
8201,45,99,45201,99,99999,9999,,9999,42.789993,-78.806938,1596195149,45,0,0,45201,
8208,45,99,45208,99,99999,9999,,9999,43.000259,-78.725082,1596195192,45,0,0,45208,
8211,45,99,45211,99,99999,9999,,9999,42.960026,-78.890495,1596195273,45,0,0,45211,
8213,45,99,45213,99,99999,9999,,9999,43.000286,-78.822006,1596195001,45,0,0,45213,
8216,45,99,45216,99,99999,9999,,9999,42.909370,-78.899765,1596195294,45,0,0,45216,
8217,45,99,45217,99,99999,9999,,9999,42.944214,-78.834480,1596195297,45,0,0,45217,
8218,45,99,45218,99,99999,9999,,9999,42.903648,-78.833252,1596195268,45,0,0,45218,
8219,45,99,45219,99,99999,9999,,9999,42.981091,-78.813110,1596195264,45,0,0,45219,
8220,45,99,45220,99,99999,9999,,9999,42.985573,-78.817543,1596195296,45,0,0,45220,
8221,45,99,45221,99,99999,9999,,9999,43.014694,-78.842590,1596195128,45,0,0,45221,
8224,45,99,45224,99,99999,9999,,9999,43.120213,-78.692436,1596195253,45,0,0,45224,
8225,45,99,45225,99,99999,9999,,9999,42.948391,-78.767067,1596194843,45,0,0,45225,
8227,45,99,45227,99,99999,9999,,9999,42.922680,-78.766701,1596195011,45,0,0,45227,
8230,45,99,45230,99,99999,9999,,9999,42.978008,-78.761932,1596195299,45,0,0,45230,
8232,45,99,45232,99,99999,9999,,9999,43.030151,-78.799713,1596195259,45,0,0,45232,
8234,45,99,45234,99,99999,9999,,9999,42.918667,-78.696716,1596195291,45,0,0,45234,
8236,45,99,45236,99,99999,9999,,9999,99.000000,999.000000,1596184755,45,0,0,45236,
8237,45,99,45237,99,99999,9999,,9999,42.955624,-78.877991,1596195186,45,0,0,45237,
8238,45,99,45238,99,99999,9999,,9999,42.918007,-78.808197,1596195200,45,0,0,45238,
8239,45,99,45239,99,99999,9999,,9999,42.981144,-78.808495,1596195290,45,0,0,45239,
8240,45,99,45240,99,99999,9999,,9999,42.936153,-78.841141,1596195288,45,0,0,45240,
8241,45,99,45241,99,99999,9999,,9999,42.934589,-78.772575,1596195269,45,0,0,45241,
8301,45,99,45301,99,99999,9999,,9999,42.911350,-78.700966,1596195248,45,0,0,45301,
8302,45,99,45302,99,99999,9999,,9999,42.934147,-78.842033,1596194748,45,0,0,45302,
8308,45,99,45308,99,99999,9999,,9999,43.031059,-78.753296,1596195280,45,0,0,45308,
8310,45,99,45310,99,99999,9999,,9999,42.912148,-78.697388,1596195237,45,0,0,45310,
