1003,23,20,23010,0,0,645,brrtc,645,42.945644,-78.907394,1596205671,23,23010,0,2042,
1004,26,19,22002,0,-60,633,gnhar,632,42.904724,-78.780540,1596205649,22,22002,0,2045,
1010,12,19,12006,0,180,637,nghmp,640,42.910854,-78.899879,1596205649,12,12006,0,2013,
1011,12,19,12001,0,0,635,filut,635,42.917374,-78.813782,1596205615,12,12001,0,2008,
1014,44,20,13002,0,-120,630,lkpt,628,43.150051,-78.696793,1596205626,13,13002,0,2033,
1018,13,20,13003,0,99999,9999,socam,604,42.916714,-78.859718,1596205639,13,13003,0,2019,
1020,4,19,4001,0,-180,628,tcbfl,625,42.882694,-78.874458,1596205633,4,4001,0,1014,
1021,14,19,14001,0,0,632,bnmc,632,42.898563,-78.868423,1596205621,14,14001,0,1032,
1023,6,19,6004,0,-60,628,wldba,627,42.905548,-78.808983,1596205623,6,6004,0,1024,
1026,6,19,6002,0,-420,631,wtfrt,624,42.877689,-78.878700,1596205661,6,6002,0,1022,
1027,32,20,32001,0,120,636,glrml,638,42.923698,-78.754227,1596205635,32,32001,0,1077,
1031,6,20,6001,0,0,637,glrml,637,42.910389,-78.763611,1596205445,6,6001,0,1021,
1037,2,19,2001,0,-60,637,cltun,636,42.867901,-78.704872,1596205628,2,2001,0,1007,
1038,32,19,32004,0,0,635,brrtc,635,42.945423,-78.906876,1596205338,32,32004,0,1080,
1040,46,19,46001,0,60,639,twyml,640,42.902111,-78.783783,1596205651,46,46001,0,1101,
1042,42,19,42003,0,0,645,mohel,645,42.886986,-78.872337,1596205662,42,42003,0,1097,
1043,19,20,19002,0,60,619,socam,620,42.947567,-78.813782,1596205612,19,19002,0,1066,
1044,32,20,32002,0,0,640,twyml,640,42.902687,-78.783707,1596205144,32,32002,0,1078,
1046,15,19,15005,0,-240,639,scl,635,42.830280,-78.754417,1596205627,15,15005,0,1019,
1047,4,20,4003,0,99999,9999,bdmgn,611,42.885361,-78.872108,1596205622,4,4003,0,1016,
1049,32,19,32005,0,-60,631,dlwam,630,42.940392,-78.849701,1596205615,32,32005,0,1081,
1050,2,19,1002,0,0,629,clmgm,629,42.882778,-78.858971,1596205663,1,1002,0,1002,
1052,14,20,14002,0,0,630,mercy,630,42.853958,-78.820145,1596205668,14,14002,0,1033,
1056,24,20,24009,0,-120,627,airpt,625,42.934147,-78.730370,1596205648,24,24009,0,2047,
1057,26,20,26001,0,-180,629,dlvst,626,42.922241,-78.869209,1596205613,26,26001,0,2077,
1059,22,19,22003,0,0,635,lkv,635,42.904804,-78.880226,1596205665,22,22003,0,2022,
1061,49,20,49001,0,60,629,mhosp,630,42.991127,-78.728172,1596205641,49,49001,0,2099,
1062,26,20,26002,0,0,655,twyml,655,42.903046,-78.783562,1596205594,26,26002,0,2079,
1065,24,20,24001,0,0,635,genmn,635,42.881374,-78.874641,1596205663,24,24001,0,2064,
1066,155,19,155001,0,0,631,ltity,631,43.090786,-78.999672,1596205655,155,155001,0,3112,
1106,8,20,8001,0,-180,637,mnaln,634,42.879066,-78.875389,1596205620,8,8001,0,2001,
1108,12,20,12009,0,-120,638,elmut,636,42.912586,-78.899689,1596205669,12,12009,0,2018,
1111,23,20,23006,0,0,637,brrtc,637,42.947815,-78.870323,1596205652,23,23006,0,2054,
1113,12,20,12011,0,0,627,utica,627,42.911461,-78.865295,1596205671,12,12011,0,2021,
1116,13,20,13001,0,180,631,socam,634,42.958157,-78.813858,1596205642,13,13001,0,2032,
1118,24,20,24002,0,-120,629,andrw,627,42.917316,-78.801910,1596205667,24,24002,0,2065,
1122,8,19,48001,0,0,650,wtfrt,650,42.880112,-78.882790,1596205366,48,48001,0,2094,
1123,48,19,44003,0,0,640,socam,640,42.954552,-78.819847,1596205255,44,44003,0,2085,
1124,18,20,18001,0,0,621,dlvst,621,42.912918,-78.854057,1596205647,18,18001,0,2039,
1127,12,20,12007,0,0,637,knegt,637,42.923889,-78.813637,1596205620,12,12007,0,2014,
1128,13,20,44002,0,-60,634,flfry,633,42.913551,-78.865112,1596205626,44,44002,0,2084,
1129,24,20,24003,0,0,633,airpt,633,42.934120,-78.730667,1596205626,24,24003,0,2066,
1130,0,0,12010,5,60,640,colds,641,42.914898,-78.899429,1596205628,12,12010,0,2020,
1203,1,20,4002,0,-120,636,aptml,634,42.884209,-78.798035,1596205641,4,4002,0,1015,
1204,16,19,16001,0,-180,632,rdgsp,629,42.806602,-78.823906,1596205629,16,16001,0,1051,
1208,1,19,1001,0,0,630,tcbfl,630,42.883602,-78.872704,1596205644,1,1001,0,1001,
1213,23,19,23001,0,-60,644,hrtpk,643,42.944378,-78.907394,1596205637,23,23001,0,2049,
1214,22,20,22001,0,0,660,twyml,660,42.903294,-78.783371,1596205179,22,22001,0,2044,
1301,155,20,155002,0,0,630,4pts,630,43.084736,-78.981804,1596205632,155,155002,0,3113,
1501,0,0,20011,4,99999,9999,ellop,520,42.882584,-78.872261,1596198839,20,20011,0,3043,
1502,0,0,40009,4,-600,645,prtc,635,43.078716,-79.022224,1596205639,40,40009,0,3081,
1504,34,20,5007,0,-900,630,hazwd,615,43.031303,-78.822235,1596205654,5,5007,0,3020,
1505,25,19,20006,0,-120,639,dlwdv,637,42.957359,-78.869583,1596205658,20,20006,0,3041,
1507,20,20,5002,0,-300,627,orch,622,42.988377,-78.873077,1596205650,5,5002,0,3015,
1508,5,20,5005,0,120,613,socam,615,42.958733,-78.868912,1596205648,5,5005,0,3018,
1518,35,20,35004,0,-180,630,ens,627,42.979744,-78.907730,1596205610,35,35004,0,3073,
1519,3,19,3004,0,60,629,ellop,630,42.882721,-78.874825,1596205631,3,3004,0,3004,
1520,55,19,50019,0,180,631,casno,634,43.094555,-79.055725,1596205654,50,50019,0,3089,
1601,11,20,11001,0,0,636,prpky,636,42.986507,-78.858376,1596205393,11,11001,0,3031,
1606,55,20,55031,0,0,634,nfia,634,43.091393,-78.963898,1596205614,55,55031,0,3101,
1609,5,19,25002,0,-120,634,brrtc,632,42.949989,-78.903603,1596205615,25,25002,0,3052,
1611,5,20,3007,0,0,630,socam,630,42.954304,-78.820816,1596205186,3,3007,0,3006,
1614,25,20,25005,0,0,629,mnngr,629,43.018463,-78.879707,1596205670,25,25005,0,3044,
1615,40,20,40008,0,-120,631,brrtc,629,42.933350,-78.901588,1596205640,40,40008,0,3080,
1616,11,19,5004,0,0,630,ellop,630,42.882614,-78.872368,1596205367,5,5004,0,3017,
1620,20,20,40002,0,0,642,orch,642,42.988571,-78.872963,1596205655,40,40002,0,3077,
1622,0,0,50021,4,0,658,nftc,658,42.959061,-78.890160,1596205609,50,50021,0,3092,
1623,25,20,25004,0,0,628,dlwdv,628,42.920288,-78.867607,1596205647,25,25004,0,3055,
1703,55,20,55032,0,0,627,nfia,627,43.101566,-78.939484,1596205614,55,55032,0,3102,
1704,40,19,55035,0,0,636,giplz,636,43.074150,-78.997215,1596205636,55,55035,0,3106,
1705,5,20,5001,0,180,642,socam,645,42.954636,-78.820633,1596205637,5,5001,0,3014,
1713,40,20,40007,0,0,629,casno,629,43.083801,-79.058891,1596205650,40,40007,0,3057,
1714,20,20,20001,0,0,639,elken,639,42.930546,-78.876984,1596205664,20,20001,0,3036,
1715,52,19,52027,0,99999,9999,olopc,423,43.097221,-78.974846,1596205638,52,52027,0,3097,
1716,0,0,25006,4,99999,9999,socam,655,42.959999,-78.890762,1596205638,25,25006,0,3058,
1717,12,20,12005,0,60,631,socam,632,42.949162,-78.821304,1596205645,12,12005,0,2012,
1722,12,19,12002,0,0,630,knegt,630,42.948833,-78.803810,1596205669,12,12002,0,2009,
1801,0,0,52028,4,600,643,nftc,653,43.087734,-78.990662,1596205667,52,52028,0,3099,
1802,5,20,3003,0,-360,636,brrtc,630,42.921387,-78.898430,1596205645,3,3003,0,3003,
1803,40,19,40001,0,180,633,tcbfl,636,42.892899,-78.884430,1596205657,40,40001,0,3076,
1806,34,19,34005,0,0,640,socam,640,42.985241,-78.822006,1596205631,34,34005,0,3007,
1807,20,19,20004,0,60,629,ellop,630,42.882668,-78.874718,1596205633,20,20004,0,3039,
1808,25,19,25003,0,-60,638,mnngr,637,43.050087,-78.877472,1596205646,25,25003,0,3053,
1809,52,20,52026,0,-240,633,lkhyd,629,43.135586,-79.041176,1596205662,52,52026,0,3096,
1811,0,0,5012,4,60,639,ellop,640,42.913414,-78.901665,1596205658,5,5012,0,3026,
1812,55,20,40006,0,-120,634,pnhyd,632,43.094471,-79.055244,1596205619,40,40006,0,3009,
1813,40,19,40005,0,0,643,tcbfl,643,42.883381,-78.872665,1596205558,40,40005,0,3079,
1816,3,19,20003,0,60,635,trcem,636,42.906895,-78.888969,1596205624,20,20003,0,3038,
1817,0,0,42004,4,180,637,sogat,640,42.834293,-78.753929,1596205650,42,42004,0,1098,
1818,2,20,2002,0,-120,630,cltfl,628,42.881294,-78.850853,1596205636,2,2002,0,1008,
1821,16,20,16007,0,-300,629,rdgsp,624,42.831436,-78.823982,1596205655,16,16007,0,1055,
1824,16,20,16003,0,-120,638,spkls,636,42.885334,-78.873451,1596205632,16,16003,0,1053,
1902,5,19,5011,0,60,630,ellop,631,42.884563,-78.876053,1596205618,5,5011,0,3065,
1903,11,20,20005,0,-120,638,dlwnr,636,42.883137,-78.873268,1596205667,20,20005,0,3040,
1904,0,0,55037,5,0,652,front,652,43.078194,-79.035477,1596205636,55,55037,0,3056,
1905,3,19,55033,0,-60,640,frgrt,639,42.947952,-78.890984,1596205644,55,55033,0,3103,
1906,5,19,5003,0,0,637,ngvrg,637,42.914265,-78.899544,1596205642,5,5003,0,3016,
1907,5,20,5006,0,-240,632,kenml,628,42.952324,-78.901291,1596205659,5,5006,0,3019,
1908,35,19,35001,0,99999,9999,flint,593,42.948502,-78.908142,1596205664,35,35001,0,3071,
1909,34,20,34002,0,0,628,blvml,628,42.986122,-78.820816,1596205629,34,34002,0,3064,
1914,25,19,25001,0,0,640,ellop,640,42.882557,-78.872040,1596205447,25,25001,0,3051,
1915,5,20,34006,0,-120,636,ngfry,634,42.896473,-78.887596,1596205660,34,34006,0,3066,
1916,55,20,55036,0,0,635,boces,635,43.146145,-78.865746,1596205624,55,55036,0,3107,
1917,3,20,20012,0,0,631,frgrt,631,42.905659,-78.889420,1596205613,20,20012,0,3025,
1918,3,20,3001,0,0,631,sklmt,631,42.945999,-78.891090,1596205656,3,3001,0,3001,
1920,3,20,3002,0,0,631,tonvl,631,42.960079,-78.907959,1596205460,3,3002,0,3002,
1921,20,19,20002,0,0,628,elmdv,628,42.923973,-78.877098,1596205631,20,20002,0,3037,
2001,47,20,24004,0,0,629,mnun,629,42.960960,-78.756310,1596205616,24,24004,0,2067,
2005,23,19,23004,0,-60,632,mnfil,631,42.947430,-78.836044,1596205667,23,23004,0,2052,
2010,23,20,23003,0,0,634,mnfil,634,42.915970,-78.839432,1596205616,23,23003,0,2051,
2011,23,19,23005,0,-120,627,bdyfl,625,42.894493,-78.839577,1596205665,23,23005,0,2053,
2129,1,19,2004,0,-180,632,wmbck,629,42.889763,-78.805443,1596205621,2,2004,0,1010,
2203,3,20,34001,0,-60,636,trcem,635,42.883163,-78.874901,1596205620,34,34001,0,3063,
2215,50,19,50018,0,-420,632,casno,625,43.088589,-79.038345,1596205645,50,50018,0,3088,
2218,50,20,50020,0,-300,640,prtc,635,43.135612,-79.041618,1596205618,50,50020,0,3090,
2502,14,19,14003,0,0,632,mercy,632,42.834377,-78.806602,1596205634,14,14003,0,1034,
2503,19,20,19006,0,0,640,socam,640,42.954388,-78.821266,1596205550,19,19006,0,1069,
2514,16,19,16002,0,-120,638,bgtsp,636,42.723854,-78.826065,1596205670,16,16002,0,1052,
2515,4,19,2003,0,0,628,bdyba,628,42.897297,-78.811737,1596205613,2,2003,0,1009,
2601,24,19,24005,0,60,633,genmn,634,42.902496,-78.839355,1596205629,24,24005,0,2068,
2602,26,19,26003,0,0,634,ngdlv,634,42.922241,-78.878479,1596205660,26,26003,0,2078,
2603,23,19,23002,0,-120,632,abtba,630,42.857586,-78.828972,1596205545,23,23002,0,2050,
2606,48,20,48002,0,120,630,ehmal,632,42.973610,-78.694077,1596205578,48,48002,0,2095,
2610,6,20,6003,0,0,634,twyml,634,42.905548,-78.808983,1596205645,6,6003,0,1023,
2612,14,20,14006,0,-60,630,eccs,629,42.772556,-78.797440,1596205466,14,14006,0,1038,
2613,0,0,15003,6,240,621,tcbfl,625,42.883163,-78.873154,1596205623,15,15003,0,1045,
2615,42,20,42002,0,-120,624,sogat,622,42.845844,-78.775742,1596205617,42,42002,0,1096,
2617,19,19,19004,0,60,626,abtba,627,42.857643,-78.828934,1596205577,19,19004,0,1068,
2618,15,19,15001,0,240,636,lterr,640,42.883080,-78.879967,1596205623,15,15001,0,1043,
2619,19,19,19001,0,60,629,wlmba,630,42.885334,-78.814606,1596205668,19,19001,0,1065,
2620,19,20,19003,0,0,628,badlv,628,42.916824,-78.813934,1596205634,19,19003,0,1067,
2623,15,20,15002,0,-240,629,basen,625,42.870098,-78.833588,1596205641,15,15002,0,1044,
2624,32,20,32006,0,-300,630,dlwam,625,42.940498,-78.876877,1596205652,32,32006,0,1082,
2627,16,19,16006,0,0,635,mowsh,635,42.878983,-78.875275,1596205633,16,16006,0,1057,
2629,0,0,32010,4,-960,621,twyml,605,99.000000,999.000000,1596203606,32,32010,0,1086,
2701,8,19,8003,0,60,632,dlvst,633,42.931782,-78.847504,1596205630,8,8003,0,2003,
2702,12,20,12003,0,60,629,ctyli,630,42.958733,-78.814827,1596205582,12,12003,0,2010,
2703,13,19,44004,0,0,631,dlvgr,631,42.928921,-78.829529,1596205622,44,44004,0,2086,
2707,12,19,12004,0,0,628,utica,628,42.911240,-78.862617,1596205649,12,12004,0,2011,
2708,8,20,8002,0,0,631,amsta,631,42.927849,-78.851486,1596205615,8,8002,0,2002,
2713,44,19,44001,0,60,634,socam,635,42.954826,-78.820709,1596205522,44,44001,0,2083,
6015,444,99,444444,99,99999,9999,,9999,42.882008,-78.825661,1596205664,444,0,0,444444,
8133,45,99,45096,99,99999,9999,,9999,43.099369,-79.052040,1596205658,45,0,0,45096,
8141,45,99,45094,99,99999,9999,,9999,42.945724,-78.906761,1596204913,45,0,0,45094,
8151,45,99,45990,99,99999,9999,,9999,42.914761,-78.814751,1596205625,45,0,0,45990,
8152,45,99,45991,99,99999,9999,,9999,42.913055,-78.835411,1596205647,45,0,0,45991,
8201,45,99,45201,99,99999,9999,,9999,42.958183,-78.828560,1596205669,45,0,0,45201,
8211,45,99,45211,99,99999,9999,,9999,42.936047,-78.841927,1596205619,45,0,0,45211,
8217,45,99,45217,99,99999,9999,,9999,42.965664,-78.729774,1596205642,45,0,0,45217,
8218,45,99,45218,99,99999,9999,,9999,42.959915,-78.890236,1596205514,45,0,0,45218,
8219,45,99,45219,99,99999,9999,,9999,42.954826,-78.877953,1596205476,45,0,0,45219,
8220,45,99,45220,99,99999,9999,,9999,42.871006,-78.787689,1596205627,45,0,0,45220,
8226,45,99,45226,99,99999,9999,,9999,42.932774,-78.827408,1596205661,45,0,0,45226,
8230,45,99,45230,99,99999,9999,,9999,42.881786,-78.698654,1596205510,45,0,0,45230,
8231,45,99,45231,99,99999,9999,,9999,42.981228,-78.811737,1596205541,45,0,0,45231,
8232,45,99,45232,99,99999,9999,,9999,42.930599,-78.696754,1596205535,45,0,0,45232,
8233,45,99,45233,99,99999,9999,,9999,99.000000,999.000000,1596199761,45,0,0,45233,
8234,45,99,45234,99,99999,9999,,9999,42.929306,-78.829865,1596205324,45,0,0,45234,
8236,45,99,45236,99,99999,9999,,9999,99.000000,999.000000,1596184755,45,0,0,45236,
8238,45,99,45238,99,99999,9999,,9999,43.037247,-78.823349,1596205654,45,0,0,45238,
8240,45,99,45240,99,99999,9999,,9999,42.872742,-78.794876,1596205560,45,0,0,45240,
8241,45,99,45241,99,99999,9999,,9999,42.956642,-78.871071,1596205616,45,0,0,45241,
