1001,26,20,22005,0,0,900,twyml,900,42.903267,-78.783371,1596221942,22,22005,0,2048,
1003,23,20,23013,0,0,930,brrtc,930,42.945671,-78.907028,1596221917,23,23013,0,2060,
1005,23,20,23012,0,-120,904,flfry,902,42.902138,-78.839241,1596221937,23,23012,0,2057,
1007,18,20,18004,0,-180,908,genjf,905,42.871559,-78.851898,1596221949,18,18004,0,2041,
1010,24,19,24012,0,0,906,ungen,906,42.933651,-78.723373,1596221955,24,24012,0,2018,
1011,23,19,23016,0,0,908,abtba,908,42.885170,-78.839394,1596221924,23,23016,0,2040,
1013,0,0,24016,4,-300,915,marmn,910,42.912258,-78.865669,1596221939,24,24016,0,2073,
1014,0,0,26007,4,0,920,twyml,920,99.000000,999.000000,1596221837,26,26007,0,2081,
1016,12,19,12013,0,0,899,utica,899,42.911240,-78.862213,1596221925,12,12013,0,2024,
1018,13,20,44006,0,-120,905,flfry,903,42.915283,-78.862358,1596221973,44,44006,0,2089,
1020,16,20,14011,0,60,901,mnbfl,902,42.722672,-78.825920,1596221940,14,14011,0,1041,
1022,32,19,32011,0,-60,903,ungen,902,42.914486,-78.754120,1596221950,32,32011,0,1083,
1023,15,20,15008,0,99999,9999,sensm,896,42.878708,-78.857742,1596221875,15,15008,0,1046,
1026,6,20,6008,0,-120,902,twyml,900,42.907280,-78.785423,1596221967,6,6008,0,1028,
1028,6,20,6012,0,-120,904,sycfl,902,42.890781,-78.860947,1596221937,6,6012,0,1026,
1030,4,20,76002,0,0,905,twyml,905,42.903484,-78.783333,1596221747,76,76002,0,1103,
1032,16,20,16009,0,-360,908,spkls,902,42.879395,-78.875420,1596221970,16,16009,0,1060,
1033,15,20,15006,0,0,916,sogat,916,42.827778,-78.754486,1596221627,15,15006,0,1047,
1034,1,20,4007,0,0,903,aptml,903,42.888554,-78.751213,1596221980,4,4007,0,1017,
1038,19,19,19008,0,-60,902,abtba,901,42.872189,-78.820038,1596221933,19,19008,0,1072,
1040,32,20,32013,0,0,899,ungen,899,42.927685,-78.754265,1596221958,32,32013,0,1087,
1041,16,19,16011,0,0,903,bnmc,903,42.893173,-78.865295,1596221932,16,16011,0,1095,
1042,19,20,19012,0,60,900,bdyba,901,42.896610,-78.813972,1596221968,19,19012,0,1074,
1044,32,19,32012,0,0,907,dlwam,907,42.940308,-78.838799,1596221973,32,32012,0,1079,
1045,16,19,16012,0,0,920,bnmc,920,42.898643,-78.868385,1596221976,16,16012,0,1058,
1046,4,20,4006,0,0,903,bdmgn,903,42.885418,-78.873932,1596221934,4,4006,0,1019,
1049,15,19,15007,0,60,909,lterr,910,42.883106,-78.879669,1596221923,15,15007,0,1048,
1052,4,20,32016,0,99999,9999,twyml,905,42.902824,-78.783669,1596221974,32,32016,0,1088,
1055,12,19,12012,0,60,914,nghmp,915,42.910801,-78.899879,1596221940,12,12012,0,2023,
1056,23,20,23011,0,60,916,brrtc,917,42.947704,-78.851265,1596221956,23,23011,0,2059,
1057,0,0,18005,4,99999,9999,twyml,835,42.904640,-78.868538,1596221978,18,18005,0,2043,
1059,12,19,12020,0,0,901,knegt,901,42.944157,-78.803474,1596221978,12,12020,0,2022,
1061,8,19,13005,0,-120,905,dlvst,903,42.934971,-78.843895,1596221948,13,13005,0,2035,
1062,0,0,24015,4,-300,909,airpt,904,42.921909,-78.844383,1596221952,24,24015,0,2072,
1063,0,0,24014,4,99999,9999,marmn,865,42.915585,-78.806267,1596221959,24,24014,0,2071,
1064,23,19,23014,0,0,900,abtba,900,42.857586,-78.828674,1596221447,23,23014,0,2061,
1065,8,19,8005,0,0,920,wtfrt,920,42.880138,-78.882828,1596221792,8,8005,0,2005,
1066,155,19,155001,0,0,900,falls,900,43.084187,-79.060677,1596221896,155,155001,0,3112,
1103,0,0,48006,4,0,923,socam,923,99.000000,999.000000,1596221952,48,48006,0,2098,
1105,12,20,12019,0,-120,910,badlv,908,42.910442,-78.838799,1596221961,12,12019,0,2019,
1106,8,20,8007,0,-120,907,mnaln,905,42.882858,-78.872894,1596221927,8,8007,0,2004,
1108,12,20,12016,0,0,915,ctyli,915,42.958706,-78.814568,1596221836,12,12016,0,2026,
1109,44,20,44008,0,-120,907,crspt,905,43.008095,-78.773994,1596221869,44,44008,0,2087,
1110,12,20,12014,0,0,900,ctyli,900,42.958649,-78.814529,1596221872,12,12014,0,2025,
1111,24,19,24011,0,0,904,genmn,904,42.900597,-78.843559,1596221967,24,24011,0,2069,
1112,12,19,12018,0,0,908,filut,908,42.914734,-78.813820,1596221964,12,12018,0,2017,
1113,48,20,48005,0,-180,904,mnun,901,42.962334,-78.780693,1596221944,48,48005,0,2096,
1114,23,20,23015,0,0,910,brrtc,910,42.945644,-78.907356,1596221791,23,23015,0,2058,
1116,22,19,22004,0,-120,910,lkv,908,42.904724,-78.870438,1596221949,22,22004,0,2046,
1118,12,20,12021,0,0,903,utica,903,42.911213,-78.870621,1596221973,12,12021,0,2016,
1120,12,20,12017,0,-300,911,knegt,906,42.925789,-78.813599,1596221964,12,12017,0,2027,
1122,23,19,66003,0,-120,912,hrtpk,910,42.945724,-78.892586,1596221969,66,66003,0,2056,
1124,26,19,12022,0,-120,902,elmdv,900,42.922295,-78.863770,1596221954,12,12022,0,2028,
1126,44,19,44007,0,120,907,wnbrg,909,43.026356,-78.756943,1596221946,44,44007,0,2088,
1130,49,20,48004,0,0,924,mhosp,924,42.996105,-78.730476,1596221947,48,48004,0,2097,
1201,2,20,2009,0,0,903,clmgm,903,42.885361,-78.873863,1596221973,2,2009,0,1012,
1202,0,0,14007,6,0,904,mowsh,904,42.887482,-78.872780,1596221920,14,14007,0,1039,
1204,6,19,6010,0,0,900,wtfrt,900,42.880329,-78.883057,1596221877,6,6010,0,1096,
1205,14,19,14010,0,0,904,mercy,904,42.836689,-78.807083,1596221947,14,14010,0,1037,
1206,16,20,16013,0,-180,905,splke,902,42.816475,-78.824097,1596221980,16,16013,0,1061,
1207,6,19,6009,0,-240,911,wldba,907,42.903542,-78.783447,1596221966,6,6009,0,1029,
1208,19,20,19011,0,-240,902,winsp,898,42.939949,-78.813637,1596221950,19,19011,0,1071,
1212,32,20,32014,0,0,925,twyml,925,42.902576,-78.783745,1596221728,32,32014,0,1085,
1213,23,19,23017,0,60,899,mnfil,900,42.935688,-78.839172,1596221943,23,23017,0,2055,
1301,155,20,155002,0,0,900,nfia,900,43.101624,-78.939598,1596221879,155,155002,0,3113,
1501,3,20,20011,0,99999,9999,trcem,530,42.882584,-78.872108,1596212519,20,20011,0,3043,
1502,40,19,40009,0,60,911,tcbfl,912,42.909782,-78.900101,1596221944,40,40009,0,3081,
1505,0,0,3015,4,-60,906,ellop,905,42.881237,-78.871628,1596221965,3,3015,0,3006,
1507,20,19,20017,0,0,900,ellop,900,42.882557,-78.872147,1596221957,20,20017,0,3044,
1508,34,20,34010,0,0,900,audbn,900,43.030811,-78.801392,1596221955,34,34010,0,3065,
1512,52,19,52029,0,-180,901,mlnfb,898,43.093731,-78.971642,1596221946,52,52029,0,3098,
1518,35,20,35004,0,-180,910,ens,907,42.952381,-78.909073,1596221975,35,35004,0,3073,
1520,0,0,3016,4,1200,895,socam,915,42.955269,-78.820557,1596221960,3,3016,0,3079,
1604,55,19,55039,0,-180,907,casno,904,43.095131,-79.032722,1596221933,55,55039,0,3104,
1605,40,20,40010,0,0,910,prtc,910,43.099369,-79.051674,1596221669,40,40010,0,3082,
1606,35,20,35005,0,0,903,covhl,903,42.999981,-78.783409,1596221684,35,35005,0,3072,
1609,11,20,11002,0,0,914,clvkn,914,42.923450,-78.867386,1596221967,11,11002,0,3032,
1610,55,20,55041,0,0,901,nfia,901,43.100441,-78.940193,1596221979,55,55041,0,3109,
1611,3,20,5018,0,180,882,tonvl,885,42.913853,-78.901703,1596221938,5,5018,0,3025,
1614,50,19,50024,0,-180,909,bfhyd,906,43.083748,-78.962303,1596221870,50,50024,0,3091,
1615,40,19,40008,0,-240,907,giplz,903,43.075939,-78.992264,1596221945,40,40008,0,3080,
1616,34,20,34009,0,-180,913,blvml,910,42.956890,-78.819290,1596221978,34,34009,0,3069,
1618,3,20,3009,0,0,905,sklmt,905,42.939949,-78.891060,1596221922,3,3009,0,3010,
1620,3,20,3011,0,0,900,tonvl,900,42.959969,-78.908104,1596221903,3,3011,0,3005,
1622,50,19,50021,0,99999,9999,lwstn,897,43.154091,-79.030121,1596221089,50,50021,0,3092,
1623,5,19,25004,0,60,901,ellop,902,42.883137,-78.875237,1596221953,25,25004,0,3055,
1624,5,19,3012,0,0,899,ngfry,899,42.915611,-78.899429,1596221941,3,3012,0,3009,
1703,35,19,35006,0,60,901,brrtc,902,42.944157,-78.907135,1596221979,35,35006,0,3074,
1704,25,20,25007,0,840,875,mdcty,889,43.050667,-78.876167,1596221943,25,25007,0,3054,
1705,11,19,25009,0,0,911,dlwdv,911,42.957439,-78.858971,1596221901,25,25009,0,3059,
1713,55,19,40013,0,0,893,prtc,893,43.099396,-79.051407,1596221578,40,40013,0,3078,
1714,5,19,5019,0,0,900,ellop,900,42.882557,-78.872223,1596221911,5,5019,0,3105,
1715,20,20,20014,0,60,904,elmdv,905,42.913055,-78.877060,1596221944,20,20014,0,3046,
1716,25,20,25006,0,-120,900,dlwnr,898,42.898590,-78.874161,1596221930,25,25006,0,3058,
1722,26,20,26005,0,99999,9999,twyml,901,42.915668,-78.784225,1596221521,26,26005,1,2092,
1801,52,19,52028,0,0,905,olopc,905,43.154285,-79.035255,1596221974,52,52028,0,3099,
1802,25,20,25012,0,-120,903,orch,901,42.977707,-78.871849,1596221951,25,25012,0,3056,
1803,5,20,5017,0,120,900,brrtc,902,42.944763,-78.907326,1596221964,5,5017,0,3028,
1806,5,19,25010,0,0,901,dlwkn,901,42.958679,-78.863510,1596221945,25,25010,0,3060,
1808,3,19,11005,0,60,908,frgrt,909,42.934696,-78.888565,1596221952,11,11005,0,3034,
1809,5,19,5016,0,-120,906,brrtc,904,42.952957,-78.905464,1596221968,5,5016,0,3024,
1810,20,20,20013,0,-180,899,orch,896,42.988377,-78.873230,1596221947,20,20013,0,3045,
1811,20,19,5012,0,180,903,elmdv,906,42.928730,-78.877098,1596221965,5,5012,0,3026,
1812,0,0,11006,4,840,896,tonvl,910,42.958733,-78.869431,1596221926,11,11006,0,3035,
1813,3,19,3014,0,0,906,trcem,906,42.908104,-78.890129,1596221926,3,3014,0,3090,
1815,5,20,5013,0,99999,9999,ngvrg,895,42.899029,-78.889900,1596221975,5,5013,0,3022,
1816,5,20,5015,0,0,900,socam,900,42.954609,-78.819817,1596221944,5,5015,0,3021,
1817,42,20,42004,0,120,900,lcvtc,902,42.827034,-78.823944,1596221956,42,42004,0,1098,
1818,14,20,16014,0,0,902,mercy,902,42.853931,-78.820221,1596221942,16,16014,0,1062,
1822,19,20,19009,0,0,900,socam,900,42.954277,-78.820747,1596221781,19,19009,0,1070,
1824,4,19,4005,0,0,907,bdyfl,907,42.896416,-78.818619,1596221939,4,4005,0,1018,
1902,3,19,3010,0,-120,902,ellop,900,42.885445,-78.875687,1596221971,3,3010,0,3008,
1904,40,20,40012,0,-180,913,falls,910,43.028748,-78.969444,1596221891,40,40012,0,3084,
1905,3,20,3013,0,-60,907,trcem,906,42.883518,-78.876541,1596221950,3,3013,0,3007,
1906,5,20,5020,0,0,901,kenml,901,42.959007,-78.895042,1596221932,5,5020,0,3023,
1907,11,19,25011,0,0,900,ellop,900,42.882832,-78.874794,1596221966,25,25011,0,3057,
1908,11,20,11004,0,-180,908,tnind,905,42.990219,-78.852608,1596221970,11,11004,0,3106,
1909,0,0,55042,4,-240,933,prtc,929,42.964207,-78.888191,1596221935,55,55042,0,3110,
1910,34,19,34007,0,0,903,nfbma,903,43.010487,-78.822495,1596221891,34,34007,0,3067,
1911,55,20,55038,0,120,900,pnhyd,902,43.095051,-79.027740,1596221936,55,55038,0,3108,
1912,55,19,40011,0,-120,901,nftc,899,43.096699,-78.974319,1596221980,40,40011,0,3083,
1914,20,20,20016,0,-120,904,elken,902,42.947594,-78.878143,1596221971,20,20016,0,3047,
1915,34,20,34006,0,0,901,hazwd,901,43.028858,-78.815010,1596221790,34,34006,0,3066,
1916,50,20,50022,0,-120,902,mlnfb,900,43.076542,-78.964684,1596221931,50,50022,0,3094,
1917,25,19,25008,0,-60,906,dlwdv,905,42.938961,-78.867607,1596221977,25,25008,0,3097,
1918,25,19,11003,0,0,910,ellop,910,42.882530,-78.872559,1596221825,11,11003,0,3033,
1919,0,0,34011,4,300,904,orch,909,42.988403,-78.873077,1596221929,34,34011,0,3070,
1920,40,20,40014,0,-240,920,brrtc,916,42.887562,-78.879257,1596221945,40,40014,0,3085,
1921,20,19,35007,0,-120,898,elmnr,896,42.902412,-78.877251,1596221937,35,35007,0,3075,
1922,0,0,5014,6,99999,9999,ellop,945,42.882584,-78.872299,1596221750,5,5014,0,3027,
2005,8,20,13006,0,-120,905,socam,903,42.940224,-78.838684,1596221929,13,13006,0,2036,
2007,12,19,12015,0,-60,901,nghmp,900,42.915310,-78.893326,1596221981,12,12015,0,2015,
2010,26,19,26006,0,-420,906,gnhar,899,42.906620,-78.780914,1596221968,26,26006,0,2080,
2218,5,20,34008,0,60,904,socam,905,42.958183,-78.828598,1596221970,34,34008,0,3068,
2502,2,20,2008,0,180,905,trfrh,908,42.867844,-78.729401,1596221980,2,2008,0,1011,
2508,16,19,16010,0,0,908,abtba,908,42.836414,-78.824135,1596221978,16,16010,0,1056,
2510,14,19,16008,0,0,918,mowsh,918,42.887619,-78.873077,1596221897,16,16008,0,1059,
2511,0,0,74003,4,0,919,glrml,919,42.884674,-78.814789,1596221940,74,74003,0,1081,
2512,15,19,14008,0,-120,903,scl,901,42.844059,-78.793015,1596221961,14,14008,0,1040,
2513,19,19,19010,0,60,905,bdyba,906,42.908848,-78.814003,1596221964,19,19010,0,1073,
2602,18,19,18006,0,-120,904,genjf,902,42.900845,-78.854317,1596221949,18,18006,0,2042,
2606,48,19,8006,0,0,901,mnegt,901,42.964344,-78.797440,1596221926,8,8006,0,2006,
2607,1,19,1004,0,60,909,tcbfl,910,42.885803,-78.873077,1596221980,1,1004,0,1005,
2608,6,20,6011,0,99999,9999,glrml,905,42.910332,-78.763870,1596221774,6,6011,1,1025,
2609,6,19,6007,0,120,908,wtfrt,910,42.888222,-78.872780,1596221926,6,6007,0,1027,
2610,46,19,46003,0,-480,896,harlq,888,42.911598,-78.721214,1596221931,46,46003,0,1102,
2611,42,19,42005,0,0,901,tpodl,901,42.826786,-78.840286,1596221932,42,42005,0,1035,
2614,14,20,14009,0,60,902,eccs,903,42.784794,-78.791039,1596221889,14,14009,0,1036,
2616,14,19,1003,0,99999,9999,bnmc,869,42.883602,-78.873230,1596221960,1,1003,0,1006,
2620,0,0,32017,4,0,920,twyml,920,99.000000,999.000000,1596221757,32,32017,0,1089,
2624,4,19,4008,0,60,904,tcbfl,905,42.886131,-78.875534,1596221941,4,4008,0,1057,
2625,1,20,1006,0,0,901,nolvj,901,42.889736,-78.805000,1596221966,1,1006,0,1003,
2627,32,19,32015,0,120,901,brrtc,903,42.945396,-78.907135,1596221823,32,32015,0,1084,
2628,2,19,1005,0,60,904,cltba,905,42.871941,-78.809799,1596221965,1,1005,0,1004,
2629,0,0,32010,4,-960,621,twyml,605,99.000000,999.000000,1596203606,32,32010,0,1086,
2702,13,19,8008,0,0,904,dlvgr,904,42.926117,-78.830643,1596221932,8,8008,0,2007,
2703,0,0,44004,5,-1020,9999,,9999,42.916931,-78.862137,1596221587,44,44004,0,2086,
2704,13,20,13004,0,0,905,socam,905,42.950813,-78.813972,1596221864,13,13004,0,2034,
2705,24,19,24013,0,0,900,marmn,900,42.877224,-78.877846,1596221961,24,24013,0,2054,
2707,47,20,47003,0,-120,907,airpt,905,42.934174,-78.730965,1596221908,47,47003,0,2091,
2708,0,0,23018,4,180,912,abtba,915,42.885471,-78.839577,1596221966,23,23018,0,2020,
2713,26,20,22006,0,-300,901,dlvst,896,42.922211,-78.867867,1596221962,22,22006,0,2047,
8141,45,99,45094,99,99999,9999,,9999,42.945724,-78.906761,1596218374,45,0,0,45094,
8201,45,99,45201,99,99999,9999,,9999,42.991016,-78.719536,1596221873,45,0,0,45201,
8205,45,99,45205,99,99999,9999,,9999,42.927162,-78.829491,1596221924,45,0,0,45205,
8207,45,99,45207,99,99999,9999,,9999,43.000862,-78.874161,1596221927,45,0,0,45207,
8208,45,99,45208,99,99999,9999,,9999,42.841141,-78.859306,1596221952,45,0,0,45208,
8213,45,99,45213,99,99999,9999,,9999,42.959366,-78.891090,1596221956,45,0,0,45213,
8214,45,99,45214,99,99999,9999,,9999,42.999432,-78.854843,1596221962,45,0,0,45214,
8217,45,99,45217,99,99999,9999,,9999,42.977047,-78.737587,1596221958,45,0,0,45217,
8218,45,99,45218,99,99999,9999,,9999,42.877937,-78.801392,1596221958,45,0,0,45218,
8219,45,99,45219,99,99999,9999,,9999,43.172352,-79.031387,1596221496,45,0,0,45219,
8220,45,99,45220,99,99999,9999,,9999,42.947651,-78.847916,1596221923,45,0,0,45220,
8221,45,99,45221,99,99999,9999,,9999,42.992695,-78.803917,1596221916,45,0,0,45221,
8222,45,99,45222,99,99999,9999,,9999,42.945286,-78.724899,1596221940,45,0,0,45222,
8225,45,99,45225,99,99999,9999,,9999,42.991322,-78.719353,1596221872,45,0,0,45225,
8227,45,99,45227,99,99999,9999,,9999,42.828823,-78.754677,1596221867,45,0,0,45227,
8228,45,99,45228,99,99999,9999,,9999,42.904255,-78.780136,1596221756,45,0,0,45228,
8229,45,99,45229,99,99999,9999,,9999,42.912258,-78.694824,1596221950,45,0,0,45229,
8230,45,99,45230,99,99999,9999,,9999,42.961288,-78.889900,1596221405,45,0,0,45230,
8231,45,99,45231,99,99999,9999,,9999,43.018627,-78.880264,1596221928,45,0,0,45231,
8233,45,99,45233,99,99999,9999,,9999,99.000000,999.000000,1596199761,45,0,0,45233,
8234,45,99,45234,99,99999,9999,,9999,43.009525,-78.873337,1596221974,45,0,0,45234,
8236,45,99,45236,99,99999,9999,,9999,99.000000,999.000000,1596184755,45,0,0,45236,
8238,45,99,45238,99,99999,9999,,9999,42.944954,-78.784004,1596221944,45,0,0,45238,
8241,45,99,45241,99,99999,9999,,9999,42.882118,-78.815010,1596221965,45,0,0,45241,
8304,45,99,45304,99,99999,9999,,9999,42.780807,-78.776077,1596221928,45,0,0,45304,
8305,45,99,45305,99,99999,9999,,9999,42.964508,-78.738747,1596221910,45,0,0,45305,
8306,45,99,45306,99,99999,9999,,9999,42.929996,-78.784264,1596221890,45,0,0,45306,
8307,45,99,45307,99,99999,9999,,9999,43.021847,-78.948265,1596221874,45,0,0,45307,
8309,45,99,45309,99,99999,9999,,9999,42.979607,-78.816833,1596221922,45,0,0,45309,
