1001,0,0,22005,4,0,820,ngdlv,820,42.917263,-78.861801,1596216214,22,22005,0,2048,
1003,23,19,23013,0,-300,809,abtba,804,42.871090,-78.845238,1596216247,23,23013,0,2060,
1004,22,20,22002,0,240,799,twyml,803,42.927795,-78.784157,1596216167,22,22002,0,2045,
1005,23,20,23012,0,0,810,brrtc,810,42.945671,-78.906876,1596216178,23,23012,0,2057,
1007,0,0,18004,4,60,800,dlvst,801,42.918858,-78.854057,1596216221,18,18004,0,2041,
1011,23,20,23016,0,0,806,flfry,806,42.910084,-78.839058,1596216253,23,23016,0,2040,
1014,13,19,13002,0,-180,814,dlvgr,811,42.938107,-78.813744,1596216263,13,13002,0,2033,
1016,12,20,12013,0,0,812,badlv,812,42.911156,-78.832397,1596216255,12,12013,0,2024,
1018,49,20,44006,0,0,805,mhosp,805,42.996243,-78.730667,1596215889,44,44006,0,2089,
1021,32,19,32013,0,0,806,amsta,806,42.940254,-78.833656,1596216258,32,32013,0,1087,
1022,32,20,32011,0,-540,809,dlwam,800,42.932140,-78.876984,1596216222,32,32011,0,1083,
1023,0,0,15008,4,-180,824,sogat,821,42.880112,-78.827591,1596216275,15,15008,0,1046,
1026,6,20,6008,0,0,806,glrml,806,42.910252,-78.763641,1596216037,6,6008,0,1028,
1030,4,19,76002,0,-60,805,michl,804,42.900158,-78.788063,1596216254,76,76002,0,1103,
1032,16,19,16009,0,-360,806,splke,800,42.796921,-78.823868,1596216239,16,16009,0,1060,
1033,15,19,15006,0,0,814,scl,814,42.829399,-78.766731,1596216251,15,15006,0,1047,
1034,2,19,2008,0,-120,810,cltun,808,42.867928,-78.728355,1596216251,2,2008,0,1011,
1038,19,19,19008,0,0,807,abtba,807,42.857533,-78.828712,1596216077,19,19008,0,1072,
1040,32,19,46001,0,-120,803,brrtc,801,42.945560,-78.906761,1596216228,46,46001,0,1101,
1041,16,20,16011,0,-600,808,bgtsp,798,42.789249,-78.823608,1596216262,16,16011,0,1095,
1042,0,0,19012,4,0,835,socam,835,42.882858,-78.825546,1596216237,19,19012,0,1074,
1044,32,20,32012,0,0,811,ungen,811,42.945065,-78.769485,1596216255,32,32012,0,1079,
1045,16,20,16012,0,0,808,splke,808,42.813313,-78.824059,1596216247,16,16012,0,1058,
1046,0,0,4006,4,180,807,tcbfl,810,42.894878,-78.829453,1596216264,4,4006,0,1019,
1047,1,20,4003,0,60,809,nolvj,810,42.884758,-78.814529,1596216259,4,4003,0,1016,
1049,15,20,15007,0,60,808,basen,809,42.872025,-78.838242,1596216252,15,15007,0,1048,
1050,1,19,1002,0,-60,813,nolvj,812,42.883987,-78.764648,1596216239,1,1002,0,1002,
1055,12,20,12012,0,-60,804,socam,803,42.954662,-78.820595,1596216271,12,12012,0,2023,
1056,23,19,23011,0,0,809,hrtpk,809,42.947704,-78.868759,1596216225,23,23011,0,2059,
1059,0,0,12020,4,0,805,nghmp,805,42.910881,-78.899879,1596216250,12,12020,0,2022,
1061,0,0,13005,4,1560,809,utica,835,42.911652,-78.864815,1596216220,13,13005,0,2035,
1062,26,19,26002,0,-240,807,dlvst,803,42.922047,-78.846840,1596216272,26,26002,0,2079,
1064,23,20,23014,0,-60,803,hrtpk,802,42.947678,-78.849068,1596216231,23,23014,0,2061,
1065,13,19,8005,0,0,805,utica,805,42.911461,-78.865227,1596216179,8,8005,0,2005,
1066,155,20,155001,0,0,808,ngfom,808,43.089741,-78.991890,1596216230,155,155001,0,3112,
1105,12,19,12019,0,-120,812,knegt,810,42.952049,-78.824989,1596216231,12,12019,0,2019,
1106,0,0,8007,4,0,820,socam,820,42.917015,-78.861908,1596216257,8,8007,0,2004,
1108,12,19,12016,0,-120,804,filut,802,42.910469,-78.838875,1596216224,12,12016,0,2026,
1109,47,19,44008,0,-60,815,mnun,814,42.966049,-78.719276,1596216258,44,44008,0,2087,
1110,12,19,12014,0,-120,810,nghmp,808,42.915447,-78.884621,1596216261,12,12014,0,2025,
1111,24,19,24011,0,0,810,marmn,810,42.877251,-78.877731,1596216237,24,24011,0,2069,
1112,12,20,12018,0,-60,809,utica,808,42.911240,-78.874527,1596216234,12,12018,0,2017,
1113,24,20,48005,0,60,805,bagen,806,42.911102,-78.817467,1596216216,48,48005,0,2096,
1114,23,19,23015,0,-300,809,flfry,804,42.931454,-78.839394,1596216270,23,23015,0,2058,
1116,22,19,22004,0,-120,808,bstmn,806,42.903816,-78.850487,1596216220,22,22004,0,2046,
1118,0,0,12021,4,0,810,ctyli,810,42.958649,-78.814568,1596216243,12,12021,0,2016,
1120,12,19,12017,0,-60,807,badlv,806,42.929913,-78.810356,1596216233,12,12017,0,2027,
1122,8,19,48001,0,-60,805,amsta,804,42.943138,-78.834961,1596216245,48,48001,0,2094,
1123,24,19,44003,0,0,807,bagen,807,42.916603,-78.803993,1596216244,44,44003,0,2085,
1126,44,20,44007,0,60,814,crspt,815,43.012165,-78.770309,1596216219,44,44007,0,2088,
1127,0,0,12007,5,0,810,colds,810,42.922871,-78.856667,1596216256,12,12007,0,2014,
1130,48,20,48004,0,0,805,ehmal,805,42.973583,-78.693703,1596216161,48,48004,0,2097,
1202,46,19,14007,0,300,812,twyml,817,42.902222,-78.783859,1596216268,14,14007,0,1039,
1203,4,20,4002,0,-360,807,bdyfl,801,42.890312,-78.851303,1596216218,4,4002,0,1015,
1204,6,20,6010,0,-180,810,wldba,807,42.899166,-78.834518,1596216266,6,6010,0,1096,
1205,14,20,14010,0,60,810,mercy,811,42.856926,-78.828712,1596216246,14,14010,0,1037,
1207,6,19,6009,0,-60,816,wtfrt,815,42.888248,-78.871033,1596216243,6,6009,0,1029,
1208,19,20,19011,0,0,806,socam,806,42.958263,-78.817169,1596216221,19,19011,0,1071,
1212,0,0,32014,4,99999,9999,brrtc,815,42.944954,-78.907433,1596216268,32,32014,0,1085,
1213,0,0,23017,4,0,805,abtba,805,42.857616,-78.828674,1596216038,23,23017,0,2055,
1214,26,20,22001,0,0,807,dlvst,807,42.922241,-78.875275,1596216186,22,22001,0,2044,
1301,155,19,155002,0,0,805,hojo,805,43.088066,-78.981026,1596216268,155,155002,0,3113,
1501,3,20,20011,0,99999,9999,trcem,530,42.882584,-78.872108,1596212519,20,20011,0,3043,
1502,55,19,40009,0,99999,9999,prtc,801,43.099369,-79.051521,1596216157,40,40009,1,3081,
1504,5,20,5007,0,-300,805,ngfry,800,42.911625,-78.899803,1596216230,5,5007,0,3020,
1505,5,19,20006,0,120,809,ellop,811,42.886600,-78.878700,1596216234,20,20006,0,3041,
1512,52,20,52029,0,0,812,prtc,812,43.108688,-79.053535,1596216159,52,52029,0,3098,
1517,50,20,50023,0,-240,810,nuniv,806,43.153790,-79.031494,1596216228,50,50023,0,3093,
1518,35,19,35004,0,0,804,nfbsh,804,42.980652,-78.817619,1596216246,35,35004,0,3073,
1519,5,20,3004,0,240,808,socam,812,42.958321,-78.836449,1596216149,3,3004,0,3004,
1601,11,19,11001,0,-660,806,ellop,795,42.885117,-78.875832,1596216267,11,11001,0,3031,
1604,55,20,55039,0,60,805,nfia,806,43.101128,-78.939331,1596216264,55,55039,0,3104,
1605,40,19,40010,0,0,814,tcbfl,814,42.908684,-78.899208,1596216233,40,40010,0,3082,
1606,0,0,35005,4,960,809,brrtc,825,42.941406,-78.904160,1596216249,35,35005,0,3072,
1609,0,0,11002,4,480,810,tnind,818,43.013954,-78.858337,1596216253,11,11002,0,3032,
1610,55,19,55041,0,-360,812,nfb56,806,43.094170,-78.976410,1596216250,55,55041,0,3109,
1611,3,19,5018,0,60,815,trcem,816,42.914043,-78.890350,1596216268,5,5018,0,3025,
1614,55,20,50024,0,-300,807,pnhyd,802,43.095051,-79.035812,1596216259,50,50024,0,3091,
1615,40,20,40008,0,-60,804,ngvln,803,42.954994,-78.910378,1596216217,40,40008,0,3080,
1618,5,19,3009,0,-240,816,brrtc,812,42.961346,-78.893028,1596216252,3,3009,0,3010,
1620,3,19,3011,0,-60,804,sklmt,803,42.957413,-78.891617,1596216231,3,3011,0,3005,
1622,52,20,50021,0,0,822,nftc,822,43.100716,-78.979797,1596216245,50,50021,0,3092,
1623,5,20,25004,0,60,808,kenml,809,42.956837,-78.897125,1596216224,25,25004,0,3055,
1704,3,19,25007,0,0,810,ellop,810,42.888248,-78.874825,1596216274,25,25007,0,3054,
1705,0,0,25011,4,1740,814,tnind,843,42.882584,-78.872299,1596216156,25,25011,0,3057,
1713,0,0,40013,4,420,824,nfia,831,43.002789,-78.881416,1596216265,40,40013,0,3078,
1714,0,0,20001,5,60,797,front,798,42.954304,-78.820747,1596216239,20,20001,0,3036,
1715,20,20,20014,0,0,820,orch,820,42.988403,-78.873039,1596215507,20,20014,0,3046,
1716,3,20,25006,0,0,812,tonvl,812,42.959999,-78.908066,1596216202,25,25006,0,3058,
1718,24,20,24010,0,0,811,airpt,811,42.934120,-78.730629,1596216188,24,24010,0,2070,
1801,50,20,52028,0,-60,804,mlnfb,803,43.090183,-78.967583,1596216244,52,52028,0,3099,
1803,5,19,5017,0,0,809,dlwkn,809,42.958542,-78.844193,1596216174,5,5017,0,3028,
1806,0,0,25010,4,60,809,ellop,810,42.882557,-78.872223,1596216217,25,25010,0,3060,
1807,20,20,20004,0,60,818,elken,819,42.926228,-78.876984,1596216271,20,20004,0,3039,
1808,25,19,25003,0,60,806,dlwkn,807,42.962940,-78.870178,1596216223,25,25003,0,3053,
1809,0,0,5016,4,480,787,ellop,795,42.887562,-78.879219,1596216238,5,5016,0,3024,
1810,20,19,20013,0,-180,813,ellop,810,42.895126,-78.877060,1596216219,20,20013,0,3045,
1811,20,20,5012,0,0,818,elmnr,818,42.883190,-78.873528,1596216239,5,5012,0,3026,
1812,25,19,5015,0,0,805,ellop,805,42.882641,-78.874527,1596216256,5,5015,0,3021,
1813,0,0,40005,5,-480,809,front,801,42.956394,-78.889603,1596216256,40,40005,0,3079,
1815,5,19,5013,0,99999,9999,dlwkn,824,42.954414,-78.820930,1596216265,5,5013,0,3022,
1816,3,20,20003,0,240,809,sklmt,813,42.946934,-78.891022,1596216261,20,20003,0,3038,
1817,42,19,42004,0,0,805,shops,805,42.828686,-78.786720,1596216226,42,42004,0,1098,
1821,14,20,16007,0,99999,9999,abtba,773,42.870678,-78.858673,1596214339,16,16007,0,1055,
1822,19,20,19009,0,720,788,socam,800,42.954964,-78.820450,1596216168,19,19009,0,1070,
1824,0,0,4005,4,360,804,twyml,810,42.902439,-78.783745,1596216033,4,4005,0,1018,
1902,3,20,3010,0,0,811,frgrt,811,42.900379,-78.884430,1596216241,3,3010,0,3008,
1903,25,20,20005,0,-60,811,mnngr,810,42.998882,-78.874825,1596216271,20,20005,0,3040,
1904,40,19,40012,0,-120,809,giplz,807,43.052891,-78.990662,1596216255,40,40012,0,3084,
1907,3,20,5006,0,-60,804,tonvl,803,42.961044,-78.906059,1596216235,5,5006,0,3019,
1908,35,20,35001,0,0,810,dlwsh,810,42.985489,-78.893997,1596216240,35,35001,0,3071,
1909,34,20,34002,0,0,812,hazwd,812,43.028858,-78.814972,1596216207,34,34002,0,3064,
1910,34,20,34007,0,-240,813,blvml,809,42.959999,-78.823685,1596216162,34,34007,0,3067,
1911,55,20,55038,0,0,806,nfia,806,43.101650,-78.939484,1596216266,55,55038,0,3108,
1912,40,20,40011,0,0,810,prtc,810,43.099396,-79.051598,1596215186,40,40011,0,3083,
1914,20,19,20016,0,0,809,elken,809,42.975231,-78.878738,1596216241,20,20016,0,3047,
1915,34,19,34006,0,60,812,nfbma,813,43.022861,-78.822273,1596216176,34,34006,0,3066,
1916,50,19,50022,0,-420,811,casno,804,43.088421,-79.029266,1596216262,50,50022,0,3094,
1917,25,20,25008,0,-600,813,dlwnr,803,42.886600,-78.877281,1596216248,25,25008,0,3097,
1918,0,0,11003,4,-240,825,mdcty,821,42.966267,-78.887817,1596216274,11,11003,0,3033,
1922,40,20,5014,0,0,806,prtc,806,43.094746,-79.048767,1596216257,5,5014,0,3027,
2005,0,0,23004,5,-180,806,colds,803,42.914703,-78.845383,1596216252,23,23004,0,2052,
2007,12,20,12015,0,0,808,knegt,808,42.929859,-78.799454,1596216238,12,12015,0,2015,
2129,2,19,2004,0,-60,808,cltfl,807,42.872082,-78.819702,1596216265,2,2004,0,1010,
2203,20,19,34001,0,0,806,elmdv,806,42.924164,-78.877396,1596216264,34,34001,0,3063,
2218,11,19,34008,0,-240,808,clvkn,804,42.963104,-78.858711,1596216237,34,34008,0,3068,
2503,19,20,19006,0,-120,809,badlv,807,42.903896,-78.814041,1596216255,19,19006,0,1069,
2508,16,20,16010,0,-180,813,spkls,810,42.886131,-78.873451,1596216246,16,16010,0,1056,
2510,16,19,16008,0,-300,810,bnmc,805,42.898590,-78.868683,1596216044,16,16008,0,1059,
2512,15,19,14008,0,60,810,lterr,811,42.882832,-78.871666,1596216229,14,14008,0,1040,
2513,19,19,19010,0,0,806,bdyba,806,42.905079,-78.814194,1596216226,19,19010,0,1073,
2602,26,20,26003,0,0,806,twyml,806,42.903759,-78.782593,1596216218,26,26003,0,2078,
2606,8,20,8006,0,-60,804,amsta,803,42.940033,-78.839355,1596216252,8,8006,0,2006,
2607,1,19,1004,0,120,808,tcbfl,810,42.883438,-78.872894,1596216237,1,1004,0,1005,
2608,6,19,6011,0,-180,811,wldba,808,42.907059,-78.796211,1596216221,6,6011,0,1025,
2609,6,19,6007,0,180,797,wtfrt,800,42.880276,-78.883240,1596216244,6,6007,0,1027,
2610,0,0,46003,4,1380,782,tcbfl,805,42.882530,-78.872406,1596216232,46,46003,0,1102,
2611,42,20,42005,0,-120,809,spkls,807,42.879147,-78.875496,1596216252,42,42005,0,1035,
2612,76,20,76003,0,60,793,senbg,794,42.594688,-79.091309,1596216039,76,76003,0,1054,
2613,4,19,15003,0,0,805,tcbfl,805,42.882996,-78.873192,1596216267,15,15003,0,1045,
2614,16,19,14009,0,0,814,bnmc,814,42.886189,-78.872261,1596216274,14,14009,0,1036,
2616,14,20,1003,0,180,805,eccs,808,42.772556,-78.797440,1596216227,1,1003,0,1006,
2625,0,0,1006,4,0,820,twyml,820,42.882393,-78.825325,1596216230,1,1006,0,1003,
2627,0,0,32015,4,99999,9999,twyml,820,42.902851,-78.783966,1596216083,32,32015,1,1084,
2628,2,20,1005,0,-120,807,cltfl,805,42.882889,-78.860458,1596216231,1,1005,0,1004,
2629,0,0,32010,4,-960,621,twyml,605,99.000000,999.000000,1596203606,32,32010,0,1086,
2701,8,20,8003,0,-60,815,mnaln,814,42.880577,-78.875198,1596216273,8,8003,0,2003,
2703,44,20,44004,0,99999,9999,lkpt,806,43.169052,-78.691399,1596216189,44,44004,1,2086,
2704,13,20,13004,0,60,807,winsp,808,42.939072,-78.813896,1596216131,13,13004,0,2034,
2705,0,0,24013,4,0,833,airpt,833,99.000000,999.000000,1596215802,24,24013,0,2054,
2708,8,19,8002,0,-60,808,wtfrt,807,42.878349,-78.879929,1596216233,8,8002,0,2002,
8126,45,99,45126,99,99999,9999,,9999,42.959476,-78.891060,1596216177,45,0,0,45126,
8141,45,99,45094,99,99999,9999,,9999,42.945724,-78.906761,1596214604,45,0,0,45094,
8145,45,99,45145,99,99999,9999,,9999,42.882641,-78.872444,1596216240,45,0,0,45145,
8201,45,99,45201,99,99999,9999,,9999,43.034714,-78.749130,1596216254,45,0,0,45201,
8205,45,99,45205,99,99999,9999,,9999,42.933159,-78.798073,1596216241,45,0,0,45205,
8207,45,99,45207,99,99999,9999,,9999,42.830666,-78.774437,1596216253,45,0,0,45207,
8211,45,99,45211,99,99999,9999,,9999,42.903786,-78.704353,1596216141,45,0,0,45211,
8213,45,99,45213,99,99999,9999,,9999,42.973583,-78.859009,1596216098,45,0,0,45213,
8216,45,99,45216,99,99999,9999,,9999,42.936073,-78.889900,1596216272,45,0,0,45216,
8217,45,99,45217,99,99999,9999,,9999,42.947788,-78.861984,1596216222,45,0,0,45217,
8218,45,99,45218,99,99999,9999,,9999,42.980679,-78.834480,1596216225,45,0,0,45218,
8219,45,99,45219,99,99999,9999,,9999,42.957634,-78.872818,1596216234,45,0,0,45219,
8221,45,99,45221,99,99999,9999,,9999,42.892487,-78.754639,1596216235,45,0,0,45221,
8222,45,99,45222,99,99999,9999,,9999,42.918335,-78.899284,1596216268,45,0,0,45222,
8224,45,99,45224,99,99999,9999,,9999,42.896969,-78.877098,1596216087,45,0,0,45224,
8225,45,99,45225,99,99999,9999,,9999,43.137867,-78.697090,1596216194,45,0,0,45225,
8227,45,99,45227,99,99999,9999,,9999,42.941132,-78.905052,1596216245,45,0,0,45227,
8229,45,99,45229,99,99999,9999,,9999,42.946686,-78.877808,1596216271,45,0,0,45229,
8231,45,99,45231,99,99999,9999,,9999,43.098625,-78.928093,1596215826,45,0,0,45231,
8233,45,99,45233,99,99999,9999,,9999,99.000000,999.000000,1596199761,45,0,0,45233,
8234,45,99,45234,99,99999,9999,,9999,42.965633,-78.706100,1596216240,45,0,0,45234,
8236,45,99,45236,99,99999,9999,,9999,99.000000,999.000000,1596184755,45,0,0,45236,
8237,45,99,45237,99,99999,9999,,9999,42.918884,-78.725082,1596216173,45,0,0,45237,
8238,45,99,45238,99,99999,9999,,9999,42.963764,-78.695862,1596216152,45,0,0,45238,
8239,45,99,45239,99,99999,9999,,9999,43.098103,-78.941307,1596216216,45,0,0,45239,
8240,45,99,45240,99,99999,9999,,9999,42.835148,-78.784935,1596216239,45,0,0,45240,
8241,45,99,45241,99,99999,9999,,9999,42.915695,-78.762115,1596216229,45,0,0,45241,
8304,45,99,45304,99,99999,9999,,9999,42.960052,-78.890198,1596216255,45,0,0,45304,
8306,45,99,45306,99,99999,9999,,9999,42.947376,-78.891357,1596216219,45,0,0,45306,
8307,45,99,45307,99,99999,9999,,9999,42.872547,-78.852386,1596216265,45,0,0,45307,
8309,45,99,45309,99,99999,9999,,9999,42.964344,-78.888527,1596216249,45,0,0,45309,
