1001,22,20,22005,0,0,1115,twyml,1115,42.902935,-78.783600,1596234020,22,22005,0,2048,
1003,23,19,23013,0,0,1103,bdyfl,1103,42.901283,-78.839172,1596234055,23,23013,0,2060,
1004,24,20,24020,0,-60,1104,ungen,1103,42.923477,-78.778831,1596234035,24,24020,0,2076,
1009,44,20,44009,0,-120,1101,flint,1099,42.995361,-78.790741,1596234009,44,44009,0,2090,
1010,22,19,26008,0,-180,1105,bstgn,1102,42.904667,-78.815201,1596234047,26,26008,0,2082,
1013,47,19,24016,0,0,1102,eccn,1102,42.956699,-78.722031,1596234017,24,24016,0,2073,
1014,26,20,26007,0,0,1102,elmdv,1102,42.922157,-78.879295,1596234041,26,26007,0,2081,
1015,0,0,24018,6,0,1108,airpt,1108,42.934147,-78.730446,1596233304,24,24018,0,2074,
1016,12,19,12013,0,240,1106,nghmp,1110,42.910938,-78.899879,1596233772,12,12013,0,2024,
1017,12,19,13008,0,120,1088,nghmp,1090,42.915421,-78.882530,1596234059,13,13008,0,2038,
1018,44,20,44006,0,60,1102,mlptr,1103,43.077782,-78.701965,1596234053,44,44006,0,2089,
1020,14,20,14011,0,0,1108,eccs,1108,42.772556,-78.797180,1596233902,14,14011,0,1041,
1021,6,20,6013,0,-180,1105,twyml,1102,42.907143,-78.793427,1596234048,6,6013,0,1030,
1026,6,19,6008,0,-300,1102,twyml,1097,42.903706,-78.784264,1596234047,6,6008,0,1028,
1027,42,20,42006,0,99999,9999,sogat,1101,42.827614,-78.754486,1596234038,42,42006,1,1099,
1030,76,19,76002,0,99999,9999,frnhm,1104,42.594715,-79.091240,1596234043,76,76002,0,1103,
1031,15,20,15009,0,0,1104,sogat,1104,42.827446,-78.754448,1596233891,15,15009,0,1049,
1032,16,20,16009,0,-60,1103,rdgsp,1102,42.832756,-78.824020,1596234050,16,16009,0,1060,
1033,15,20,15006,0,60,1103,sensm,1104,42.876232,-78.849297,1596234060,15,15006,0,1047,
1037,0,0,19015,4,99999,9999,socam,1045,42.857670,-78.828972,1596234018,19,19015,0,1076,
1038,1,20,2008,0,0,1107,wmbck,1107,42.885086,-78.851158,1596234013,2,2008,0,1011,
1040,32,20,32013,0,120,1105,twyml,1107,42.907169,-78.777824,1596234038,32,32013,0,1087,
1042,19,19,19012,0,0,1105,bdyba,1105,42.910717,-78.813782,1596234047,19,19012,0,1074,
1043,15,19,15010,0,60,1109,lterr,1110,42.878212,-78.854507,1596234064,15,15010,0,1050,
1045,19,20,19014,0,120,1103,socam,1105,42.958210,-78.817360,1596234055,19,19014,0,1075,
1046,32,19,4006,0,-60,1100,knhty,1099,42.943829,-78.799339,1596234013,4,4006,0,1019,
1047,2,19,4009,0,0,1110,tcbfl,1110,42.885746,-78.871140,1596234064,4,4009,0,1020,
1049,15,19,15007,0,300,1020,lterr,1025,42.594303,-79.091125,1596234061,15,15007,0,1048,
1052,4,20,32016,0,99999,9999,twyml,910,42.896557,-78.817245,1596234028,32,32016,0,1088,
1055,12,20,12012,0,-420,1104,badlv,1097,42.914623,-78.817322,1596234043,12,12012,0,2023,
1056,23,19,23011,0,-120,1100,hrtpk,1098,42.947651,-78.853424,1596233975,23,23011,0,2059,
1057,26,19,18005,0,-60,1106,dlvst,1105,42.921829,-78.837082,1596234056,18,18005,0,2043,
1060,13,19,47004,0,0,1099,utica,1099,42.914043,-78.865036,1596233941,47,47004,0,2093,
1062,24,20,24015,0,60,1105,genfl,1106,42.891769,-78.864670,1596234041,24,24015,0,2072,
1063,24,19,24014,0,-240,1100,genfl,1096,42.902466,-78.839134,1596234053,24,24014,0,2071,
1064,23,20,23014,0,120,1112,brrtc,1114,42.947815,-78.869843,1596234040,23,23014,0,2061,
1065,64,20,8005,0,540,1079,lkpt,1088,43.026493,-78.764870,1596234049,8,8005,0,2005,
1103,48,19,48006,0,60,1124,socam,1125,42.954689,-78.820518,1596234032,48,48006,0,2098,
1108,12,19,12016,0,-120,1109,badlv,1107,42.938904,-78.800011,1596233974,12,12016,0,2026,
1109,0,0,44008,5,-300,1117,colds,1112,42.949657,-78.766251,1596234008,44,44008,0,2087,
1110,12,19,12014,0,99999,9999,filut,1105,42.909096,-78.822716,1596234039,12,12014,1,2025,
1111,18,20,12025,0,60,1099,dlvst,1100,42.922295,-78.856438,1596234046,12,12025,0,2031,
1115,13,19,13007,0,0,1102,winsp,1102,42.952599,-78.813896,1596234046,13,13007,0,2037,
1116,0,0,22004,5,-60,1108,colds,1107,42.904694,-78.875160,1596234028,22,22004,0,2046,
1119,23,20,23020,0,0,1105,brrtc,1105,42.945644,-78.907356,1596233802,23,23020,0,2062,
1120,12,20,12017,0,-300,1100,ctyli,1095,42.958622,-78.814003,1596234043,12,12017,0,2027,
1123,23,19,23019,0,60,1096,abtba,1097,42.874115,-78.844116,1596234018,23,23019,0,2021,
1124,44,19,12022,0,-60,1103,mlptr,1102,43.097664,-78.696831,1596234033,12,12022,0,2028,
1129,23,20,23021,0,-240,1107,bdyfl,1103,42.871254,-78.844902,1596234039,23,23021,0,2063,
1130,48,20,48004,0,60,1107,ehmal,1108,42.964424,-78.715775,1596233968,48,48004,0,2097,
1201,2,20,2009,0,-240,1111,clmgm,1107,42.883190,-78.874825,1596234052,2,2009,0,1012,
1202,14,20,14007,0,180,1100,shops,1103,42.868149,-78.790932,1596234058,14,14007,0,1039,
1203,4,20,32021,0,99999,9999,twyml,1072,42.904724,-78.780540,1596234021,32,32021,0,1092,
1205,4,20,32022,0,0,1120,twyml,1120,42.902523,-78.783745,1596234058,32,32022,0,1094,
1206,16,19,16013,0,-420,1105,splke,1098,42.789829,-78.812370,1596234047,16,16013,0,1061,
1207,6,20,6009,0,-120,1106,sycmg,1104,42.882858,-78.872894,1596234053,6,6009,0,1029,
1211,32,20,32018,0,60,1105,clwbr,1106,42.944653,-78.794540,1596234056,32,32018,0,1090,
1304,155,19,155003,0,0,1100,hojo,1100,43.089138,-78.986870,1596234011,155,155003,0,3114,
1501,55,20,55043,0,0,1102,nftc,1102,43.100937,-78.978714,1596234052,55,55043,0,3111,
1504,5,20,20018,0,120,1112,kenml,1114,42.954029,-78.909813,1596234022,20,20018,0,3048,
1508,11,20,34010,0,0,1102,prpky,1102,42.981998,-78.858559,1596234034,34,34010,0,3065,
1511,5,19,20020,0,0,1103,kenml,1103,42.958679,-78.875832,1596234052,20,20020,0,3050,
1512,3,19,25014,0,-60,1102,trcem,1101,42.896858,-78.882866,1596234025,25,25014,0,3062,
1519,52,20,52030,0,99999,9999,nuniv,1089,43.158081,-79.033577,1596233275,52,52030,0,3100,
1601,40,19,40015,0,-180,1112,tcbfl,1109,42.911789,-78.899879,1596234014,40,40015,0,3107,
1604,35,19,5022,0,0,1102,nfbsh,1102,42.981312,-78.817619,1596234012,5,5022,0,3030,
1605,50,20,40010,0,-60,1111,prtc,1110,43.129894,-79.048172,1596234042,40,40010,0,3082,
1607,20,20,3018,0,0,1107,dlwsh,1107,42.962608,-78.878662,1596233970,3,3018,0,3012,
1608,5,20,5021,0,240,1106,socam,1110,42.954277,-78.820747,1596233735,5,5021,0,3029,
1610,55,20,55041,0,0,1100,boces,1100,43.145954,-78.866005,1596234058,55,55041,0,3109,
1611,20,20,5018,0,60,1102,elmdv,1103,42.919571,-78.876984,1596234016,5,5018,0,3025,
1615,55,20,40008,0,300,1086,nfia,1091,43.019012,-78.880150,1596233966,40,40008,0,3080,
1616,34,19,34009,0,60,1112,nfbma,1113,43.031002,-78.821861,1596234062,34,34009,0,3069,
1618,20,19,3009,0,-60,1101,ellop,1100,42.882557,-78.872223,1596234060,3,3009,0,3010,
1622,40,20,40017,0,-180,1115,brrtc,1112,42.901615,-78.892357,1596234054,40,40017,0,3087,
1623,3,19,3019,0,-120,1107,frgrt,1105,42.935165,-78.888527,1596234023,3,3019,0,3013,
1624,3,20,3012,0,-60,1110,sklmt,1109,42.927410,-78.889458,1596233961,3,3012,0,3009,
1703,35,19,35006,0,0,1105,brrtc,1105,42.945313,-78.907135,1596233998,35,35006,0,3074,
1705,25,19,25009,0,0,1100,ellop,1100,42.882584,-78.872368,1596233671,25,25009,0,3059,
1714,155,20,155004,0,-60,1103,ngfom,1102,43.089935,-78.988129,1596234049,155,155004,0,3115,
1715,20,19,20014,0,60,1106,elmdv,1107,42.933762,-78.877319,1596234023,20,20014,0,3046,
1716,25,20,25006,0,60,1103,mnngr,1104,43.019203,-78.874977,1596234010,25,25006,0,3058,
1718,0,0,24017,5,99999,9999,,9999,42.915310,-78.864220,1596234020,24,24017,0,2070,
1722,0,0,47005,5,99999,9999,,9999,42.915310,-78.858635,1596233560,47,47005,0,2092,
1801,52,20,52028,0,120,1086,nftc,1088,42.989010,-78.918152,1596234054,52,52028,0,3099,
1802,0,0,25012,5,0,1102,front,1102,42.966679,-78.887932,1596234031,25,25012,0,3056,
1803,3,20,5017,0,0,1111,tonvl,1111,42.959969,-78.908104,1596233917,5,5017,0,3028,
1806,25,19,25010,0,120,1108,dlwnr,1110,42.921524,-78.867607,1596234056,25,25010,0,3060,
1807,3,20,3017,0,0,1106,frgrt,1106,42.905079,-78.888901,1596234063,3,3017,0,3011,
1808,11,20,11005,0,-300,1109,dlwnr,1104,42.887012,-78.877914,1596234032,11,11005,0,3034,
1810,5,19,20013,0,60,1103,ngvrg,1104,42.898315,-78.889496,1596234026,20,20013,0,3045,
1811,5,20,5012,0,0,1112,socam,1112,42.958595,-78.858299,1596234045,5,5012,0,3026,
1812,5,19,11006,0,0,1109,ngfry,1109,42.940968,-78.905685,1596234065,11,11006,0,3035,
1813,25,20,25013,0,0,1118,mdcty,1118,43.050610,-78.876129,1596234065,25,25013,0,3061,
1817,0,0,42004,5,-60,1125,babck,1124,42.893009,-78.619446,1596234035,42,42004,0,1098,
1818,16,19,16014,0,-840,1102,mowsh,1088,42.883518,-78.872597,1596234020,16,16014,0,1062,
1819,32,19,32020,0,0,1105,brrtc,1105,42.935989,-78.898056,1596234034,32,32020,0,1093,
1820,14,20,14012,0,-180,1110,spkls,1107,42.881760,-78.874603,1596234031,14,14012,0,1042,
1821,2,20,2011,0,180,1102,cltun,1105,42.853600,-78.756645,1596234036,2,2011,0,1013,
1822,16,19,16015,0,0,1109,bgtsp,1109,42.735489,-78.825325,1596234037,16,16015,0,1063,
1824,2,20,4005,0,180,1090,fltbk,1093,42.847469,-78.697502,1596233725,4,4005,0,1018,
1903,20,19,20019,0,0,1110,ellop,1110,42.893173,-78.877693,1596234042,20,20019,0,3049,
1904,55,19,40012,0,-60,1112,nfb56,1111,43.100468,-78.980316,1596234064,40,40012,0,3084,
1907,25,20,25011,0,0,1107,orch,1107,42.965771,-78.870361,1596234045,25,25011,0,3057,
1908,0,0,11004,5,99999,9999,,9999,42.959007,-78.891243,1596233758,11,11004,0,3106,
1909,40,20,55042,0,0,1127,prtc,1127,43.099369,-79.051636,1596234013,55,55042,0,3110,
1910,34,19,34007,0,0,1090,socam,1090,42.955872,-78.820595,1596234028,34,34007,0,3067,
1911,55,20,55038,0,60,1114,pnhyd,1115,43.084408,-79.059044,1596234048,55,55038,0,3108,
1912,40,20,40011,0,0,1109,giplz,1109,42.977871,-78.933151,1596234001,40,40011,0,3083,
1914,11,19,20016,0,0,1104,prpky,1104,42.998196,-78.852196,1596234051,20,20016,0,3047,
1915,40,19,40016,0,-480,1112,giplz,1104,43.078548,-79.021706,1596234045,40,40016,0,3086,
1916,50,20,50022,0,-240,1104,bfhyd,1100,43.088943,-79.044113,1596233894,50,50022,0,3094,
1917,50,19,50025,0,-60,1102,prtc,1101,43.097057,-79.050179,1596234056,50,50025,0,3095,
1919,5,20,34011,0,-300,1105,ngvrg,1100,42.885857,-78.877510,1596234009,34,34011,0,3070,
1920,55,19,40014,0,0,1120,prtc,1120,43.099369,-79.051674,1596234024,40,40014,0,3085,
1921,5,19,35007,0,120,1102,ellop,1104,42.927383,-78.898537,1596234015,35,35007,0,3075,
1922,25,20,5014,0,-60,1108,dlwnr,1107,42.885693,-78.877434,1596234007,5,5014,0,3027,
2005,13,20,13006,0,0,1106,winsp,1106,42.942451,-78.813934,1596234052,13,13006,0,2036,
2010,26,20,26006,0,-180,1102,gnhar,1099,42.921883,-78.784599,1596234065,26,26006,0,2080,
2218,34,20,34008,0,360,1104,hazwd,1110,43.028748,-78.815796,1596234035,34,34008,0,3068,
2501,16,20,16016,0,0,1114,mnbfl,1114,42.768131,-78.824394,1596234063,16,16016,0,1064,
2507,6,19,6014,0,60,1104,wtfrt,1105,42.878212,-78.876282,1596234036,6,6014,0,1031,
2510,72,20,16008,0,0,1099,eccs,1099,42.772751,-78.797516,1596234016,16,16008,0,1059,
2512,14,19,14008,0,120,1103,bnmc,1105,42.898643,-78.865898,1596234021,14,14008,0,1040,
2513,19,20,19010,0,240,1085,socam,1089,42.901367,-78.814194,1596234023,19,19010,0,1073,
2602,18,19,18006,0,60,1092,spkls,1093,42.896416,-78.854172,1596234065,18,18006,0,2042,
2604,24,19,24019,0,-300,1105,ungen,1100,42.927219,-78.754082,1596234058,24,24019,0,2075,
2606,8,20,8006,0,-180,1102,utica,1099,42.907501,-78.867645,1596234052,8,8006,0,2006,
2610,46,19,46003,0,120,1109,twyml,1111,42.915062,-78.766403,1596233996,46,46003,0,1102,
2613,42,19,42007,0,0,1110,mohel,1110,42.886711,-78.872482,1596234053,42,42007,0,1100,
2615,32,20,32019,0,-300,1114,bflst,1109,42.941132,-78.905945,1596234054,32,32019,0,1091,
2616,1,19,1003,0,60,1103,wmmgn,1104,42.885223,-78.855843,1596234019,1,1003,0,1006,
2620,1,19,32017,0,120,1093,tcbfl,1095,42.883301,-78.874939,1596234061,32,32017,0,1089,
2628,0,0,1005,5,0,1111,babck,1111,42.883850,-78.761490,1596234027,1,1005,0,1004,
2629,0,0,32010,4,-960,621,twyml,605,99.000000,999.000000,1596203606,32,32010,0,1086,
2702,8,19,8008,0,-120,1102,utica,1100,42.917400,-78.862579,1596234060,8,8008,0,2007,
2703,12,19,12023,0,-60,1100,utica,1099,42.911186,-78.854614,1596234009,12,12023,0,2029,
2709,12,20,12024,0,0,1101,ctyli,1101,42.958759,-78.814865,1596234058,12,12024,0,2030,
2713,22,20,22006,0,0,1106,twyml,1106,42.907280,-78.791489,1596233958,22,22006,0,2047,
8145,45,99,45145,99,99999,9999,,9999,42.882694,-78.872559,1596233886,45,0,0,45145,
8205,45,99,45205,99,99999,9999,,9999,42.773876,-78.859756,1596234048,45,0,0,45205,
8216,45,99,45216,99,99999,9999,,9999,42.982738,-78.820816,1596233994,45,0,0,45216,
8217,45,99,45217,99,99999,9999,,9999,42.995583,-78.932785,1596234059,45,0,0,45217,
8222,45,99,45222,99,99999,9999,,9999,42.985077,-78.794464,1596234031,45,0,0,45222,
8240,45,99,45240,99,99999,9999,,9999,42.959309,-78.869171,1596233771,45,0,0,45240,
8304,45,99,45304,99,99999,9999,,9999,42.847633,-78.801834,1596234053,45,0,0,45304,
8306,45,99,45306,99,99999,9999,,9999,42.914322,-78.684845,1596233828,45,0,0,45306,
8309,45,99,45309,99,99999,9999,,9999,42.835201,-78.786278,1596233929,45,0,0,45309,
