1001,8,19,8004,0,120,443,wtfrt,445,42.885471,-78.875725,1596194208,8,8004,0,2091,
1004,22,19,22002,0,120,445,bstmn,447,42.903732,-78.843185,1596194215,22,22002,0,2045,
1005,0,0,66002,4,0,451,ehmal,451,42.963875,-78.738075,1596194241,66,66002,0,2057,
1007,48,20,8002,0,240,447,ehmal,451,42.956726,-78.718979,1596194244,8,8002,0,2002,
1008,18,19,18002,0,-240,437,spkls,433,42.871475,-78.862770,1596194210,18,18002,0,2040,
1010,24,20,12006,0,0,441,bagen,441,42.906151,-78.829788,1596194215,12,12006,0,2013,
1011,12,20,12001,0,0,450,ctyli,450,42.958706,-78.814751,1596194183,12,12001,0,2008,
1014,13,20,13002,0,60,447,winsp,448,42.930325,-78.829117,1596194193,13,13002,0,2033,
1017,26,19,26004,0,0,440,ngdlv,440,42.922104,-78.897980,1596194139,26,26004,0,2015,
1018,0,0,23009,4,-360,447,abtba,441,42.859814,-78.837646,1596194212,23,23009,0,2087,
1020,46,19,4001,0,0,437,dckbd,437,42.904308,-78.719757,1596194199,4,4001,0,1014,
1021,16,19,14001,0,180,438,rdgsp,441,42.826157,-78.823982,1596194247,14,14001,0,1032,
1022,70,19,2006,0,240,458,hrnmn,462,42.840343,-78.719910,1596194211,2,2006,0,1046,
1023,4,19,6004,0,0,439,bdmgn,439,42.887619,-78.864296,1596194249,6,6004,0,1024,
1026,6,20,6002,0,0,449,glrml,449,42.910416,-78.763641,1596193929,6,6002,0,1022,
1027,4,20,32001,0,-120,439,bdyfl,437,42.889763,-78.853912,1596194202,32,32001,0,1077,
1029,2,19,2005,0,0,441,cltfl,441,42.875351,-78.828522,1596194248,2,2005,0,1083,
1030,0,0,74002,4,-120,442,hrmhl,440,42.695641,-78.786797,1596194236,74,74002,0,1005,
1031,6,20,6001,0,-180,444,sycfl,441,42.889462,-78.865112,1596194235,6,6001,0,1021,
1032,19,20,19007,0,60,444,socam,445,42.950867,-78.813675,1596194231,19,19007,0,1085,
1033,74,19,6006,0,60,439,ellop,440,42.885033,-78.872444,1596194240,6,6006,0,1027,
1034,4,19,4004,0,0,445,tcbfl,445,42.883549,-78.872185,1596194233,4,4004,0,1017,
1037,2,19,2001,0,0,436,tcbfl,436,42.883411,-78.872299,1596194178,2,2001,0,1007,
1038,32,19,32004,0,120,443,brrtc,445,42.937611,-78.891762,1596194194,32,32004,0,1080,
1040,1,19,46001,0,-480,448,nolvj,440,42.885529,-78.754822,1596194217,46,46001,0,1101,
1042,42,20,42003,0,-780,445,shops,432,42.827969,-78.814308,1596194227,42,42003,0,1097,
1043,19,19,19002,0,120,442,abtba,444,42.872219,-78.820000,1596194237,19,19002,0,1066,
1044,70,19,70001,0,99999,9999,hrnmn,425,42.883575,-78.872261,1596193532,70,70001,1,1079,
1045,0,0,2007,4,-60,447,ctrbd,446,42.901340,-78.684586,1596194204,2,2007,0,1037,
1047,4,20,4003,0,0,437,twyml,437,42.903484,-78.783371,1596194248,4,4003,0,1016,
1049,32,19,32005,0,0,439,amsta,439,42.940224,-78.832024,1596194241,32,32005,0,1081,
1050,76,19,1002,0,-120,457,ellop,455,42.797089,-78.846764,1596194230,1,1002,0,1002,
1052,72,19,14002,0,0,437,4cors,437,42.760952,-78.744736,1596194234,14,14002,0,1033,
1055,18,20,18003,0,0,441,dlvst,441,42.922295,-78.856476,1596194201,18,18003,0,2016,
1057,26,20,26001,0,0,450,twyml,450,42.903267,-78.783371,1596194179,26,26001,0,2077,
1059,0,0,48003,4,120,448,socam,450,42.940746,-78.837341,1596194231,48,48003,0,2088,
1061,47,20,49001,0,0,444,airpt,444,42.934147,-78.730553,1596194207,49,49001,0,2099,
1062,26,19,26002,0,-60,445,dlvst,444,42.922489,-78.825661,1596194201,26,26002,0,2079,
1065,24,20,24001,0,0,457,airpt,457,42.934174,-78.730217,1596194171,24,24001,0,2064,
1105,24,19,47002,0,-60,457,marmn,456,42.932663,-78.767776,1596194242,47,47002,0,2092,
1106,13,20,8001,0,120,436,socam,438,42.954636,-78.820930,1596194246,8,8001,0,2001,
1107,0,0,24008,4,0,448,holtz,448,99.000000,999.000000,1596194194,24,24008,0,2058,
1108,12,19,12009,0,0,442,filut,442,42.914486,-78.824203,1596194213,12,12009,0,2018,
1109,0,0,67002,4,99999,9999,eccn,442,42.960438,-78.724709,1596194222,67,67002,0,2046,
1110,44,20,24005,0,99999,9999,lkpt,414,43.167816,-78.696014,1596194187,24,24005,0,2068,
1111,23,20,23006,0,0,449,bdyfl,449,42.857864,-78.831429,1596194218,23,23006,0,2054,
1112,44,20,44005,0,0,439,crspt,439,43.042854,-78.750618,1596194219,44,44005,0,2041,
1113,0,0,12011,4,-300,450,nghmp,445,42.911266,-78.867943,1596194236,12,12011,0,2021,
1114,24,19,24006,0,60,439,marmn,440,42.878159,-78.878738,1596194243,24,24006,0,2004,
1115,67,19,67001,0,0,445,balng,445,42.942509,-78.802582,1596194225,67,67001,0,2017,
1116,48,19,13001,0,120,458,socam,460,42.954773,-78.821114,1596194220,13,13001,0,2032,
1118,24,19,24002,0,-300,442,andrw,437,42.925732,-78.761452,1596194232,24,24002,0,2065,
1120,23,19,23008,0,-120,441,mnfil,439,42.946247,-78.832283,1596194247,23,23008,0,2056,
1122,49,19,48001,0,-120,444,shhop,442,42.984718,-78.697090,1596194228,48,48001,0,2094,
1123,44,20,44003,0,0,441,lkpt,441,43.169739,-78.689980,1596194055,44,44003,0,2085,
1124,8,20,18001,0,-60,436,socam,435,42.954609,-78.820747,1596194213,18,18001,0,2039,
1126,23,20,23007,0,-60,445,hrtpk,444,42.940224,-78.838348,1596194209,23,23007,0,2069,
1127,12,19,12007,0,0,437,nghmp,437,42.910854,-78.899879,1596194245,12,12007,0,2014,
1128,44,19,44002,0,0,440,socam,440,42.954826,-78.820450,1596194206,44,44002,0,2084,
1129,24,20,24003,0,180,444,genmn,447,42.882805,-78.872894,1596194193,24,24003,0,2066,
1130,0,0,12010,4,-60,436,ctyli,435,42.958622,-78.814079,1596194195,12,12010,0,2020,
1203,32,20,4002,0,-240,443,bflst,439,42.938164,-78.890091,1596194207,4,4002,0,1015,
1204,16,20,16001,0,60,440,mnbfl,441,42.724297,-78.825920,1596194196,16,16001,0,1051,
1205,0,0,42001,6,0,448,sogat,448,42.827721,-78.754486,1596194083,42,42001,0,1095,
1206,6,19,6005,0,0,444,wtfrt,444,42.880493,-78.874901,1596194225,6,6005,0,1084,
1207,32,19,32002,0,60,438,knhty,439,42.944927,-78.796143,1596194218,32,32002,0,1078,
1208,1,20,1001,0,60,437,nolvj,438,42.889736,-78.803215,1596194209,1,1001,0,1001,
1211,74,19,74001,0,0,437,athpr,437,42.773933,-78.861877,1596194243,74,74001,0,1071,
1212,0,0,14005,4,240,442,eccs,446,42.772724,-78.797256,1596194204,14,14005,0,1018,
1213,23,20,23001,0,-60,443,flfry,442,42.897545,-78.839279,1596194203,23,23001,0,2049,
1214,22,20,22001,0,-120,437,twyml,435,42.901669,-78.783821,1596194196,22,22001,0,2044,
1502,5,19,20009,0,120,446,ngvrg,448,42.911156,-78.899956,1596194205,20,20009,0,3023,
1504,5,19,5007,0,0,441,kenml,441,42.958706,-78.871216,1596194227,5,5007,0,3020,
1505,20,20,20006,0,0,446,dlwsh,446,42.961319,-78.878700,1596194223,20,20006,0,3041,
1507,25,20,5002,0,-360,447,dlwnr,441,42.883163,-78.874718,1596194216,5,5002,0,3015,
1508,5,19,5005,0,0,451,dlwkn,451,42.958073,-78.819519,1596194214,5,5005,0,3018,
1512,11,19,3003,0,-120,447,dlwdv,445,42.947788,-78.859642,1596194214,3,3003,0,3003,
1517,55,19,55034,0,-120,437,prtc,435,43.099396,-79.051598,1596194221,55,55034,0,3105,
1518,3,20,3005,0,60,446,frgrt,447,42.900379,-78.884506,1596194235,3,3005,0,3021,
1519,11,20,3004,0,0,439,tnind,439,43.013817,-78.859421,1596194138,3,3004,0,3004,
1520,50,19,50019,0,0,442,casno,442,43.088615,-79.039391,1596194220,50,50019,0,3089,
1601,34,20,11001,0,0,439,audbn,439,43.030781,-78.801537,1596193780,11,11001,0,3031,
1605,40,20,40003,0,-180,436,prtc,433,43.099369,-79.051674,1596194205,40,40003,0,3104,
1606,55,20,55031,0,120,453,nfia,455,43.100441,-78.980316,1596194239,55,55031,0,3101,
1609,25,19,25002,0,-120,448,mnngr,446,43.049316,-78.877357,1596194241,25,25002,0,3052,
1611,3,19,3007,0,0,445,ellop,445,42.882530,-78.872482,1596194096,3,3007,0,3006,
1615,60,19,60001,0,600,440,tcbfl,450,42.887894,-78.879669,1596194229,60,60001,0,3092,
1616,3,19,5004,0,0,440,sklmt,440,42.959751,-78.896194,1596194242,5,5004,0,3017,
1618,35,20,35003,0,0,444,nfbsh,444,42.980789,-78.864594,1596194218,35,35003,0,3042,
1620,40,20,40002,0,120,447,falls,449,43.064606,-78.990402,1596194221,40,40002,0,3077,
1622,34,19,34003,0,60,434,socam,435,42.957466,-78.818848,1596194235,34,34003,0,3098,
1623,61,19,25004,0,0,464,ellop,464,43.000778,-78.875313,1596194248,25,25004,0,3055,
1703,40,19,55032,0,0,442,tcbfl,442,42.883492,-78.872559,1596194239,55,55032,0,3102,
1704,0,0,55035,4,-240,465,prtc,461,42.990467,-78.920906,1596194203,55,55035,0,3106,
1705,5,19,5001,0,-120,436,ellop,434,42.882557,-78.872147,1596194203,5,5001,0,3014,
1714,20,19,20001,0,-120,437,ellop,435,42.882584,-78.872299,1596194230,20,20001,0,3036,
1715,52,19,52027,0,99999,9999,olopc,423,43.153542,-79.032684,1596194026,52,52027,0,3097,
1716,5,19,5008,0,120,444,ellop,446,42.882584,-78.872223,1596194182,5,5008,0,3022,
1717,12,20,12005,0,99999,9999,utica,438,42.911434,-78.865295,1596194149,12,12005,0,2012,
1718,47,20,24007,0,-120,445,mnun,443,42.964012,-78.802094,1596194220,24,24007,0,2035,
1722,12,20,12002,0,99999,9999,badlv,426,42.916851,-78.813675,1596193405,12,12002,0,2009,
1801,40,19,40004,0,0,460,tcbfl,460,42.945423,-78.907661,1596194231,40,40004,0,3078,
1803,60,19,40001,0,120,465,tcbfl,467,43.002651,-78.945740,1596194222,40,40001,0,3076,
1806,20,19,34005,0,60,437,elmdv,438,42.922321,-78.877136,1596194197,34,34005,0,3007,
1807,3,20,20004,0,60,440,sklmt,441,42.950703,-78.890465,1596194225,20,20004,0,3039,
1808,11,20,25003,0,60,445,clvkn,446,42.938244,-78.867310,1596194212,25,25003,0,3053,
1809,52,19,52026,0,0,447,prtc,447,43.097443,-79.025208,1596194242,52,52026,0,3096,
1810,25,19,3006,0,60,439,ellop,440,42.883026,-78.875496,1596194224,3,3006,0,3091,
1811,20,19,20010,0,0,438,elken,438,42.959202,-78.878807,1596194243,20,20010,0,3008,
1815,35,19,35002,0,0,475,brrtc,475,42.945313,-78.907059,1596194208,35,35002,0,3032,
1816,5,20,20003,0,60,449,socam,450,42.958649,-78.866302,1596194191,20,20003,0,3038,
1817,15,19,15004,0,180,447,lterr,450,42.883137,-78.879707,1596194215,15,15004,0,1070,
1818,2,20,2002,0,-360,436,fltbk,430,42.848869,-78.697617,1596194202,2,2002,0,1008,
1820,32,19,32008,0,0,445,ungen,445,42.910057,-78.759331,1596194245,32,32008,0,1004,
1822,32,20,32003,0,0,450,twyml,450,42.902824,-78.783630,1596194229,32,32003,0,1003,
1824,14,19,16003,0,0,443,mercy,443,42.829704,-78.804848,1596194212,16,16003,0,1053,
1902,0,0,5011,4,-300,445,brrtc,440,42.953369,-78.890129,1596194244,5,5011,0,3065,
1903,20,20,20005,0,0,442,orch,442,42.988377,-78.873077,1596193940,20,20005,0,3040,
1905,55,19,55033,0,-240,441,nfb56,437,43.089882,-78.972794,1596194211,55,55033,0,3103,
1906,25,20,5003,0,0,440,orch,440,42.975590,-78.871590,1596194192,5,5003,0,3016,
1907,5,20,5006,0,0,439,ngfry,439,42.908104,-78.898575,1596194224,5,5006,0,3019,
1908,35,19,35001,0,120,440,nfbsh,442,42.985901,-78.817429,1596194231,35,35001,0,3071,
1909,5,20,34002,0,0,449,kenml,449,42.948944,-78.908440,1596194137,34,34002,0,3064,
1910,11,19,20008,0,0,450,ellop,450,42.882614,-78.872368,1596194163,20,20008,0,3054,
1911,0,0,34004,6,420,451,hazwd,458,43.028858,-78.814972,1596194214,34,34004,0,3024,
1912,20,20,20007,0,-60,443,elmdv,442,42.903568,-78.877136,1596194191,20,20007,0,3005,
1914,20,19,25001,0,0,438,elmnr,438,42.902359,-78.877213,1596194232,25,25001,0,3051,
1915,0,0,34006,4,-120,442,tonvl,440,42.959255,-78.890762,1596194224,34,34006,0,3066,
1916,0,0,55036,4,300,461,nfia,466,42.961868,-78.888634,1596194181,55,55036,0,3107,
1918,5,19,3001,0,-180,440,brrtc,437,42.954441,-78.910118,1596194222,3,3001,0,3001,
1919,3,19,5010,0,60,439,trcem,440,42.893944,-78.880112,1596194248,5,5010,0,3033,
1920,3,19,3002,0,240,439,frgrt,443,42.918720,-78.890648,1596194205,3,3002,0,3002,
1921,5,20,20002,0,180,447,socam,450,42.954224,-78.820671,1596194138,20,20002,0,3037,
1922,25,19,5009,0,120,447,dlwdv,449,42.946163,-78.868423,1596194227,5,5009,0,3072,
2001,64,19,24004,0,360,461,mnaln,467,42.912010,-78.901924,1596194191,24,24004,0,2067,
2005,23,20,23004,0,60,442,brrtc,443,42.943085,-78.900360,1596194240,23,23004,0,2052,
2007,13,19,13003,0,-240,441,winsp,437,42.958542,-78.814270,1596194206,13,13003,0,2019,
2010,23,19,23003,0,240,440,abtba,444,42.860062,-78.838943,1596194210,23,23003,0,2051,
2011,23,20,23005,0,120,438,brrtc,440,42.945644,-78.907661,1596193999,23,23005,0,2053,
2129,2,20,2004,0,-60,437,trfrh,436,42.867737,-78.712502,1596194204,2,2004,0,1010,
2203,34,19,34001,0,0,445,socam,445,42.986343,-78.823204,1596194201,34,34001,0,3063,
2215,50,20,50018,0,240,467,nftc,471,43.100716,-78.980133,1596194237,50,50018,0,3088,
2218,50,19,50020,0,99999,9999,lwstn,408,43.172573,-79.038605,1596193981,50,50020,0,3090,
2502,14,20,14003,0,-240,457,spkls,453,42.899139,-78.870506,1596194234,14,14003,0,1034,
2503,19,19,19006,0,60,440,bagen,441,42.914841,-78.814079,1596194249,19,19006,0,1069,
2504,0,0,72001,4,360,434,eccs,440,42.772556,-78.797440,1596194038,72,72001,0,1073,
2507,76,19,76001,0,120,434,evgsp,436,42.594688,-79.091309,1596194027,76,76001,0,1026,
2508,69,19,69001,0,0,441,aptml,441,42.895428,-78.721878,1596194228,69,69001,0,1056,
2510,19,20,19005,0,-120,439,bdyba,437,42.889652,-78.814453,1596194232,19,19005,0,1055,
2511,46,19,46002,0,0,444,twyml,444,42.906811,-78.780807,1596194214,46,46002,0,1036,
2513,1,19,32007,0,0,445,tcbfl,445,42.886131,-78.876648,1596194224,32,32007,0,1072,
2514,16,20,16002,0,120,437,splke,439,42.797279,-78.824318,1596194204,16,16002,0,1052,
2515,2,20,2003,0,-60,438,clmgm,437,42.884346,-78.868683,1596194192,2,2003,0,1009,
2602,26,20,26003,0,0,439,badlv,439,42.922596,-78.813934,1596194240,26,26003,0,2078,
2603,23,19,23002,0,-180,447,hrtpk,444,42.947678,-78.876541,1596194239,23,23002,0,2050,
2604,12,19,12008,0,60,439,elmut,440,42.911266,-78.874641,1596194241,12,12008,0,2096,
2606,48,20,48002,0,99999,9999,ehmal,437,42.973557,-78.694038,1596193597,48,48002,0,2095,
2608,14,20,14004,0,-60,442,abtba,441,42.868202,-78.851158,1596194191,14,14004,0,1035,
2610,6,20,6003,0,120,426,glrml,428,42.903706,-78.783600,1596194235,6,6003,0,1023,
2612,0,0,14006,4,-60,444,unscr,443,42.860886,-78.754936,1596194227,14,14006,0,1038,
2613,15,19,15003,0,0,442,basen,442,42.858906,-78.814194,1596194219,15,15003,0,1045,
2615,42,19,42002,0,180,447,mohel,450,42.887012,-78.872559,1596194214,42,42002,0,1096,
2616,16,19,16004,0,120,453,bnmc,455,42.898563,-78.869019,1596194199,16,16004,0,1054,
2617,0,0,19004,6,720,452,socam,464,42.954334,-78.821114,1596194100,19,19004,0,1068,
2618,15,20,15001,0,0,443,sensm,443,42.881016,-78.869614,1596194194,15,15001,0,1043,
2619,19,20,19001,0,-120,445,wlmba,443,42.859623,-78.826439,1596194228,19,19001,0,1065,
2620,19,19,19003,0,0,443,baken,443,42.950317,-78.814117,1596194213,19,19003,0,1067,
2623,15,20,15002,0,0,438,sogat,438,42.827393,-78.754745,1596194043,15,15002,0,1044,
2624,32,20,32006,0,120,439,clwbr,441,42.944901,-78.789177,1596194242,32,32006,0,1082,
2627,16,19,16006,0,60,445,mowsh,446,42.879311,-78.875572,1596194212,16,16006,0,1057,
2628,14,19,16005,0,0,441,bnmc,441,42.890423,-78.868126,1596194205,16,16005,0,1025,
2630,75,19,75001,0,-60,447,scl,446,42.839355,-78.738373,1596194198,75,75001,0,1058,
2701,22,20,8003,0,-60,446,bstmn,445,42.902439,-78.890198,1596194208,8,8003,0,2003,
2702,12,20,12003,0,0,422,utica,422,42.910881,-78.839653,1596194233,12,12003,0,2010,
2703,8,20,44004,0,0,436,bstmn,436,42.904282,-78.868683,1596194242,44,44004,0,2086,
2704,47,19,47001,0,-120,435,eccn,433,42.949547,-78.740005,1596194202,47,47001,0,2034,
2705,66,19,66001,0,60,439,mnun,440,42.961922,-78.750992,1596194200,66,66001,0,2055,
2707,12,19,12004,0,-180,439,knegt,436,42.942314,-78.803772,1596194230,12,12004,0,2011,
2708,0,0,81001,4,240,432,socam,436,42.954994,-78.820374,1596194208,81,81001,0,2070,
2713,13,19,44001,0,60,444,utica,445,42.911572,-78.865410,1596194185,44,44001,0,2083,
8144,45,99,45091,99,99999,9999,,9999,42.954113,-78.820518,1596194194,45,0,0,45091,
8201,45,99,45201,99,99999,9999,,9999,42.789360,-78.809578,1596194194,45,0,0,45201,
8208,45,99,45208,99,99999,9999,,9999,42.932140,-78.697166,1596194238,45,0,0,45208,
8213,45,99,45213,99,99999,9999,,9999,42.990936,-78.830833,1596194226,45,0,0,45213,
8216,45,99,45216,99,99999,9999,,9999,42.934944,-78.841362,1596194220,45,0,0,45216,
8217,45,99,45217,99,99999,9999,,9999,42.892071,-78.874977,1596194222,45,0,0,45217,
8218,45,99,45218,99,99999,9999,,9999,42.903954,-78.866043,1596194197,45,0,0,45218,
8219,45,99,45219,99,99999,9999,,9999,42.923973,-78.842369,1596194229,45,0,0,45219,
8220,45,99,45220,99,99999,9999,,9999,42.877689,-78.779686,1596194222,45,0,0,45220,
8221,45,99,45221,99,99999,9999,,9999,43.023521,-78.822937,1596194234,45,0,0,45221,
8224,45,99,45224,99,99999,9999,,9999,42.976994,-78.781288,1596194239,45,0,0,45224,
8225,45,99,45225,99,99999,9999,,9999,42.948586,-78.768036,1596194246,45,0,0,45225,
8226,45,99,45226,99,99999,9999,,9999,42.827969,-78.754784,1596194007,45,0,0,45226,
8227,45,99,45227,99,99999,9999,,9999,42.944736,-78.833435,1596194236,45,0,0,45227,
8230,45,99,45230,99,99999,9999,,9999,42.993851,-78.875053,1596194225,45,0,0,45230,
8232,45,99,45232,99,99999,9999,,9999,43.040298,-78.874123,1596194245,45,0,0,45232,
8234,45,99,45234,99,99999,9999,,9999,42.871803,-78.756462,1596194216,45,0,0,45234,
8236,45,99,45236,99,99999,9999,,9999,99.000000,999.000000,1596184755,45,0,0,45236,
8237,45,99,45237,99,99999,9999,,9999,42.955597,-78.878029,1596194232,45,0,0,45237,
8238,45,99,45238,99,99999,9999,,9999,42.928730,-78.746185,1596194244,45,0,0,45238,
8239,45,99,45239,99,99999,9999,,9999,42.584373,-78.712914,1596194157,45,0,0,45239,
8240,45,99,45240,99,99999,9999,,9999,42.991623,-78.804070,1596194213,45,0,0,45240,
8241,45,99,45241,99,99999,9999,,9999,42.899609,-78.767220,1596194196,45,0,0,45241,
8301,45,99,45301,99,99999,9999,,9999,42.953674,-78.761223,1596194235,45,0,0,45301,
8302,45,99,45302,99,99999,9999,,9999,42.940392,-78.851379,1596194211,45,0,0,45302,
8308,45,99,45308,99,99999,9999,,9999,42.994591,-78.787170,1596194207,45,0,0,45308,
8310,45,99,45310,99,99999,9999,,9999,42.922653,-78.867828,1596193445,45,0,0,45310,
