1001,8,20,8004,0,0,481,amsta,481,42.927357,-78.851715,1596196581,8,8004,0,2091,
1004,22,20,22002,0,120,482,bstgn,484,42.903786,-78.854210,1596196589,22,22002,0,2045,
1005,66,19,66002,0,60,494,ellop,495,42.933128,-78.779984,1596196556,66,66002,0,2057,
1007,48,19,8002,0,-300,485,eccn,480,42.965527,-78.697090,1596196560,8,8002,0,2002,
1008,18,20,18002,0,180,468,dlvst,471,42.909424,-78.854057,1596196583,18,18002,0,2040,
1010,24,20,12006,0,0,484,airpt,484,42.934120,-78.730591,1596196589,12,12006,0,2013,
1011,12,19,12001,0,0,477,badlv,477,42.925236,-78.813744,1596196557,12,12001,0,2008,
1014,8,19,13002,0,120,481,dlvst,483,42.931976,-78.847061,1596196567,13,13002,0,2033,
1017,26,20,26004,0,120,479,twyml,481,42.903786,-78.780434,1596196571,26,26004,0,2015,
1018,23,20,23009,0,0,485,hrtpk,485,42.940693,-78.837418,1596196585,23,23009,0,2087,
1020,46,19,4001,0,0,477,twyml,477,42.902328,-78.783745,1596195562,4,4001,0,1014,
1021,16,19,14001,0,0,485,mowsh,485,42.887482,-78.872818,1596196323,14,14001,0,1032,
1022,0,0,2006,6,0,485,tcbfl,485,42.883465,-78.872368,1596196524,2,2006,0,1046,
1023,4,20,6004,0,120,477,bdyfl,479,42.892513,-78.841217,1596196564,6,6004,0,1024,
1026,6,19,6002,0,0,481,sycmg,481,42.895096,-78.847542,1596196600,6,6002,0,1022,
1027,4,20,32001,0,99999,9999,twyml,458,42.902714,-78.783707,1596195385,32,32001,1,1077,
1030,74,19,74002,0,300,492,ellop,497,42.839989,-78.857895,1596196611,74,74002,0,1005,
1031,6,20,6001,0,0,488,glrml,488,42.910278,-78.763641,1596196326,6,6001,0,1021,
1032,19,19,19007,0,0,481,wlmba,481,42.896061,-78.814194,1596196614,19,19007,0,1085,
1033,0,0,6006,6,99999,9999,glrml,470,42.910469,-78.763641,1596196528,6,6006,0,1027,
1034,4,20,4004,0,60,484,twyml,485,42.899963,-78.783524,1596196609,4,4004,0,1017,
1037,1,20,2001,0,0,478,aptml,478,42.885006,-78.755272,1596196568,2,2001,0,1007,
1038,32,20,32004,0,-360,481,dlwam,475,42.933239,-78.876984,1596196567,32,32004,0,1080,
1040,1,19,46001,0,0,500,tcbfl,500,42.883518,-78.872261,1596196591,46,46001,0,1101,
1042,15,19,42003,0,0,482,basen,482,42.858192,-78.813004,1596196601,42,42003,0,1097,
1043,19,20,19002,0,120,481,winsp,483,42.941105,-78.813637,1596196612,19,19002,0,1066,
1044,4,19,70001,0,0,477,bdyfl,477,42.893532,-78.836975,1596196558,70,70001,0,1079,
1045,69,19,2007,0,780,481,hrnmn,494,42.881924,-78.870506,1596196577,2,2007,0,1037,
1047,4,19,4003,0,0,480,tcbfl,480,42.883629,-78.872406,1596196564,4,4003,0,1016,
1049,32,19,32005,0,0,485,brrtc,485,42.945534,-78.906761,1596196079,32,32005,0,1081,
1050,1,20,1002,0,-60,481,wmmgn,480,42.885719,-78.874756,1596196605,1,1002,0,1002,
1052,0,0,14002,6,240,501,bnmc,505,42.898590,-78.868385,1596196609,14,14002,0,1033,
1055,18,20,18003,0,-240,489,genjf,485,42.872986,-78.860085,1596196573,18,18003,0,2016,
1056,47,20,24009,0,-120,484,mnun,482,42.964012,-78.793907,1596196587,24,24009,0,2047,
1057,22,19,26001,0,60,486,lkv,487,42.904694,-78.872040,1596196613,26,26001,0,2077,
1059,48,20,48003,0,0,480,eccn,480,42.966213,-78.722183,1596196606,48,48003,0,2088,
1061,47,19,49001,0,-120,483,mnegt,481,42.960217,-78.761261,1596196581,49,49001,0,2099,
1062,26,20,26002,0,-120,479,dlvst,477,42.922241,-78.870361,1596196574,26,26002,0,2079,
1065,24,19,24001,0,60,481,bagen,482,42.916824,-78.803436,1596196604,24,24001,0,2064,
1105,24,19,47002,0,60,460,marmn,461,42.954884,-78.819847,1596196399,47,47002,0,2092,
1106,8,19,8001,0,-60,477,wtfrt,476,42.878819,-78.882164,1596196562,8,8001,0,2001,
1107,24,19,24008,0,60,484,marmn,485,42.900791,-78.848175,1596196580,24,24008,0,2058,
1108,12,19,12009,0,180,479,nghmp,482,42.910828,-78.899879,1596196586,12,12009,0,2018,
1109,67,19,67002,0,60,496,ellop,497,42.931892,-78.815979,1596196595,67,67002,0,2046,
1110,64,19,24005,0,660,497,mnaln,508,42.980404,-78.910118,1596196560,24,24005,0,2068,
1111,23,20,23006,0,60,489,brrtc,490,42.947815,-78.861763,1596196591,23,23006,0,2054,
1112,44,19,44005,0,-180,491,mlptr,488,43.155579,-78.696831,1596196593,44,44005,0,2041,
1113,12,20,12011,0,0,476,filut,476,42.910717,-78.839134,1596196611,12,12011,0,2021,
1114,24,20,24006,0,0,480,bagen,480,42.905575,-78.831200,1596196559,24,24006,0,2004,
1116,13,19,13001,0,120,480,dlvgr,482,42.928894,-78.829269,1596196581,13,13001,0,2032,
1118,24,19,24002,0,-60,476,marmn,475,42.877304,-78.877731,1596196608,24,24002,0,2065,
1120,23,19,23008,0,-60,476,abtba,475,42.857643,-78.828674,1596196562,23,23008,0,2056,
1122,49,19,48001,0,0,478,socam,478,42.954662,-78.821045,1596196603,48,48001,0,2094,
1123,44,19,44003,0,0,480,wnbrg,480,43.008289,-78.773697,1596196608,44,44003,0,2085,
1124,48,20,18001,0,0,485,ehmal,485,42.973389,-78.693703,1596196228,18,18001,0,2039,
1126,23,19,23007,0,-120,491,hrtpk,489,42.943581,-78.898727,1596196582,23,23007,0,2069,
1127,12,20,12007,0,0,486,knegt,486,42.929554,-78.813637,1596196560,12,12007,0,2014,
1128,44,20,44002,0,0,481,mlptr,481,43.052094,-78.728920,1596196579,44,44002,0,2084,
1129,24,20,24003,0,0,487,airpt,487,42.934147,-78.730408,1596196387,24,24003,0,2066,
1130,12,19,12010,0,120,479,utica,481,42.911156,-78.858078,1596196568,12,12010,0,2020,
1203,32,20,4002,0,60,479,ungen,480,42.933239,-78.754265,1596196580,4,4002,0,1015,
1204,16,19,16001,0,-120,480,mcmal,478,42.783558,-78.823761,1596196569,16,16001,0,1051,
1205,42,19,42001,0,-180,481,tpodl,478,42.826099,-78.833473,1596196574,42,42001,0,1095,
1206,6,20,6005,0,-60,476,wldba,475,42.904804,-78.814003,1596196600,6,6005,0,1084,
1207,32,19,32002,0,180,481,brrtc,484,42.934891,-78.900955,1596196592,32,32002,0,1078,
1208,1,19,1001,0,-120,480,wmbck,478,42.887920,-78.814270,1596196583,1,1001,0,1001,
1211,0,0,74001,5,99999,9999,,9999,42.882584,-78.824432,1596196499,74,74001,0,1071,
1212,14,19,14005,0,180,478,abtba,481,42.856186,-78.824203,1596196578,14,14005,0,1018,
1213,23,20,23001,0,0,485,brrtc,485,42.945644,-78.907356,1596196576,23,23001,0,2049,
1214,26,19,22001,0,60,480,elmdv,481,42.922321,-78.866936,1596196590,22,22001,0,2044,
1502,20,20,20009,0,-240,483,elmnr,479,42.890450,-78.878441,1596196578,20,20009,0,3023,
1504,5,19,5007,0,0,479,ngvrg,479,42.896694,-78.887970,1596196594,5,5007,0,3020,
1505,20,19,20006,0,60,482,elmdv,483,42.933651,-78.877281,1596196597,20,20006,0,3041,
1507,25,20,5002,0,0,486,orch,486,42.988403,-78.873039,1596196410,5,5002,0,3015,
1508,5,19,5005,0,120,481,ngfry,483,42.928291,-78.897606,1596196588,5,5005,0,3018,
1512,11,19,3003,0,-60,476,ellop,475,42.882530,-78.872070,1596196588,3,3003,0,3003,
1517,55,20,55034,0,-240,491,nfia,487,43.100136,-78.978004,1596196594,55,55034,0,3105,
1518,3,19,3005,0,-120,482,sklmt,480,42.961510,-78.905388,1596196610,3,3005,0,3021,
1519,11,19,3004,0,60,483,dlwnr,484,42.918251,-78.868538,1596196510,3,3004,0,3004,
1520,50,19,50019,0,0,477,olopc,477,43.154285,-79.034698,1596196533,50,50019,0,3089,
1601,34,19,11001,0,540,471,socam,480,42.954964,-78.820000,1596196330,11,11001,0,3031,
1605,40,19,40003,0,0,478,brrtc,478,42.949467,-78.908363,1596196579,40,40003,0,3104,
1606,55,20,55031,0,0,484,boces,484,43.145786,-78.866005,1596196613,55,55031,0,3101,
1609,25,19,25002,0,-120,483,dlwdv,481,42.940830,-78.867828,1596196557,25,25002,0,3052,
1611,3,20,3007,0,0,483,sklmt,483,42.937336,-78.889198,1596196571,3,3007,0,3006,
1616,3,19,5004,0,180,499,ellop,502,42.882530,-78.872444,1596196568,5,5004,0,3017,
1618,35,19,35003,0,-120,476,flint,474,43.000202,-78.789108,1596196591,35,35003,0,3042,
1620,40,20,40002,0,0,499,prtc,499,43.099422,-79.051559,1596195345,40,40002,0,3077,
1622,34,20,34003,0,180,474,hazwd,477,43.012524,-78.822456,1596196611,34,34003,0,3098,
1623,61,19,25004,0,0,490,ellop,490,42.882584,-78.872299,1596196407,25,25004,0,3055,
1703,40,20,55032,0,-240,485,giplz,481,42.981972,-78.935165,1596196614,55,55032,0,3102,
1704,55,20,55035,0,-240,478,casno,474,43.093098,-79.057816,1596196516,55,55035,0,3106,
1705,20,20,5001,0,120,479,orch,481,42.981449,-78.872368,1596196576,5,5001,0,3014,
1714,5,20,20001,0,0,479,kenml,479,42.959007,-78.895042,1596196605,20,20001,0,3036,
1715,52,19,52027,0,99999,9999,olopc,423,43.100769,-78.979980,1596196577,52,52027,0,3097,
1716,11,20,5008,0,0,477,clvkn,477,42.956669,-78.858856,1596196583,5,5008,0,3022,
1717,12,20,12005,0,120,477,socam,479,42.954636,-78.820595,1596196585,12,12005,0,2012,
1718,47,20,24007,0,99999,9999,eccn,454,42.938576,-78.717896,1596196612,24,24007,0,2035,
1722,12,20,12002,0,99999,9999,badlv,426,42.916851,-78.813675,1596193405,12,12002,0,2009,
1801,40,20,40004,0,-180,498,brrtc,495,42.887699,-78.879333,1596196608,40,40004,0,3078,
1802,0,0,3008,4,-120,481,tonvl,479,42.959034,-78.890160,1596196585,3,3008,0,3093,
1803,60,19,40001,0,660,491,tcbfl,502,42.882584,-78.872368,1596196536,40,40001,0,3076,
1806,5,20,34005,0,60,483,ngfry,484,42.901066,-78.891953,1596196570,34,34005,0,3007,
1807,3,19,20004,0,60,481,frgrt,482,42.924358,-78.889900,1596196572,20,20004,0,3039,
1808,11,19,25003,0,-180,487,prpky,484,43.014858,-78.849518,1596196586,25,25003,0,3053,
1809,52,19,52026,0,0,495,olopc,495,43.154396,-79.035141,1596196542,52,52026,0,3096,
1810,3,20,3006,0,60,481,frgrt,482,42.908051,-78.891693,1596196598,3,3006,0,3091,
1811,20,19,20010,0,0,480,ellop,480,42.882584,-78.872185,1596196499,20,20010,0,3008,
1815,35,20,35002,0,99999,9999,wtrgt,478,42.945614,-78.907059,1596196582,35,35002,0,3032,
1816,5,20,20003,0,180,462,socam,465,42.958679,-78.856216,1596196565,20,20003,0,3038,
1817,15,20,15004,0,60,485,sogat,486,42.842186,-78.788101,1596196589,15,15004,0,1070,
1818,2,19,2002,0,180,485,tcbfl,488,42.885803,-78.871330,1596196575,2,2002,0,1008,
1820,32,19,32008,0,0,484,dlwam,484,42.940361,-78.843971,1596196561,32,32008,0,1004,
1822,32,19,32003,0,-60,480,clwbr,479,42.944901,-78.755379,1596196604,32,32003,0,1003,
1824,14,19,16003,0,0,501,bnmc,501,42.898590,-78.868759,1596196572,16,16003,0,1053,
1902,35,20,5011,0,-60,480,nfbsh,479,42.980732,-78.846092,1596196560,5,5011,0,3065,
1903,20,19,20005,0,-120,479,elmnr,477,42.909039,-78.877213,1596196574,20,20005,0,3040,
1904,0,0,55037,4,-60,491,prtc,490,43.080723,-79.050034,1596196575,55,55037,0,3056,
1905,40,19,55033,0,-300,476,casno,471,43.088531,-79.059303,1596196524,55,55033,0,3103,
1906,61,19,5003,0,180,486,ellop,489,42.927879,-78.898689,1596196566,5,5003,0,3016,
1907,5,20,5006,0,300,478,socam,483,42.955486,-78.821114,1596196598,5,5006,0,3019,
1908,35,19,35001,0,0,530,brrtc,530,42.945339,-78.907173,1596196605,35,35001,0,3071,
1909,5,20,34002,0,0,480,socam,480,42.954250,-78.820709,1596196092,34,34002,0,3064,
1910,20,20,20008,0,120,484,elken,486,42.940720,-78.878510,1596196595,20,20008,0,3054,
1911,34,19,34004,0,-60,484,nfbma,483,43.031029,-78.821976,1596196588,34,34004,0,3024,
1912,20,20,20007,0,-240,476,orch,472,42.988350,-78.873116,1596196565,20,20007,0,3005,
1914,25,20,25001,0,0,478,dlwdv,478,42.920563,-78.867493,1596196606,25,25001,0,3051,
1915,3,19,34006,0,180,479,trcem,482,42.896801,-78.882866,1596196599,34,34006,0,3066,
1916,55,19,55036,0,0,477,mlnfb,477,43.095409,-78.953629,1596196505,55,55036,0,3107,
1918,5,19,3001,0,0,490,ellop,490,42.882477,-78.872185,1596196596,3,3001,0,3001,
1919,5,20,5010,0,-60,486,brrtc,485,42.916245,-78.899246,1596196566,5,5010,0,3033,
1920,3,19,3002,0,-60,476,ellop,475,42.882557,-78.872597,1596196578,3,3002,0,3002,
1921,5,19,20002,0,120,484,brrtc,486,42.951473,-78.904716,1596196570,20,20002,0,3037,
1922,25,19,5009,0,0,480,ellop,480,42.882584,-78.872147,1596196541,5,5009,0,3072,
2001,0,0,24004,6,1620,471,socam,498,42.955158,-78.820595,1596196220,24,24004,0,2067,
2005,23,19,23004,0,0,483,mnfil,483,42.947594,-78.844269,1596196569,23,23004,0,2052,
2007,13,19,13003,0,0,475,utica,475,42.911652,-78.865112,1596196118,13,13003,0,2019,
2010,23,20,23003,0,-60,482,flfry,481,42.897491,-78.839539,1596196594,23,23003,0,2051,
2011,23,19,23005,0,0,476,flfry,476,42.915337,-78.839691,1596196567,23,23005,0,2053,
2129,2,19,2004,0,0,484,cltun,484,42.867928,-78.712799,1596196531,2,2004,0,1010,
2203,0,0,34001,6,60,486,hazwd,487,42.996849,-78.814903,1596196590,34,34001,0,3063,
2215,50,19,50018,0,-240,481,mlnfb,477,43.097168,-78.975327,1596196564,50,50018,0,3088,
2218,50,20,50020,0,-180,481,bfhyd,478,43.088421,-79.033730,1596196597,50,50020,0,3090,
2502,14,20,14003,0,0,478,shops,478,42.829288,-78.788139,1596196614,14,14003,0,1034,
2503,19,20,19006,0,-60,478,bdyba,477,42.889790,-78.814415,1596196575,19,19006,0,1069,
2504,72,19,72001,0,-120,478,slade,476,42.833580,-78.783371,1596196602,72,72001,0,1073,
2507,76,19,76001,0,0,476,athpr,476,42.775196,-78.858635,1596196585,76,76001,0,1026,
2508,0,0,69001,5,1020,9999,,9999,42.881596,-78.826141,1596196494,69,69001,0,1056,
2510,19,20,19005,0,240,462,socam,466,42.889874,-78.814491,1596196558,19,19005,0,1055,
2511,46,19,46002,0,-120,476,wldtr,474,42.911816,-78.697617,1596196602,46,46002,0,1036,
2513,2,20,32007,0,0,479,cltba,479,42.877056,-78.833511,1596196610,32,32007,0,1072,
2514,16,19,16002,0,0,480,abtba,480,42.850025,-78.824318,1596196528,16,16002,0,1052,
2515,2,20,2003,0,240,488,fltbk,492,42.848869,-78.698242,1596196578,2,2003,0,1009,
2602,26,20,26003,0,180,472,twyml,475,42.903183,-78.783783,1596196217,26,26003,0,2078,
2603,23,19,23002,0,120,478,abtba,480,42.860806,-78.839874,1596196568,23,23002,0,2050,
2604,12,20,12008,0,-360,482,elmut,476,42.911514,-78.882385,1596196569,12,12008,0,2096,
2606,48,19,48002,0,180,487,socam,490,42.955101,-78.820450,1596196559,48,48002,0,2095,
2608,14,20,14004,0,0,504,eccs,504,42.772556,-78.797440,1596196575,14,14004,0,1035,
2610,6,19,6003,0,0,480,wtfrt,480,42.880165,-78.883095,1596196563,6,6003,0,1023,
2612,75,19,14006,0,-180,484,basen,481,42.855469,-78.810097,1596196613,14,14006,0,1038,
2613,15,20,15003,0,0,483,sensm,483,42.881981,-78.871407,1596196593,15,15003,0,1045,
2615,42,20,42002,0,-60,482,lcvtc,481,42.827034,-78.845757,1596196584,42,42002,0,1096,
2616,14,20,16004,0,-120,478,spkls,476,42.871723,-78.865036,1596196585,16,16004,0,1054,
2617,19,19,19004,0,0,485,bagen,485,42.931946,-78.813896,1596196605,19,19004,0,1068,
2618,15,20,15001,0,120,476,sogat,478,42.827446,-78.754715,1596196042,15,15001,0,1043,
2619,19,20,19001,0,180,477,socam,480,42.954361,-78.821152,1596196614,19,19001,0,1065,
2620,19,19,19003,0,300,479,abtba,484,42.857586,-78.828972,1596196541,19,19003,0,1067,
2623,15,19,15002,0,240,486,lterr,490,42.883053,-78.879852,1596196608,15,15002,0,1044,
2624,32,20,32006,0,240,496,twyml,500,42.902935,-78.783928,1596196570,32,32006,0,1082,
2627,16,20,16006,0,-180,481,spkls,478,42.879395,-78.869057,1596196600,16,16006,0,1057,
2628,16,20,16005,0,-120,479,abtba,477,42.857780,-78.831726,1596196589,16,16005,0,1025,
2630,75,19,75001,0,420,468,hrnmn,475,42.884979,-78.838722,1596196583,75,75001,0,1058,
2701,22,20,8003,0,0,481,twyml,481,42.903320,-78.783669,1596196538,8,8003,0,2003,
2702,12,20,12003,0,120,478,ctyli,480,42.958733,-78.814865,1596196323,12,12003,0,2010,
2703,44,20,44004,0,-60,480,flint,479,42.987553,-78.791862,1596196570,44,44004,0,2086,
2704,81,19,47001,0,0,486,dlvgr,486,42.936951,-78.816429,1596196586,47,47001,0,2034,
2707,12,19,12004,0,-120,481,nghmp,479,42.915337,-78.889381,1596196556,12,12004,0,2011,
2713,13,20,44001,0,0,478,winsp,478,42.947292,-78.813896,1596196571,44,44001,0,2083,
6015,444,99,444444,99,99999,9999,,9999,42.883739,-78.871735,1596195579,444,0,0,444444,
8201,45,99,45201,99,99999,9999,,9999,42.817959,-78.824280,1596196580,45,0,0,45201,
8208,45,99,45208,99,99999,9999,,9999,43.022697,-78.738594,1596195849,45,0,0,45208,
8211,45,99,45211,99,99999,9999,,9999,42.881432,-78.868797,1596196529,45,0,0,45211,
8213,45,99,45213,99,99999,9999,,9999,42.991676,-78.785866,1596196552,45,0,0,45213,
8216,45,99,45216,99,99999,9999,,9999,42.922020,-78.898613,1596196603,45,0,0,45216,
8217,45,99,45217,99,99999,9999,,9999,42.992367,-78.817467,1596196609,45,0,0,45217,
8218,45,99,45218,99,99999,9999,,9999,42.917702,-78.843559,1596196581,45,0,0,45218,
8219,45,99,45219,99,99999,9999,,9999,42.983868,-78.872963,1596196555,45,0,0,45219,
8220,45,99,45220,99,99999,9999,,9999,42.950977,-78.856102,1596196606,45,0,0,45220,
8221,45,99,45221,99,99999,9999,,9999,43.014694,-78.842590,1596196320,45,0,0,45221,
8224,45,99,45224,99,99999,9999,,9999,43.120213,-78.692436,1596196567,45,0,0,45224,
8225,45,99,45225,99,99999,9999,,9999,42.933128,-78.777229,1596196572,45,0,0,45225,
8226,45,99,45226,99,99999,9999,,9999,99.000000,999.000000,1596196575,45,0,0,45226,
8227,45,99,45227,99,99999,9999,,9999,42.791588,-78.812294,1596196501,45,0,0,45227,
8229,45,99,45229,99,99999,9999,,9999,42.964012,-78.842888,1596196594,45,0,0,45229,
8230,45,99,45230,99,99999,9999,,9999,42.966240,-78.720802,1596196611,45,0,0,45230,
8231,45,99,45231,99,99999,9999,,9999,42.959282,-78.891655,1596196608,45,0,0,45231,
8232,45,99,45232,99,99999,9999,,9999,42.997864,-78.826553,1596196572,45,0,0,45232,
8233,45,99,45233,99,99999,9999,,9999,99.000000,999.000000,1596195388,45,0,0,45233,
8234,45,99,45234,99,99999,9999,,9999,42.943855,-78.834290,1596196601,45,0,0,45234,
8236,45,99,45236,99,99999,9999,,9999,99.000000,999.000000,1596184755,45,0,0,45236,
8237,45,99,45237,99,99999,9999,,9999,42.955654,-78.877991,1596196557,45,0,0,45237,
8238,45,99,45238,99,99999,9999,,9999,42.943581,-78.908142,1596196571,45,0,0,45238,
8239,45,99,45239,99,99999,9999,,9999,42.975727,-78.785126,1596196603,45,0,0,45239,
8240,45,99,45240,99,99999,9999,,9999,42.935139,-78.827446,1596196598,45,0,0,45240,
8241,45,99,45241,99,99999,9999,,9999,42.937557,-78.867569,1596196582,45,0,0,45241,
8301,45,99,45301,99,99999,9999,,9999,43.000229,-78.692474,1596196381,45,0,0,45301,
8302,45,99,45302,99,99999,9999,,9999,42.876205,-78.830681,1596196596,45,0,0,45302,
8308,45,99,45308,99,99999,9999,,9999,43.031113,-78.753296,1596196590,45,0,0,45308,
8310,45,99,45310,99,99999,9999,,9999,42.864849,-78.787689,1596196130,45,0,0,45310,
