1003,23,20,23010,0,-120,573,flfry,571,42.914375,-78.839020,1596202406,23,23010,0,2042,
1004,26,20,22002,0,180,575,badlv,578,42.922569,-78.818100,1596202386,22,22002,0,2045,
1010,12,19,12006,0,0,576,filut,576,42.910442,-78.832504,1596202386,12,12006,0,2013,
1011,12,20,12001,0,120,576,knegt,578,42.935139,-78.798965,1596202352,12,12001,0,2008,
1014,8,20,13002,0,0,580,socam,580,42.958649,-78.814568,1596200968,13,13002,0,2033,
1018,0,0,23009,5,0,583,colds,583,42.887562,-78.839241,1596202373,23,23009,0,2087,
1020,4,20,4001,0,840,546,twyml,560,42.902328,-78.783745,1596202368,4,4001,0,1014,
1021,14,19,14001,0,-120,577,mcmal,575,42.788452,-78.801315,1596202357,14,14001,0,1032,
1022,2,19,2006,0,60,575,cltun,576,42.861355,-78.754639,1596202380,2,2006,0,1046,
1023,46,19,6004,0,480,570,twyml,578,42.908684,-78.771942,1596202358,6,6004,0,1024,
1026,6,20,6002,0,0,578,glrml,578,42.910469,-78.763611,1596202042,6,6002,0,1022,
1027,32,19,32001,0,0,575,brrtc,575,42.945396,-78.906914,1596202075,32,32001,0,1077,
1031,6,20,6001,0,-120,585,sycmg,583,42.879753,-78.882088,1596202383,6,6001,0,1021,
1032,19,20,19007,0,960,544,socam,560,42.938164,-78.813744,1596202401,19,19007,0,1085,
1033,6,20,6006,0,0,574,twyml,574,42.905659,-78.784195,1596202350,6,6006,0,1027,
1034,4,20,4004,0,180,576,twyml,579,42.903732,-78.782700,1596202404,4,4004,0,1017,
1037,2,20,2001,0,60,577,fern,578,42.871971,-78.817841,1596202317,2,2001,0,1007,
1038,32,19,32004,0,-360,576,ungen,570,42.916382,-78.754120,1596202362,32,32004,0,1080,
1040,4,20,46001,0,-180,573,twyml,570,42.902523,-78.783745,1596202388,46,46001,0,1101,
1042,15,20,42003,0,-180,573,sogat,570,42.827614,-78.754486,1596202398,42,42003,0,1097,
1043,19,20,19002,0,-180,579,wlmba,576,42.865536,-78.824692,1596202408,19,19002,0,1066,
1044,32,20,32002,0,-60,580,glrml,579,42.921799,-78.754265,1596202353,32,32002,0,1078,
1045,2,19,2007,0,60,584,tcbfl,585,42.884949,-78.867981,1596202373,2,2007,0,1037,
1046,0,0,15005,4,120,578,lterr,580,42.883163,-78.879738,1596202362,15,15005,0,1019,
1047,4,19,4003,0,0,577,bdyfl,577,42.895069,-78.828300,1596202358,4,4003,0,1016,
1049,32,20,32005,0,0,580,twyml,580,42.901917,-78.783783,1596201997,32,32005,0,1081,
1050,1,19,1002,0,0,577,tcbfl,577,42.883492,-78.872299,1596201810,1,1002,0,1002,
1052,14,19,14002,0,0,578,abtba,578,42.852032,-78.817467,1596202404,14,14002,0,1033,
1055,18,19,18003,0,0,582,spkls,582,42.887947,-78.854057,1596202369,18,18003,0,2016,
1056,24,19,24009,0,60,579,marmn,580,42.877277,-78.877731,1596202384,24,24009,0,2047,
1057,26,19,26001,0,-360,578,gnhar,572,42.906620,-78.780617,1596202408,26,26001,0,2077,
1061,49,19,49001,0,0,573,mlpsh,573,42.979523,-78.798370,1596202377,49,49001,0,2099,
1062,26,19,26002,0,-120,577,ngdlv,575,42.922104,-78.887520,1596202370,26,26002,0,2079,
1065,24,19,24001,0,-60,580,ungen,579,42.933956,-78.723038,1596202399,24,24001,0,2064,
1066,155,20,155001,0,0,575,quain,575,43.081436,-78.976074,1596202391,155,155001,0,3112,
1106,8,19,8001,0,0,572,dlvst,572,42.920509,-78.859154,1596202356,8,8001,0,2001,
1107,47,19,24008,0,0,573,mnun,573,42.957603,-78.754745,1596202376,24,24008,0,2058,
1108,12,19,12009,0,-180,573,knegt,570,42.942341,-78.803436,1596202382,12,12009,0,2018,
1111,23,19,23006,0,0,585,abtba,585,42.857616,-78.828674,1596202093,23,23006,0,2054,
1112,48,20,44005,0,60,578,eccn,579,42.964836,-78.732307,1596202390,44,44005,0,2041,
1113,12,19,12011,0,-60,575,elmut,574,42.911297,-78.871407,1596202347,12,12011,0,2021,
1116,13,19,13001,0,-180,574,dlvgr,571,42.925209,-78.830383,1596202378,13,13001,0,2032,
1118,24,19,24002,0,-120,574,bagen,572,42.914101,-78.810135,1596202403,24,24002,0,2065,
1120,23,19,23008,0,-60,572,mnfil,571,42.939125,-78.839241,1596202357,23,23008,0,2056,
1122,48,19,48001,0,0,573,mnegt,573,42.964481,-78.801094,1596202398,48,48001,0,2094,
1123,48,20,44003,0,0,573,ehmal,573,42.973610,-78.693703,1596202403,44,44003,0,2085,
1124,0,0,18001,6,-120,540,spkls,538,42.871502,-78.862839,1596202206,18,18001,0,2039,
1126,23,20,23007,0,120,585,brrtc,587,42.947788,-78.865593,1596202379,23,23007,0,2069,
1127,12,19,12007,0,60,590,nghmp,591,42.910774,-78.899879,1596202355,12,12007,0,2014,
1128,44,19,44002,0,1020,564,socam,581,42.955212,-78.820374,1596202317,44,44002,0,2084,
1129,24,20,24003,0,120,572,genfl,574,42.903786,-78.835632,1596202362,24,24003,0,2066,
1130,12,19,12010,0,-180,577,socam,574,42.958431,-78.816765,1596202404,12,12010,0,2020,
1203,4,19,4002,0,0,595,tcbfl,595,42.883465,-78.872337,1596202376,4,4002,0,1015,
1204,16,20,16001,0,-60,576,spkls,575,42.877415,-78.870247,1596202365,16,16001,0,1051,
1205,0,0,42001,5,-180,584,babck,581,42.866661,-78.791412,1596202369,42,42001,0,1095,
1208,1,20,1001,0,60,578,aptml,579,42.888554,-78.751137,1596202380,1,1001,0,1001,
1213,23,20,23001,0,-120,580,bdyfl,578,42.868286,-78.846054,1596202372,23,23001,0,2049,
1214,22,19,22001,0,-180,580,lkv,577,42.904751,-78.877136,1596202388,22,22001,0,2044,
1301,155,19,155002,0,0,577,aquar,577,43.095104,-79.040054,1596202367,155,155002,0,3113,
1501,0,0,20011,4,99999,9999,ellop,520,42.882584,-78.872261,1596198839,20,20011,0,3043,
1502,0,0,20009,5,-60,592,front,591,42.882477,-78.873116,1596202377,20,20009,0,3023,
1504,5,20,5007,0,0,570,socam,570,42.955048,-78.820518,1596202391,5,5007,0,3020,
1505,25,20,20006,0,0,607,mnngr,607,43.020554,-78.879555,1596202217,20,20006,0,3041,
1507,20,20,5002,0,-360,580,elmnr,574,42.889351,-78.878807,1596202387,5,5002,0,3015,
1508,5,20,5005,0,120,581,kenml,583,42.955269,-78.906731,1596202385,5,5005,0,3018,
1517,50,20,55034,0,99999,9999,bfhyd,568,43.094364,-79.015755,1596202393,55,55034,1,3105,
1519,3,20,3004,0,60,585,tonvl,586,42.960079,-78.907471,1596202395,3,3004,0,3004,
1520,0,0,50019,6,0,597,nfia,597,43.101624,-78.939598,1596202154,50,50019,0,3089,
1601,11,20,11001,0,-180,579,dlwnr,576,42.887726,-78.877655,1596202365,11,11001,0,3031,
1606,55,19,55031,0,0,580,prtc,580,43.099396,-79.051521,1596202172,55,55031,0,3101,
1609,5,20,25002,0,0,573,dlwkn,573,42.958649,-78.873413,1596202351,25,25002,0,3052,
1611,5,20,3007,0,-300,579,ngfry,574,42.901009,-78.891876,1596202366,3,3007,0,3006,
1614,25,19,25005,0,0,580,ellop,580,42.882477,-78.872185,1596202287,25,25005,0,3044,
1615,0,0,40008,4,600,590,tcbfl,600,42.942699,-78.901031,1596202375,40,40008,0,3080,
1616,11,20,5004,0,0,570,tnind,570,43.013844,-78.859421,1596202353,5,5004,0,3017,
1620,0,0,40002,6,99999,9999,ellop,580,42.883327,-78.872368,1596202333,40,40002,0,3077,
1623,25,19,25004,0,0,577,dlwdv,577,42.935467,-78.866493,1596202383,25,25004,0,3055,
1703,55,20,55032,0,180,580,mlnfb,583,43.089798,-78.992821,1596202409,55,55032,0,3102,
1704,55,19,55035,0,60,585,prtc,586,43.084324,-79.059006,1596202398,55,55035,0,3106,
1705,20,19,5001,0,-120,572,ellop,570,42.882530,-78.872040,1596202336,5,5001,0,3014,
1714,5,19,20001,0,0,600,ellop,600,42.882557,-78.872223,1596202341,20,20001,0,3036,
1715,52,19,52027,0,99999,9999,olopc,423,43.135475,-79.037491,1596202372,52,52027,0,3097,
1717,12,19,12005,0,120,574,nghmp,576,42.910912,-78.899841,1596202381,12,12005,0,2012,
1718,24,20,24007,0,0,573,ungen,573,42.927078,-78.753815,1596202407,24,24007,0,2035,
1722,12,19,12002,0,99999,9999,elmut,514,42.911297,-78.870247,1596198623,12,12002,0,2009,
1802,3,19,3003,0,-1020,578,trcem,561,42.902359,-78.888008,1596202381,3,3003,0,3003,
1803,40,20,40001,0,0,574,prtc,574,43.099396,-79.051598,1596202394,40,40001,0,3076,
1806,34,20,34005,0,60,579,hazwd,580,43.045055,-78.809990,1596202248,34,34005,0,3007,
1807,20,20,20004,0,0,582,orch,582,42.988403,-78.873039,1596202073,20,20004,0,3039,
1808,25,20,25003,0,0,581,dlwkn,581,42.934891,-78.865898,1596202382,25,25003,0,3053,
1809,52,19,52026,0,-120,573,pnhyd,571,43.095215,-79.023232,1596202398,52,52026,0,3096,
1812,40,20,40006,0,0,578,giplz,578,42.995583,-78.931404,1596202355,40,40006,0,3009,
1813,40,19,40005,0,0,580,ngvln,580,43.000286,-78.940300,1596202354,40,40005,0,3079,
1815,35,19,35002,0,60,578,wtrgt,579,42.957054,-78.912605,1596202379,35,35002,0,3032,
1816,3,20,20003,0,-120,576,frgrt,574,42.907581,-78.891243,1596202359,20,20003,0,3038,
1818,1,19,2002,0,0,579,wmmgn,579,42.885086,-78.843895,1596202371,2,2002,0,1008,
1820,32,20,32009,0,0,578,amhba,578,42.940197,-78.836380,1596202375,32,32009,0,1102,
1821,0,0,16007,4,-60,581,bnmc,580,42.897461,-78.863922,1596202392,16,16007,0,1055,
1824,16,19,16003,0,-60,580,rdgsp,579,42.797939,-78.823799,1596202368,16,16003,0,1053,
1902,34,19,5011,0,120,568,socam,570,42.955132,-78.821007,1596202355,5,5011,0,3065,
1903,20,19,20005,0,-180,586,elmdv,583,42.954800,-78.878441,1596202369,20,20005,0,3040,
1904,55,20,55037,0,-120,572,nfia,570,43.100937,-78.941086,1596202370,55,55037,0,3056,
1905,0,0,55033,6,99999,9999,ellop,565,42.885941,-78.876617,1596202380,55,55033,0,3103,
1906,5,20,5003,0,180,582,socam,585,42.955132,-78.820221,1596202374,5,5003,0,3016,
1907,5,19,5006,0,0,585,ellop,585,42.882584,-78.872406,1596202277,5,5006,0,3019,
1908,35,20,35001,0,60,575,flint,576,42.997948,-78.789139,1596202401,35,35001,0,3071,
1909,34,19,34002,0,0,574,audbn,574,43.034988,-78.799713,1596202364,34,34002,0,3064,
1910,0,0,20008,5,99999,9999,,9999,42.959145,-78.891205,1596202333,20,20008,0,3054,
1912,20,20,20007,0,120,571,orch,573,42.980927,-78.885101,1596202360,20,20007,0,3005,
1914,25,19,25001,0,-60,578,mnngr,577,43.028858,-78.875534,1596202402,25,25001,0,3051,
1915,3,19,34006,0,-60,585,frgrt,584,42.946331,-78.891281,1596202396,34,34006,0,3066,
1916,55,20,55036,0,60,573,nfia,574,43.101486,-78.939445,1596202360,55,55036,0,3107,
1917,20,19,20012,0,120,575,elmnr,577,42.904419,-78.877213,1596202408,20,20012,0,3025,
1918,3,19,3001,0,-60,577,trcem,576,42.901531,-78.887299,1596202393,3,3001,0,3001,
1919,5,19,5010,0,120,575,ngvrg,577,42.898205,-78.889343,1596202358,5,5010,0,3033,
1920,11,19,3002,0,0,580,ellop,580,42.882557,-78.872147,1596202374,3,3002,0,3002,
1921,20,20,20002,0,120,575,elken,577,42.955101,-78.878212,1596202366,20,20002,0,3037,
1922,5,19,5009,0,0,587,brrtc,587,42.961098,-78.890610,1596202398,5,5009,0,3072,
2001,8,20,24004,0,240,579,socam,583,42.941296,-78.837044,1596202377,24,24004,0,2067,
2005,23,20,23004,0,240,601,brrtc,605,42.945671,-78.907356,1596202313,23,23004,0,2052,
2007,13,20,13003,0,-360,579,flfry,573,42.915257,-78.859978,1596202399,13,13003,0,2019,
2010,23,19,23003,0,60,576,abtba,577,42.865314,-78.846764,1596202387,23,23003,0,2051,
2011,23,20,23005,0,-120,587,brrtc,585,42.945644,-78.907623,1596202193,23,23005,0,2053,
2129,1,20,2004,0,-120,578,wmmgn,576,42.885857,-78.875793,1596202390,2,2004,0,1010,
2203,5,19,34001,0,0,582,ngfry,582,42.941021,-78.905983,1596202389,34,34001,0,3063,
2215,52,20,50018,0,-360,571,prtc,565,43.108582,-79.030716,1596202355,50,50018,0,3088,
2218,50,19,50020,0,300,568,nuniv,573,43.139874,-79.037453,1596202396,50,50020,0,3090,
2502,14,20,14003,0,-240,590,spkls,586,42.896748,-78.864441,1596202408,14,14003,0,1034,
2503,19,19,19006,0,120,585,abtba,587,42.857586,-78.828972,1596202078,19,19006,0,1069,
2513,32,19,32007,0,0,576,bflst,576,42.940609,-78.870773,1596202353,32,32007,0,1072,
2514,16,20,16002,0,120,579,mcmal,581,42.792221,-78.824165,1596202381,16,16002,0,1052,
2515,2,19,2003,0,-60,571,tcbfl,570,42.883411,-78.876465,1596202379,2,2003,0,1009,
2601,47,20,24005,0,0,579,eccn,579,42.949795,-78.755013,1596202400,24,24005,0,2068,
2602,26,20,26003,0,240,591,twyml,595,42.903183,-78.783745,1596202371,26,26003,0,2078,
2603,23,19,23002,0,-120,585,hrtpk,583,42.946274,-78.890869,1596202372,23,23002,0,2050,
2606,13,20,48002,0,-180,577,socam,574,42.950924,-78.813934,1596202350,48,48002,0,2095,
2608,0,0,14004,5,-420,582,babck,575,42.880962,-78.849327,1596202368,14,14004,0,1035,
2610,6,19,6003,0,-120,576,sycfl,574,42.903870,-78.819847,1596202356,6,6003,0,1023,
2612,14,20,14006,0,0,577,rdgab,577,42.838173,-78.807899,1596202356,14,14006,0,1038,
2613,15,19,15003,0,120,574,lterr,576,42.883053,-78.876350,1596202395,15,15003,0,1045,
2615,42,20,42002,0,-60,583,spkls,582,42.883163,-78.873154,1596202385,42,42002,0,1096,
2616,16,19,16004,0,60,584,mowsh,585,42.872684,-78.870247,1596202378,16,16004,0,1054,
2617,19,20,19004,0,-420,587,socam,580,42.954388,-78.821114,1596202408,19,19004,0,1068,
2618,15,20,15001,0,0,574,scl,574,42.848019,-78.801498,1596202403,15,15001,0,1043,
2619,19,20,19001,0,120,576,winsp,578,42.943138,-78.813896,1596202357,19,19001,0,1065,
2620,19,19,19003,0,60,574,wlmba,575,42.885006,-78.814636,1596202405,19,19003,0,1067,
2623,15,19,15002,0,-120,577,scl,575,42.836990,-78.775894,1596202350,15,15002,0,1044,
2624,32,19,32006,0,240,601,brrtc,605,42.945644,-78.907028,1596202124,32,32006,0,1082,
2627,16,19,16006,0,-180,584,bgtsp,581,42.720749,-78.827217,1596202404,16,16006,0,1057,
2701,8,20,8003,0,-120,586,mnaln,584,42.877800,-78.879295,1596202402,8,8003,0,2003,
2702,12,20,12003,0,60,577,utica,578,42.911213,-78.875458,1596202353,12,12003,0,2010,
2703,44,19,44004,0,0,576,mlpsh,576,42.991211,-78.792564,1596202392,44,44004,0,2086,
2707,12,20,12004,0,120,574,ctyli,576,42.958569,-78.814934,1596202406,12,12004,0,2011,
2708,8,19,8002,0,-60,601,wtfrt,600,42.880386,-78.883354,1596202204,8,8002,0,2002,
2713,44,20,44001,0,99999,9999,lkpt,579,43.169739,-78.690208,1596202383,44,44001,1,2083,
6015,444,99,444444,99,99999,9999,,9999,42.883850,-78.871628,1596201304,444,0,0,444444,
8133,45,99,45096,99,99999,9999,,9999,43.016621,-78.958649,1596202248,45,0,0,45096,
8141,45,99,45094,99,99999,9999,,9999,42.945724,-78.906761,1596201181,45,0,0,45094,
8151,45,99,45990,99,99999,9999,,9999,42.931149,-78.806076,1596202396,45,0,0,45990,
8152,45,99,45991,99,99999,9999,,9999,42.898232,-78.833031,1596202357,45,0,0,45991,
8208,45,99,45208,99,99999,9999,,9999,42.959419,-78.891060,1596202359,45,0,0,45208,
8211,45,99,45211,99,99999,9999,,9999,42.936348,-78.776337,1596202149,45,0,0,45211,
8216,45,99,45216,99,99999,9999,,9999,42.903267,-78.892509,1596202397,45,0,0,45216,
8217,45,99,45217,99,99999,9999,,9999,42.965553,-78.726311,1596202172,45,0,0,45217,
8220,45,99,45220,99,99999,9999,,9999,42.884537,-78.762489,1596201740,45,0,0,45220,
8221,45,99,45221,99,99999,9999,,9999,43.096260,-78.950760,1596202302,45,0,0,45221,
8224,45,99,45224,99,99999,9999,,9999,42.994099,-78.879410,1596202360,45,0,0,45224,
8225,45,99,45225,99,99999,9999,,9999,42.950317,-78.890831,1596202374,45,0,0,45225,
8226,45,99,45226,99,99999,9999,,9999,42.864269,-78.875053,1596202372,45,0,0,45226,
8229,45,99,45229,99,99999,9999,,9999,42.988186,-78.884430,1596202398,45,0,0,45229,
8230,45,99,45230,99,99999,9999,,9999,42.930958,-78.696831,1596202281,45,0,0,45230,
8231,45,99,45231,99,99999,9999,,9999,42.933788,-78.780952,1596202191,45,0,0,45231,
8232,45,99,45232,99,99999,9999,,9999,42.930656,-78.696716,1596202307,45,0,0,45232,
8233,45,99,45233,99,99999,9999,,9999,99.000000,999.000000,1596199761,45,0,0,45233,
8234,45,99,45234,99,99999,9999,,9999,42.929306,-78.829865,1596202332,45,0,0,45234,
8236,45,99,45236,99,99999,9999,,9999,99.000000,999.000000,1596184755,45,0,0,45236,
8237,45,99,45237,99,99999,9999,,9999,42.947704,-78.882645,1596202362,45,0,0,45237,
8238,45,99,45238,99,99999,9999,,9999,43.036751,-78.822342,1596202245,45,0,0,45238,
8239,45,99,45239,99,99999,9999,,9999,42.941353,-78.873192,1596202407,45,0,0,45239,
8240,45,99,45240,99,99999,9999,,9999,42.825878,-78.830498,1596202391,45,0,0,45240,
8241,45,99,45241,99,99999,9999,,9999,42.956699,-78.870995,1596202382,45,0,0,45241,
