1003,12,19,12003,0,-180,373,badlv,370,42.940609,-78.801834,1596189773,12,12003,0,2010,
1004,0,0,22002,4,0,366,lkv,366,42.898151,-78.893700,1596189769,22,22002,0,2045,
1007,0,0,8002,4,-120,375,ehmal,373,42.942894,-78.696869,1596189835,8,8002,0,2002,
1008,18,19,18002,0,120,370,spkls,372,42.879036,-78.854729,1596189823,18,18002,0,2040,
1010,0,0,12006,4,-720,372,holtz,360,42.930931,-78.761932,1596189770,12,12006,0,2013,
1011,12,19,12001,0,0,375,nghmp,375,42.910965,-78.899879,1596189737,12,12001,0,2008,
1014,0,0,13002,4,-660,376,socam,365,42.927326,-78.851784,1596189806,13,13002,0,2033,
1020,4,20,4001,0,0,366,bdmgn,366,42.886105,-78.870697,1596189812,4,4001,0,1014,
1021,16,20,14001,0,60,368,splke,369,42.813313,-78.824020,1596189800,14,14001,0,1032,
1023,32,20,6004,0,0,365,amhba,365,42.940117,-78.820778,1596189802,6,6004,0,1024,
1026,6,19,6002,0,0,364,sycfl,364,42.897793,-78.838982,1596189842,6,6002,0,1022,
1027,4,20,32001,0,99999,9999,twyml,365,42.902851,-78.784676,1596189815,32,32001,1,1077,
1029,0,0,2005,4,0,397,fltbk,397,42.882393,-78.824951,1596189564,2,2005,0,1083,
1031,6,20,6001,0,0,367,glrml,367,42.907993,-78.774437,1596189744,6,6001,0,1021,
1033,0,0,6006,4,0,405,athpr,405,42.882584,-78.824913,1596189557,6,6006,0,1027,
1038,0,0,32004,4,60,369,twyml,370,42.902466,-78.784523,1596189807,32,32004,0,1080,
1040,2,19,46001,0,240,374,tcbfl,378,42.883492,-78.872261,1596189805,46,46001,0,1101,
1043,19,20,19002,0,-60,372,wlmba,371,42.859074,-78.828079,1596189852,19,19002,0,1066,
1044,0,0,70001,4,99999,9999,eaura,370,42.769421,-78.610100,1596189841,70,70001,0,1079,
1047,1,19,4003,0,0,374,wmmgn,374,42.884949,-78.828896,1596189834,4,4003,0,1016,
1049,0,0,32005,4,0,385,twyml,385,42.881649,-78.824730,1596189850,32,32005,0,1081,
1050,0,0,1002,4,-300,381,senbg,376,42.651779,-78.969337,1596189726,1,1002,0,1002,
1052,14,20,14002,0,-120,372,spkls,370,42.882778,-78.874306,1596189850,14,14002,0,1033,
1057,26,19,26001,0,0,366,dlvst,366,42.922104,-78.850632,1596189852,26,26001,0,2077,
1061,13,20,49001,0,60,366,dlvgr,367,42.918720,-78.829079,1596189820,49,49001,0,2099,
1062,0,0,26002,4,-180,363,ngdlv,360,42.922131,-78.897980,1596189814,26,26002,0,2079,
1065,24,19,24001,0,99999,9999,genfl,365,42.904778,-78.833511,1596189845,24,24001,1,2064,
1106,13,19,8001,0,-60,370,utica,369,42.914650,-78.840546,1596189838,8,8001,0,2001,
1110,13,20,24005,0,0,360,socam,360,42.955021,-78.821190,1596189799,24,24005,0,2068,
1111,0,0,23006,4,-240,374,brrtc,370,42.934505,-78.870323,1596189833,23,23006,0,2054,
1116,48,20,13001,0,120,367,mnun,369,42.960823,-78.775299,1596189821,13,13001,0,2032,
1118,24,20,24002,0,-300,370,genmn,365,42.882420,-78.874306,1596189848,24,24002,0,2065,
1122,0,0,48001,4,0,370,socam,370,42.954250,-78.820747,1596189844,48,48001,0,2094,
1123,0,0,44003,4,-720,380,socam,368,42.917126,-78.862213,1596189849,44,44003,0,2085,
1124,8,19,18001,0,-60,363,dlvst,362,42.921967,-78.857704,1596189826,18,18001,0,2039,
1127,0,0,12007,4,-300,375,ctyli,370,42.937061,-78.841476,1596189798,12,12007,0,2014,
1128,0,0,44002,4,-240,379,lkpt,375,43.069584,-78.710526,1596189819,44,44002,0,2084,
1129,24,20,24003,0,0,365,airpt,365,42.934120,-78.730629,1596189805,24,24003,0,2066,
1203,32,19,4002,0,-420,365,ungen,358,42.922432,-78.754082,1596189820,4,4002,0,1015,
1204,16,19,16001,0,0,370,bnmc,370,42.898590,-78.868683,1596189808,16,16001,0,1051,
1205,74,19,42001,0,-180,370,mnbfl,367,42.688187,-78.779800,1596189820,42,42001,0,1095,
1206,0,0,6005,4,0,394,glrml,394,42.882668,-78.824799,1596189841,6,6005,0,1084,
1207,46,19,32002,0,0,367,ctrbd,367,42.915642,-78.672562,1596189833,32,32002,0,1078,
1208,2,20,1001,0,120,373,fern,375,42.871365,-78.795319,1596189849,1,1001,0,1001,
1213,23,19,23001,0,-60,377,hrtpk,376,42.941849,-78.903046,1596189817,23,23001,0,2049,
1214,0,0,22001,4,99999,9999,twyml,362,42.903786,-78.780357,1596189831,22,22001,0,2044,
1504,34,20,5007,0,-60,372,nfbma,371,42.958542,-78.823761,1596189834,5,5007,0,3020,
1505,20,19,20006,0,-120,370,elken,368,42.980431,-78.878738,1596189839,20,20006,0,3041,
1507,3,20,5002,0,0,371,tonvl,371,42.959999,-78.908104,1596189770,5,5002,0,3015,
1508,5,20,5005,0,0,369,ngvrg,369,42.885830,-78.877510,1596189828,5,5005,0,3018,
1512,11,20,3003,0,-120,367,dlwnr,365,42.893749,-78.875755,1596189827,3,3003,0,3003,
1517,0,0,55034,4,300,380,nfia,385,43.045219,-78.889008,1596189836,55,55034,0,3105,
1518,3,19,3005,0,0,364,sklmt,364,42.956615,-78.889977,1596189851,3,3005,0,3021,
1519,5,19,3004,0,-120,368,ngvrg,366,42.904503,-78.895302,1596189809,3,3004,0,3004,
1520,50,20,50019,0,0,371,bfhyd,371,43.088779,-79.050331,1596189834,50,50019,0,3089,
1601,34,19,11001,0,-60,371,audbn,370,43.035980,-78.822273,1596189750,11,11001,0,3031,
1605,40,20,40003,0,-60,384,brrtc,383,42.883492,-78.877098,1596189819,40,40003,0,3104,
1606,55,19,55031,0,0,366,mlnfb,366,43.096123,-78.951393,1596189793,55,55031,0,3101,
1609,25,20,25002,0,-180,373,dlwnr,370,42.883137,-78.873268,1596189830,25,25002,0,3052,
1611,0,0,3007,4,0,383,tonvl,383,42.959145,-78.891205,1596189811,3,3007,0,3006,
1616,25,19,5004,0,0,364,dlwdv,364,42.923424,-78.867531,1596189797,5,5004,0,3017,
1620,40,19,40002,0,0,363,brrtc,363,42.945862,-78.907692,1596189836,40,40002,0,3077,
1622,0,0,34003,4,-300,382,audbn,377,42.958981,-78.890984,1596189851,34,34003,0,3098,
1703,55,19,55032,0,0,370,prtc,370,43.099369,-79.051674,1596189794,55,55032,0,3102,
1705,5,20,5001,0,0,360,socam,360,42.954578,-78.820450,1596189816,5,5001,0,3014,
1714,20,20,20001,0,60,366,dlwsh,367,42.980457,-78.878586,1596189846,20,20001,0,3036,
1715,0,0,52027,4,0,367,nftc,367,43.100769,-78.979942,1596189698,52,52027,0,3097,
1716,0,0,5008,4,-180,373,socam,370,42.957798,-78.818810,1596189823,5,5008,0,3022,
1722,0,0,12002,4,99999,9999,ctyli,325,42.920288,-78.859268,1596187299,12,12002,0,2009,
1801,0,0,40004,4,240,388,prtc,392,43.055340,-78.990364,1596189849,40,40004,0,3078,
1803,52,19,40001,0,-60,364,olopc,363,43.154423,-79.035179,1596189840,40,40001,0,3076,
1807,11,19,20004,0,0,368,clvkn,368,42.972511,-78.858452,1596189813,20,20004,0,3039,
1808,25,19,25003,0,-120,372,orch,370,43.019646,-78.878365,1596189828,25,25003,0,3053,
1809,40,20,52026,0,0,384,prtc,384,43.099422,-79.051407,1596189724,52,52026,0,3096,
1810,0,0,3006,4,0,374,mdcty,374,43.030811,-78.869949,1596189841,3,3006,0,3091,
1815,0,0,35002,4,300,380,covhl,385,99.000000,999.000000,1596189828,35,35002,0,3032,
1816,20,19,20003,0,0,366,elmdv,366,42.927574,-78.877060,1596189803,20,20003,0,3038,
1818,4,19,2002,0,-180,363,tcbfl,360,42.883411,-78.872704,1596189816,2,2002,0,1008,
1819,2,20,2001,0,300,350,fltbk,355,42.848869,-78.697762,1596189806,2,2001,0,1007,
1822,0,0,32003,4,0,366,brrtc,366,42.945396,-78.906876,1596189844,32,32003,0,1003,
1824,14,19,16003,0,0,368,spkls,368,42.863693,-78.843712,1596189811,16,16003,0,1053,
1903,3,19,20005,0,-180,374,trcem,371,42.914211,-78.890350,1596189837,20,20005,0,3040,
1905,55,20,55033,0,-120,365,casno,363,43.091530,-79.059486,1596189824,55,55033,0,3103,
1906,5,19,5003,0,-120,372,ngfry,370,42.941765,-78.906059,1596189805,5,5003,0,3016,
1907,5,19,5006,0,-60,376,brrtc,375,42.959942,-78.889008,1596189847,5,5006,0,3019,
1908,35,20,35001,0,0,373,ens,373,42.959118,-78.915436,1596189847,35,35001,0,3071,
1909,25,19,34002,0,-60,367,dlwkn,366,42.974491,-78.871666,1596189808,34,34002,0,3064,
1910,0,0,20008,4,180,373,tnind,376,42.998058,-78.852867,1596189837,20,20008,0,3054,
1911,0,0,34004,4,0,376,brrtc,376,42.959942,-78.890831,1596189828,34,34004,0,3024,
1912,0,0,20007,4,180,369,orch,372,42.988682,-78.873230,1596189804,20,20007,0,3005,
1914,20,20,25001,0,-180,374,elmnr,371,42.882832,-78.873596,1596189847,25,25001,0,3051,
1918,5,20,3001,0,0,371,kenml,371,42.958321,-78.908325,1596189838,3,3001,0,3001,
1920,3,20,3002,0,-60,369,trcem,368,42.883575,-78.877281,1596189818,3,3002,0,3002,
1921,11,19,20002,0,0,370,ellop,370,42.897629,-78.874603,1596189810,20,20002,0,3037,
2001,44,20,24004,0,0,365,mlptr,365,43.082787,-78.697090,1596189732,24,24004,0,2067,
2005,23,19,23004,0,0,367,bdyfl,367,42.902248,-78.839653,1596189839,23,23004,0,2052,
2010,23,20,23003,0,60,378,brrtc,379,42.947731,-78.849892,1596189804,23,23003,0,2051,
2011,0,0,23005,4,-240,374,abtba,370,42.879726,-78.839577,1596189835,23,23005,0,2053,
2129,4,19,2004,0,0,369,bdmgn,369,42.892841,-78.840729,1596189739,2,2004,0,1010,
2203,34,19,34001,0,0,370,socam,370,42.984856,-78.823273,1596189797,34,34001,0,3063,
2215,50,19,50018,0,60,380,olopc,381,43.154396,-79.035477,1596189833,50,50018,0,3088,
2218,50,19,50020,0,0,371,casno,371,43.088093,-79.021446,1596189812,50,50020,0,3090,
2502,0,0,14003,4,180,357,sogat,360,42.827641,-78.754745,1596189821,14,14003,0,1034,
2503,0,0,19006,4,600,367,abtba,377,42.857643,-78.828934,1596189772,19,19006,0,1069,
2508,0,0,69001,4,0,402,alden,402,42.881897,-78.825546,1596189819,69,69001,0,1056,
2510,0,0,19005,4,840,357,socam,371,42.955158,-78.820557,1596189823,19,19005,0,1055,
2511,0,0,46002,4,60,376,twyml,377,42.884701,-78.812332,1596189808,46,46002,0,1036,
2514,16,19,16002,0,0,373,abtba,373,42.829346,-78.824203,1596189796,16,16002,0,1052,
2515,1,20,2003,0,60,373,wmbck,374,42.884811,-78.864105,1596189844,2,2003,0,1009,
2602,0,0,26003,4,-600,370,twyml,360,42.907471,-78.784714,1596189845,26,26003,0,2078,
2603,23,20,23002,0,-120,375,bdyfl,373,42.861191,-78.840324,1596189837,23,23002,0,2050,
2608,0,0,14004,4,120,360,shops,362,42.832481,-78.785126,1596189364,14,14004,0,1035,
2610,6,19,6003,0,240,356,wtfrt,360,42.880138,-78.883095,1596189708,6,6003,0,1023,
2613,15,19,15003,0,60,369,lterr,370,42.883137,-78.880035,1596189741,15,15003,0,1045,
2615,0,0,42002,4,300,377,sogat,382,42.875324,-78.791336,1596189793,42,42002,0,1096,
2616,0,0,16004,4,480,360,mnbfl,368,42.715687,-78.827850,1596189694,16,16004,0,1054,
2617,0,0,19004,4,660,340,mnbfl,351,42.763481,-78.824463,1596189813,19,19004,0,1068,
2618,15,20,15001,0,-60,374,sogat,373,42.847576,-78.801018,1596189847,15,15001,0,1043,
2619,19,20,19001,0,0,369,badlv,369,42.904228,-78.814003,1596189822,19,19001,0,1065,
2620,19,19,19003,0,-60,368,bagen,367,42.927795,-78.814079,1596189806,19,19003,0,1067,
2623,15,19,15002,0,-180,367,scl,364,42.841225,-78.785789,1596189815,15,15002,0,1044,
2628,0,0,16005,4,-240,389,mcmal,385,42.878239,-78.829491,1596189800,16,16005,0,1025,
2704,0,0,47001,4,0,368,socam,368,42.954388,-78.821228,1596189793,47,47001,0,2034,
2707,12,20,12004,0,0,369,filut,369,42.911213,-78.862915,1596189826,12,12004,0,2011,
2709,12,19,12005,0,-180,367,socam,364,42.957798,-78.818733,1596189842,12,12005,0,2012,
2713,8,20,44001,0,-60,373,mnaln,372,42.877277,-78.877991,1596189840,44,44001,0,2083,
8201,45,99,45201,99,99999,9999,,9999,42.926281,-78.830643,1596189788,45,0,0,45201,
8213,45,99,45213,99,99999,9999,,9999,42.959393,-78.890274,1596189798,45,0,0,45213,
8216,45,99,45216,99,99999,9999,,9999,42.959614,-78.890312,1596189848,45,0,0,45216,
8217,45,99,45217,99,99999,9999,,9999,42.909149,-78.717194,1596189819,45,0,0,45217,
8218,45,99,45218,99,99999,9999,,9999,42.959419,-78.891579,1596189851,45,0,0,45218,
8219,45,99,45219,99,99999,9999,,9999,43.011452,-78.822754,1596189824,45,0,0,45219,
8220,45,99,45220,99,99999,9999,,9999,42.965691,-78.729851,1596189798,45,0,0,45220,
8221,45,99,45221,99,99999,9999,,9999,42.921001,-78.696754,1596189709,45,0,0,45221,
8226,45,99,45226,99,99999,9999,,9999,42.806767,-78.798447,1596189838,45,0,0,45226,
8227,45,99,45227,99,99999,9999,,9999,42.915833,-78.794426,1596189830,45,0,0,45227,
8230,45,99,45230,99,99999,9999,,9999,42.927273,-78.829788,1596189815,45,0,0,45230,
8232,45,99,45232,99,99999,9999,,9999,42.934204,-78.877808,1596189776,45,0,0,45232,
8234,45,99,45234,99,99999,9999,,9999,42.992310,-78.775299,1596189806,45,0,0,45234,
8236,45,99,45236,99,99999,9999,,9999,99.000000,999.000000,1596184755,45,0,0,45236,
8238,45,99,45238,99,99999,9999,,9999,42.872299,-78.851677,1596189834,45,0,0,45238,
8239,45,99,45239,99,99999,9999,,9999,99.000000,999.000000,1596189448,45,0,0,45239,
8241,45,99,45241,99,99999,9999,,9999,43.021187,-78.800941,1596189849,45,0,0,45241,
8308,45,99,45308,99,99999,9999,,9999,99.000000,999.000000,1596189558,45,0,0,45308,
