1001,22,20,22005,0,0,1115,twyml,1115,42.902962,-78.783600,1596232613,22,22005,0,2048,
1003,23,19,23013,0,0,1088,mnfil,1088,42.947487,-78.838943,1596232882,23,23013,0,2060,
1004,24,20,24020,0,-180,1086,genfl,1083,42.892761,-78.862213,1596232862,24,24020,0,2076,
1005,23,20,23012,0,180,1081,brrtc,1084,42.943909,-78.907211,1596232842,23,23012,0,2057,
1009,44,19,44009,0,0,1084,socam,1084,42.954826,-78.820450,1596232602,44,44009,0,2090,
1010,26,20,26008,0,0,1085,twyml,1085,42.903294,-78.783333,1596232803,26,26008,0,2082,
1013,24,20,24016,0,0,1085,airpt,1085,42.934174,-78.730446,1596232599,24,24016,0,2073,
1014,26,19,26007,0,-120,1083,elmdv,1081,42.922295,-78.868500,1596232868,26,26007,0,2081,
1015,24,20,24018,0,-120,1081,holtz,1079,42.934231,-78.717674,1596232843,24,24018,0,2074,
1016,12,19,12013,0,0,1084,utica,1084,42.911156,-78.854355,1596232775,12,12013,0,2024,
1017,12,19,13008,0,120,1088,nghmp,1090,42.910912,-78.899879,1596232879,13,13008,0,2038,
1018,44,20,44006,0,0,1081,flint,1081,42.999157,-78.789177,1596232880,44,44006,0,2089,
1020,14,20,14011,0,120,1082,mcmal,1084,42.783035,-78.810211,1596232846,14,14011,0,1041,
1021,6,20,6013,0,-60,1081,sycmg,1080,42.888828,-78.867126,1596232875,6,6013,0,1030,
1026,6,20,6008,0,0,1087,glrml,1087,42.910221,-78.763641,1596232874,6,6008,0,1028,
1027,42,20,42006,0,0,1082,lcvtc,1082,42.825714,-78.827667,1596232866,42,42006,0,1099,
1030,76,20,76002,0,-600,1081,frnhm,1071,42.594715,-79.091087,1596232871,76,76002,0,1103,
1031,15,20,15009,0,60,1086,scl,1087,42.858028,-78.812965,1596232835,15,15009,0,1049,
1032,16,20,16009,0,0,1083,spkls,1083,42.872520,-78.869392,1596232877,16,16009,0,1060,
1033,15,19,15006,0,0,1090,lterr,1090,42.883137,-78.879707,1596232770,15,15006,0,1047,
1034,4,20,4007,0,180,1084,twyml,1087,42.904888,-78.780655,1596232828,4,4007,0,1017,
1037,0,0,19015,4,99999,9999,socam,1045,42.891495,-78.814232,1596232845,19,19015,0,1076,
1038,2,19,2008,0,0,1085,tcbfl,1085,42.883438,-78.872299,1596232781,2,2008,0,1011,
1040,32,20,32013,0,0,1090,ungen,1090,42.944927,-78.775703,1596232837,32,32013,0,1087,
1042,19,20,19012,0,120,1078,socam,1080,42.955021,-78.820480,1596232874,19,19012,0,1074,
1043,15,19,15010,0,0,1084,scl,1084,42.843506,-78.791336,1596232832,15,15010,0,1050,
1045,19,20,19014,0,0,1088,badlv,1088,42.905136,-78.813705,1596232883,19,19014,0,1075,
1046,32,19,4006,0,-240,1090,ungen,1086,42.910252,-78.761375,1596232840,4,4006,0,1019,
1047,2,19,4009,0,0,1083,fern,1083,42.865234,-78.787170,1596232833,4,4009,0,1020,
1049,15,19,15007,0,300,1020,lterr,1025,42.679771,-79.019104,1596232830,15,15007,0,1048,
1052,4,20,32016,0,99999,9999,twyml,910,42.903511,-78.783371,1596232768,32,32016,0,1088,
1055,12,20,12012,0,-60,1086,filut,1085,42.911129,-78.859154,1596232846,12,12012,0,2023,
1056,23,20,23011,0,-60,1081,brrtc,1080,42.945671,-78.907097,1596232860,23,23011,0,2059,
1057,26,19,18005,0,-300,1089,gnhar,1084,42.903622,-78.781960,1596232857,18,18005,0,2043,
1059,66,20,12020,0,600,1089,mntrn,1099,42.962914,-78.744217,1596232826,12,12020,0,2022,
1060,13,19,47004,0,-120,1088,dlvgr,1086,42.936539,-78.817284,1596232827,47,47004,0,2093,
1061,13,20,13005,0,0,1083,socam,1083,42.958099,-78.817543,1596232854,13,13005,0,2035,
1062,24,19,24015,0,0,1090,marmn,1090,42.877277,-78.877731,1596232274,24,24015,0,2072,
1063,24,19,24014,0,-120,1086,ungen,1084,42.931808,-78.730782,1596232866,24,24014,0,2071,
1064,23,20,23014,0,0,1082,flfry,1082,42.914402,-78.839058,1596232867,23,23014,0,2061,
1065,64,20,8005,0,540,1079,lkpt,1088,43.169548,-78.689873,1596232818,8,8005,0,2005,
1103,48,19,48006,0,99999,9999,eccn,1081,42.966049,-78.719276,1596232878,48,48006,1,2098,
1108,12,20,12016,0,0,1080,ctyli,1080,42.958706,-78.814568,1596232801,12,12016,0,2026,
1109,0,0,44008,5,-300,1117,colds,1112,43.133247,-78.697014,1596232835,44,44008,0,2087,
1110,12,19,12014,0,-60,1084,knegt,1083,42.948860,-78.807198,1596232838,12,12014,0,2025,
1111,18,20,12025,0,60,1084,genjf,1085,42.889652,-78.853912,1596232873,12,12025,0,2031,
1112,0,0,12018,5,0,1088,colds,1088,42.911266,-78.878403,1596232871,12,12018,0,2017,
1115,8,20,13007,0,0,1082,amsta,1082,42.940144,-78.839096,1596232873,13,13007,0,2037,
1116,22,19,22004,0,-60,1082,bstmn,1081,42.903980,-78.860680,1596232855,22,22004,0,2046,
1119,23,20,23020,0,0,1095,brrtc,1095,42.947731,-78.855507,1596232863,23,23020,0,2062,
1120,12,20,12017,0,-60,1081,socam,1080,42.954636,-78.820671,1596232870,12,12017,0,2027,
1122,66,20,66003,0,240,1059,mlptr,1063,42.914734,-78.847992,1596232876,66,66003,0,2056,
1123,23,19,23019,0,120,1082,bdyfl,1084,42.895264,-78.839355,1596232845,23,23019,0,2021,
1124,64,20,12022,0,0,1084,lkpt,1084,43.169739,-78.689941,1596232802,12,12022,0,2028,
1126,49,20,44007,0,0,1083,mhosp,1083,42.991184,-78.740974,1596232853,44,44007,0,2088,
1129,23,19,23021,0,0,1081,abtba,1081,42.858109,-78.832397,1596232866,23,23021,0,2063,
1130,48,20,48004,0,0,1081,mnegt,1081,42.962280,-78.806526,1596232854,48,48004,0,2097,
1201,4,19,2009,0,-180,1091,tcbfl,1088,42.886574,-78.868759,1596232880,2,2009,0,1012,
1202,14,20,14007,0,-120,1088,abtba,1086,42.871475,-78.862839,1596232848,14,14007,0,1039,
1203,4,20,32021,0,-840,1086,twyml,1072,42.902714,-78.783707,1596232849,32,32021,0,1092,
1204,0,0,16012,5,60,1097,babck,1098,42.873592,-78.788063,1596232841,16,16012,0,1058,
1205,4,20,32022,0,0,1088,bdyba,1088,42.893337,-78.837379,1596232853,32,32022,0,1094,
1206,16,19,16013,0,-660,1093,bgtsp,1082,42.721241,-78.825958,1596232875,16,16013,0,1061,
1207,6,19,6009,0,0,1083,wtfrt,1083,42.881348,-78.881676,1596232880,6,6009,0,1029,
1208,0,0,19011,5,0,1089,babck,1089,42.869522,-78.821709,1596232857,19,19011,0,1071,
1211,32,20,32018,0,120,1087,amsta,1089,42.940418,-78.859009,1596232883,32,32018,0,1090,
1212,15,20,32014,0,60,1073,sogat,1074,42.876205,-78.808464,1596232869,32,32014,0,1085,
1304,155,20,155003,0,0,1080,nfia,1080,43.100990,-78.940895,1596232780,155,155003,0,3114,
1501,55,20,55043,0,0,1085,pnhyd,1085,43.095024,-79.039124,1596232879,55,55043,0,3111,
1502,40,19,40009,0,60,1080,tcbfl,1081,42.883381,-78.872337,1596232851,40,40009,0,3081,
1504,5,20,20018,0,0,1088,ngfry,1088,42.896061,-78.887184,1596232849,20,20018,0,3048,
1507,20,20,20017,0,60,1088,dlwsh,1089,42.963242,-78.878700,1596232864,20,20017,0,3044,
1508,11,20,34010,0,60,1094,clvkn,1095,42.927219,-78.867645,1596232861,34,34010,0,3065,
1511,5,20,20020,0,0,1085,socam,1085,42.954361,-78.820854,1596232879,20,20020,0,3050,
1512,3,19,25014,0,0,1090,frgrt,1090,42.937996,-78.889900,1596232852,25,25014,0,3062,
1517,0,0,34012,5,0,1094,front,1094,42.987606,-78.884323,1596232865,34,34012,0,3093,
1518,0,0,35004,5,-120,1098,front,1096,42.987305,-78.795769,1596232882,35,35004,0,3073,
1519,52,19,52030,0,99999,9999,olopc,1080,43.154285,-79.034843,1596232454,52,52030,0,3100,
1601,40,19,40015,0,-480,1091,ngvln,1083,43.017334,-78.958649,1596232841,40,40015,0,3107,
1604,0,0,5022,4,0,1086,covhl,1086,43.000011,-78.783371,1596232839,5,5022,0,3030,
1605,50,19,40010,0,0,1085,olopc,1085,43.154312,-79.034660,1596232694,40,40010,0,3082,
1606,0,0,35005,5,-240,1084,front,1080,43.004326,-78.947334,1596232884,35,35005,0,3072,
1607,20,20,3018,0,60,1084,elmdv,1085,42.916767,-78.877060,1596232856,3,3018,0,3012,
1608,5,20,5021,0,0,1086,dlwkn,1086,42.958595,-78.881157,1596232868,5,5021,0,3029,
1610,55,20,55041,0,-120,1085,boces,1083,43.143173,-78.870773,1596232881,55,55041,0,3109,
1611,5,19,5018,0,0,1080,ellop,1080,42.882584,-78.872223,1596232844,5,5018,0,3025,
1615,55,20,40008,0,240,1086,nfia,1090,43.093510,-78.958282,1596232793,40,40008,0,3080,
1616,34,20,34009,0,0,1081,hazwd,1081,43.028858,-78.815010,1596231309,34,34009,0,3069,
1618,20,19,3009,0,240,1086,ellop,1090,42.889046,-78.875458,1596232829,3,3009,0,3010,
1622,0,0,40017,4,120,1087,tcbfl,1089,42.883301,-78.872635,1596232881,40,40017,0,3087,
1623,3,20,3019,0,0,1083,tonvl,1083,42.959888,-78.907959,1596232266,3,3019,0,3013,
1624,3,20,3012,0,0,1081,trcem,1081,42.893009,-78.877655,1596232847,3,3012,0,3009,
1703,35,19,35006,0,0,1105,brrtc,1105,42.945339,-78.907135,1596232709,35,35006,0,3074,
1705,25,19,25009,0,-60,1091,ellop,1090,42.900486,-78.873672,1596232876,25,25009,0,3059,
1714,155,19,155004,0,-60,1081,falls,1080,43.084213,-79.060677,1596232877,155,155004,0,3115,
1715,20,19,20014,0,0,1083,dlwsh,1083,42.985847,-78.873154,1596232850,20,20014,0,3046,
1716,25,20,25006,0,0,1084,dlwkn,1084,42.948036,-78.868462,1596232837,25,25006,0,3058,
1718,24,19,24017,0,0,1090,marmn,1090,42.890751,-78.867424,1596232786,24,24017,0,2070,
1722,44,19,47005,0,99999,9999,socam,1050,42.955376,-78.821190,1596230165,47,47005,0,2092,
1801,52,20,52028,0,-60,1084,mlnfb,1083,43.090183,-78.968216,1596232881,52,52028,0,3099,
1802,0,0,25012,5,0,1102,front,1102,43.050144,-78.877098,1596232854,25,25012,0,3056,
1803,3,20,5017,0,-60,1096,sklmt,1095,42.917015,-78.890610,1596232870,5,5017,0,3028,
1806,25,19,25010,0,-60,1089,dlwkn,1088,42.983234,-78.872818,1596232852,25,25010,0,3060,
1807,3,19,3017,0,0,1085,ellop,1085,42.882336,-78.873001,1596232845,3,3017,0,3011,
1808,11,19,11005,0,120,1089,ellop,1091,42.882557,-78.872108,1596232872,11,11005,0,3034,
1810,5,19,20013,0,-120,1087,brrtc,1085,42.954224,-78.906128,1596232853,20,20013,0,3045,
1811,5,20,5012,0,60,1093,kenml,1094,42.954857,-78.910187,1596232872,5,5012,0,3026,
1812,5,20,11006,0,99999,9999,socam,1065,42.958706,-78.864555,1596232834,11,11006,0,3035,
1813,25,20,25013,0,60,1081,mnngr,1082,43.021652,-78.878029,1596232834,25,25013,0,3061,
1817,69,20,42004,0,-120,1089,alden,1087,42.890366,-78.569939,1596232862,42,42004,0,1098,
1818,16,19,16014,0,240,1084,mowsh,1088,42.882858,-78.872894,1596232847,16,16014,0,1062,
1819,32,19,32020,0,60,1085,dlwam,1086,42.941269,-78.855469,1596232861,32,32020,0,1093,
1820,14,19,14012,0,99999,9999,bnmc,1080,42.896801,-78.868385,1596232858,14,14012,1,1042,
1821,2,20,2011,0,60,1084,cltfl,1085,42.881184,-78.850334,1596232863,2,2011,0,1013,
1822,16,20,16015,0,180,1083,mnbfl,1086,42.720089,-78.827782,1596232864,16,16015,0,1063,
1824,2,20,4005,0,240,1084,trfrh,1088,42.867764,-78.719315,1596232845,4,4005,0,1018,
1901,3,19,3016,0,-120,1088,trcem,1086,42.909012,-78.891022,1596232863,3,3016,0,3079,
1903,20,19,20019,0,0,1087,elmdv,1087,42.933872,-78.877434,1596232870,20,20019,0,3049,
1904,0,0,40012,6,120,1086,nfia,1088,43.101650,-78.939598,1596232833,40,40012,0,3084,
1905,5,20,3013,0,180,1082,socam,1085,42.954636,-78.820557,1596232857,3,3013,0,3007,
1907,25,20,25011,0,0,1085,dlwdv,1085,42.910828,-78.870438,1596232872,25,25011,0,3057,
1908,0,0,11004,5,99999,9999,,9999,42.958981,-78.891243,1596232527,11,11004,0,3106,
1909,40,20,55042,0,0,1089,falls,1089,43.074341,-78.990479,1596232841,55,55042,0,3110,
1910,34,19,34007,0,0,1090,socam,1090,42.955681,-78.820930,1596232861,34,34007,0,3067,
1911,55,19,55038,0,0,1094,prtc,1094,43.099449,-79.051674,1596232841,55,55038,0,3108,
1912,40,20,40011,0,-180,1096,brrtc,1093,42.897984,-78.889008,1596232828,40,40011,0,3083,
1914,11,20,20016,0,180,1090,tnind,1093,43.013786,-78.859383,1596232878,20,20016,0,3047,
1915,40,20,40016,0,-240,1081,prtc,1077,43.099449,-79.051636,1596232873,40,40016,0,3086,
1916,50,20,50022,0,-60,1080,prtc,1079,43.099670,-79.051636,1596232838,50,50022,0,3094,
1917,50,19,50025,0,60,1089,casno,1090,43.088478,-79.032913,1596232883,50,50025,0,3095,
1918,3,20,11003,0,60,1085,tonvl,1086,42.957798,-78.892250,1596232859,11,11003,0,3033,
1919,20,19,34011,0,0,1091,ellop,1091,42.882557,-78.872261,1596232778,34,34011,0,3070,
1920,55,19,40014,0,60,1088,casno,1089,43.094994,-79.044304,1596232851,40,40014,0,3085,
1921,5,19,35007,0,180,1086,ngvrg,1089,42.905575,-78.896301,1596232842,35,35007,0,3075,
1922,5,19,5014,0,120,1093,ellop,1095,42.882614,-78.872444,1596232864,5,5014,0,3027,
2005,13,20,13006,0,-300,1088,flfry,1083,42.915310,-78.862877,1596232857,13,13006,0,2036,
2010,26,20,26006,0,-120,1092,badlv,1090,42.922157,-78.857147,1596232835,26,26006,0,2080,
2218,34,20,34008,0,60,1094,audbn,1095,43.002293,-78.822571,1596232841,34,34008,0,3068,
2501,16,20,16016,0,0,1084,splke,1084,42.809326,-78.824318,1596232867,16,16016,0,1064,
2507,6,19,6014,0,-240,1083,wldba,1079,42.905025,-78.813705,1596232840,6,6014,0,1031,
2510,72,20,16008,0,-240,1084,4cors,1080,42.782181,-78.746521,1596232880,16,16008,0,1059,
2512,14,19,14008,0,180,1084,spkls,1087,42.865894,-78.847733,1596232827,14,14008,0,1040,
2513,19,20,19010,0,120,1086,socam,1088,42.957386,-78.814194,1596232826,19,19010,0,1073,
2602,18,19,18006,0,60,1091,spkls,1092,42.893200,-78.854355,1596232868,18,18006,0,2042,
2604,0,0,24019,6,1020,1071,airpt,1088,42.934147,-78.730927,1596232742,24,24019,0,2075,
2606,8,19,8006,0,-120,1082,wtfrt,1080,42.880329,-78.883354,1596232854,8,8006,0,2006,
2607,74,20,1004,0,240,1079,mnbfl,1083,42.715771,-78.827408,1596232705,1,1004,0,1005,
2610,46,19,46003,0,-180,1084,ctrbd,1081,42.910606,-78.672302,1596232800,46,46003,0,1102,
2613,42,19,42007,0,0,1089,spkls,1089,42.826817,-78.850334,1596232858,42,42007,0,1100,
2615,32,19,32019,0,0,1095,brrtc,1095,42.945671,-78.907059,1596232680,32,32019,0,1091,
2616,1,19,1003,0,-240,1092,nolvj,1088,42.886986,-78.754974,1596232883,1,1003,0,1006,
2617,19,20,19013,0,120,1071,socam,1073,42.923588,-78.814041,1596232876,19,19013,0,1038,
2620,1,19,32017,0,120,1093,tcbfl,1095,42.883438,-78.872963,1596232864,32,32017,0,1089,
2628,1,20,1005,0,0,1086,nolvj,1086,42.884869,-78.814491,1596232833,1,1005,0,1004,
2629,0,0,32010,4,-960,621,twyml,605,99.000000,999.000000,1596203606,32,32010,0,1086,
2702,13,20,8008,0,60,1079,socam,1080,42.955185,-78.820671,1596232803,8,8008,0,2007,
2703,12,19,12023,0,0,1080,badlv,1080,42.922241,-78.814041,1596232871,12,12023,0,2029,
2709,12,20,12024,0,0,1088,knegt,1088,42.929829,-78.810951,1596232863,12,12024,0,2030,
2713,22,20,22006,0,0,1089,bstgn,1089,42.904476,-78.868126,1596232882,22,22006,0,2047,
8145,45,99,45145,99,99999,9999,,9999,42.882721,-78.872559,1596232714,45,0,0,45145,
8205,45,99,45205,99,99999,9999,,9999,42.741070,-78.847435,1596232792,45,0,0,45205,
8216,45,99,45216,99,99999,9999,,9999,42.945091,-78.832802,1596232857,45,0,0,45216,
8217,45,99,45217,99,99999,9999,,9999,43.096672,-79.050255,1596232858,45,0,0,45217,
8221,45,99,45221,99,99999,9999,,9999,42.958706,-78.854210,1596232843,45,0,0,45221,
8222,45,99,45222,99,99999,9999,,9999,42.971714,-78.735168,1596232717,45,0,0,45222,
8240,45,99,45240,99,99999,9999,,9999,42.980072,-78.885880,1596232813,45,0,0,45240,
8304,45,99,45304,99,99999,9999,,9999,42.847576,-78.801796,1596231961,45,0,0,45304,
8306,45,99,45306,99,99999,9999,,9999,42.881649,-78.698616,1596232751,45,0,0,45306,
8309,45,99,45309,99,99999,9999,,9999,42.835175,-78.786278,1596232552,45,0,0,45309,
