1001,22,19,22005,0,0,1007,wldba,1007,42.906483,-78.801987,1596228209,22,22005,0,2048,
1003,23,20,23013,0,-60,1011,bdyfl,1010,42.866936,-78.846573,1596228185,23,23013,0,2060,
1004,0,0,24020,4,0,1007,airpt,1007,42.934120,-78.730667,1596228223,24,24020,0,2076,
1005,23,19,23012,0,0,1005,bdyfl,1005,42.897736,-78.839432,1596228204,23,23012,0,2057,
1007,18,19,18004,0,0,1004,spkls,1004,42.871502,-78.862877,1596228218,18,18004,0,2041,
1009,44,20,44009,0,-360,1004,lkpt,998,43.167484,-78.696793,1596228198,44,44009,0,2090,
1010,26,19,26008,0,-240,1008,badlv,1004,42.922817,-78.797554,1596228223,26,26008,0,2082,
1013,24,19,24016,0,-180,1007,genmn,1004,42.900211,-78.844528,1596228207,24,24016,0,2073,
1014,26,20,26007,0,0,1005,badlv,1005,42.922569,-78.817543,1596228230,26,26007,0,2081,
1015,24,19,24018,0,-120,1007,ungen,1005,42.930573,-78.737221,1596228205,24,24018,0,2074,
1016,12,20,12013,0,0,1008,socam,1008,42.949081,-78.818954,1596228194,12,12013,0,2024,
1017,0,0,13008,4,-60,1016,ctyli,1015,42.926529,-78.852570,1596228188,13,13008,0,2038,
1018,8,19,44006,0,0,1020,wtfrt,1020,42.880165,-78.882828,1596227768,44,44006,0,2089,
1020,16,19,14011,0,0,1035,mowsh,1035,42.887589,-78.872818,1596228208,14,14011,0,1041,
1021,6,20,6013,0,0,1010,glrml,1010,42.910305,-78.763641,1596228236,6,6013,0,1030,
1022,32,20,32011,0,-120,1009,amhba,1007,42.940170,-78.835854,1596228219,32,32011,0,1083,
1023,15,19,15008,0,0,1010,lterr,1010,42.883053,-78.879669,1596228138,15,15008,0,1046,
1026,6,19,6008,0,0,1010,wtfrt,1010,42.877277,-78.876167,1596228235,6,6008,0,1028,
1027,42,19,42006,0,-180,1004,shops,1001,42.831379,-78.785645,1596228227,42,42006,0,1099,
1028,6,19,6012,0,-180,1003,wtfrt,1000,42.880440,-78.883125,1596228204,6,6012,0,1026,
1030,76,20,76002,0,-120,1010,ctfrk,1008,42.882229,-78.876762,1596228232,76,76002,0,1103,
1031,0,0,15009,6,60,999,sogat,1000,42.812626,-78.751923,1596228197,15,15009,0,1049,
1032,16,19,16009,0,0,1008,splke,1008,42.789497,-78.811142,1596228179,16,16009,0,1060,
1033,15,20,15006,0,120,1012,sogat,1014,42.840042,-78.783562,1596228190,15,15006,0,1047,
1034,4,20,4007,0,0,1004,michl,1004,42.899086,-78.794983,1596228070,4,4007,0,1017,
1040,32,19,32013,0,120,1018,brrtc,1020,42.932278,-78.876984,1596228226,32,32013,0,1087,
1041,4,20,2011,0,120,1011,twyml,1013,42.899719,-78.783524,1596228200,2,2011,0,1013,
1042,19,19,19012,0,0,1007,abtba,1007,42.857616,-78.828636,1596227131,19,19012,0,1074,
1043,15,20,15010,0,-120,1018,sensm,1016,42.881622,-78.878807,1596228193,15,15010,0,1050,
1044,32,20,32012,0,0,1005,glrml,1005,42.907776,-78.758064,1596228216,32,32012,0,1079,
1045,19,19,19014,0,0,1020,baken,1020,42.957027,-78.813820,1596228185,19,19014,0,1075,
1046,4,19,4006,0,60,1014,tcbfl,1015,42.883575,-78.872704,1596228202,4,4006,0,1019,
1047,2,20,4009,0,60,1008,fern,1009,42.871803,-78.807899,1596228194,4,4009,0,1020,
1049,15,19,15007,0,0,1006,sensm,1006,42.870514,-78.834145,1596228191,15,15007,0,1048,
1050,70,20,70002,0,-60,1011,elma,1010,42.859814,-78.698578,1596228237,70,70002,0,1080,
1052,4,20,32016,0,99999,9999,twyml,910,42.945396,-78.906914,1596228039,32,32016,0,1088,
1055,12,19,12012,0,0,1009,knegt,1009,42.948887,-78.809990,1596228208,12,12012,0,2023,
1056,23,19,23011,0,0,1013,abtba,1013,42.857586,-78.828636,1596228222,23,23011,0,2059,
1057,0,0,18005,4,99999,9999,twyml,835,42.922131,-78.897942,1596228127,18,18005,0,2043,
1059,12,20,12020,0,120,1009,knegt,1011,42.929859,-78.799416,1596228187,12,12020,0,2022,
1060,49,19,47004,0,-240,1010,mpltr,1006,42.993107,-78.729362,1596228230,47,47004,0,2093,
1061,8,20,13005,0,-180,1003,socam,1000,42.955101,-78.820595,1596228216,13,13005,0,2035,
1062,24,20,24015,0,360,1009,holtz,1015,42.934174,-78.730476,1596228220,24,24015,0,2072,
1063,24,20,24014,0,-60,1004,genmn,1003,42.890533,-78.867722,1596228227,24,24014,0,2071,
1064,23,19,23014,0,0,1010,hrtpk,1010,42.947704,-78.868912,1596228228,23,23014,0,2061,
1065,8,19,8005,0,0,1015,wtfrt,1015,42.895840,-78.871178,1596228237,8,8005,0,2005,
1066,155,19,155001,0,-120,1003,casno,1001,43.083885,-79.058929,1596228169,155,155001,0,3112,
1103,48,19,48006,0,120,1007,mnegt,1009,42.963875,-78.790855,1596228221,48,48006,0,2098,
1105,12,19,12019,0,0,1008,nghmp,1008,42.915257,-78.892952,1596228229,12,12019,0,2019,
1106,48,20,8007,0,0,1017,ehmal,1017,42.973583,-78.693703,1596228196,8,8007,0,2004,
1108,12,19,12016,0,0,1005,nghmp,1005,42.910938,-78.899879,1596228221,12,12016,0,2026,
1109,44,19,44008,0,0,1011,socam,1011,42.954662,-78.820557,1596228196,44,44008,0,2087,
1110,12,19,12014,0,120,988,nghmp,990,42.911816,-78.882088,1596228199,12,12014,0,2025,
1112,12,20,12018,0,0,1010,ctyli,1010,42.958706,-78.814568,1596228232,12,12018,0,2017,
1113,48,20,48005,0,0,1004,mnun,1004,42.960354,-78.759514,1596228212,48,48005,0,2096,
1114,23,20,23015,0,-300,1008,flfry,1003,42.902054,-78.839241,1596228208,23,23015,0,2058,
1115,0,0,13007,4,180,1002,socam,1005,42.955185,-78.820374,1596228210,13,13007,0,2037,
1116,22,19,22004,0,0,1009,lkv,1009,42.898178,-78.893661,1596228217,22,22004,0,2046,
1118,12,19,12021,0,60,1008,utica,1009,42.911102,-78.851227,1596228182,12,12021,0,2016,
1119,23,19,23020,0,-180,1007,mnfil,1004,42.946110,-78.832100,1596228224,23,23020,0,2062,
1120,12,19,12017,0,120,1018,nghmp,1020,42.910717,-78.899879,1596228231,12,12017,0,2027,
1122,66,20,66003,0,-120,1031,mnun,1029,42.883823,-78.876282,1596228236,66,66003,0,2056,
1123,23,20,23019,0,-60,1018,brrtc,1017,42.947815,-78.861839,1596228207,23,23019,0,2021,
1124,0,0,12022,6,0,1005,ellop,1005,42.882584,-78.872299,1596227748,12,12022,0,2028,
1126,13,20,44007,0,0,1018,winsp,1018,42.925430,-78.830421,1596228226,44,44007,0,2088,
1129,0,0,23021,4,0,1020,brrtc,1020,42.916988,-78.861877,1596228218,23,23021,0,2063,
1130,47,20,48004,0,0,995,eccn,995,42.938602,-78.717636,1596228216,48,48004,0,2097,
1201,4,20,2009,0,-60,1007,bdyfl,1006,42.889679,-78.854210,1596228181,2,2009,0,1012,
1202,14,19,14007,0,-180,1008,rdgab,1005,42.805256,-78.797371,1596228188,14,14007,0,1039,
1204,14,19,16012,0,-120,1006,spkls,1004,42.865452,-78.846687,1596228203,16,16012,0,1058,
1205,75,20,14010,0,60,1008,fltbk,1009,42.827446,-78.697205,1596228215,14,14010,0,1037,
1206,16,20,16013,0,0,1005,rdgsp,1005,42.827778,-78.824059,1596228235,16,16013,0,1061,
1207,6,20,6009,0,0,1033,glrml,1033,42.910469,-78.763611,1596228182,6,6009,0,1029,
1208,19,20,19011,0,-120,1011,badlv,1009,42.905163,-78.813744,1596228218,19,19011,0,1071,
1211,32,19,32018,0,-120,1007,knhty,1005,42.944927,-78.781250,1596228186,32,32018,0,1090,
1212,0,0,32014,6,-300,1019,lterr,1014,42.904392,-78.780434,1596228230,32,32014,0,1085,
1213,23,20,23017,0,0,1005,brrtc,1005,42.945644,-78.907135,1596227856,23,23017,0,2055,
1301,0,0,155002,5,0,1029,front,1029,43.100521,-78.941231,1596228206,155,155002,0,3113,
1501,3,20,20011,0,99999,9999,frgrt,541,42.960052,-78.907990,1596224655,20,20011,0,3043,
1502,40,20,40009,0,0,1013,prtc,1013,43.099422,-79.051674,1596227916,40,40009,0,3081,
1504,3,20,20018,0,-180,1010,sklmt,1007,42.941902,-78.891838,1596228211,20,20018,0,3048,
1505,3,19,3015,0,-180,1012,trcem,1009,42.909039,-78.891022,1596228232,3,3015,0,3006,
1507,20,19,20017,0,-60,1008,elmdv,1007,42.933598,-78.877281,1596228225,20,20017,0,3044,
1508,5,19,34010,0,0,1010,brrtc,1010,42.951416,-78.904716,1596228223,34,34010,0,3065,
1511,0,0,20020,4,0,1005,ellop,1005,42.882530,-78.872597,1596228181,20,20020,0,3050,
1512,52,20,52029,0,120,1003,mlnfb,1005,43.090157,-78.968216,1596228154,52,52029,0,3098,
1517,34,19,34012,0,-180,1004,blvml,1001,42.986946,-78.822754,1596228226,34,34012,0,3093,
1518,35,19,35004,0,120,1011,wtrgt,1013,42.968082,-78.919716,1596228184,35,35004,0,3073,
1519,60,20,52030,0,120,1009,nftc,1011,43.061611,-78.990479,1596228224,52,52030,0,3100,
1520,5,19,3016,0,-360,1003,ellop,997,42.882504,-78.872185,1596228228,3,3016,0,3079,
1601,55,19,40015,0,60,1012,prtc,1013,43.084435,-79.058891,1596228204,40,40015,0,3107,
1604,55,20,55039,0,180,999,nfia,1002,43.068401,-78.928314,1596228142,55,55039,0,3104,
1605,0,0,40010,6,0,1015,nftc,1015,43.100716,-78.979904,1596227698,40,40010,0,3082,
1606,40,20,35005,0,-360,1012,brrtc,1006,42.916714,-78.899208,1596228187,35,35005,0,3072,
1607,0,0,3018,4,0,990,socam,990,42.958706,-78.863441,1596228218,3,3018,0,3012,
1609,11,20,11002,0,-120,1015,dlwnr,1013,42.883137,-78.874756,1596228192,11,11002,0,3032,
1610,55,19,55041,0,0,1005,prtc,1005,43.099396,-79.051598,1596226770,55,55041,0,3109,
1611,5,20,5018,0,0,1005,socam,1005,42.954609,-78.820778,1596227895,5,5018,0,3025,
1614,50,20,50024,0,-180,1005,bfhyd,1002,43.088257,-79.026955,1596228137,50,50024,0,3091,
1615,40,20,40008,0,-600,1016,falls,1006,43.040710,-78.980537,1596228213,40,40008,0,3080,
1616,34,19,34009,0,360,994,socam,1000,42.955132,-78.820969,1596228074,34,34009,0,3069,
1618,20,20,3009,0,-60,1006,elmdv,1005,42.915363,-78.877022,1596228191,3,3009,0,3010,
1620,11,20,3011,0,-60,1007,clvkn,1006,42.947731,-78.859230,1596228230,3,3011,0,3005,
1622,0,0,50021,5,0,1007,front,1007,42.994015,-78.929466,1596228184,50,50021,0,3092,
1623,0,0,3019,4,600,1010,ellop,1020,42.881210,-78.871735,1596228212,3,3019,0,3013,
1624,3,20,3012,0,0,1006,tonvl,1006,42.960079,-78.907959,1596227795,3,3012,0,3009,
1703,35,20,35006,0,60,1007,flint,1008,42.991184,-78.792938,1596228187,35,35006,0,3074,
1704,5,20,25007,0,120,1008,ngfry,1010,42.906319,-78.896904,1596228210,25,25007,0,3054,
1705,25,20,25009,0,0,1037,mnngr,1037,43.020580,-78.879593,1596228210,25,25009,0,3059,
1713,60,20,40013,0,-180,1028,giplz,1025,42.891907,-78.883316,1596228148,40,40013,0,3078,
1714,34,20,5019,0,0,1007,advpk,1007,43.001221,-78.816055,1596228237,5,5019,0,3105,
1715,20,19,20014,0,240,1007,ellop,1011,42.884758,-78.876022,1596228211,20,20014,0,3046,
1716,25,19,25006,0,0,1006,dlwkn,1006,42.968494,-78.870811,1596228198,25,25006,0,3058,
1718,24,20,24017,0,60,1007,airpt,1008,42.932030,-78.730446,1596228207,24,24017,0,2070,
1722,0,0,47005,4,0,1005,crspt,1005,43.042030,-78.743362,1596228012,47,47005,0,2092,
1801,52,19,52028,0,-60,1012,lkhyd,1011,43.094639,-79.056320,1596228183,52,52028,0,3099,
1802,25,19,25012,0,0,1010,ellop,1010,42.882557,-78.872147,1596228019,25,25012,0,3056,
1803,5,19,5017,0,120,1007,ellop,1009,42.884869,-78.875793,1596228231,5,5017,0,3028,
1806,25,20,25010,0,0,1006,orch,1006,42.984364,-78.872742,1596228213,25,25010,0,3060,
1807,3,20,3017,0,0,1004,frgrt,1004,42.912697,-78.892548,1596228193,3,3017,0,3011,
1808,11,20,11005,0,0,1032,tnind,1032,43.013817,-78.859421,1596228221,11,11005,0,3034,
1809,20,19,5016,0,60,1005,dlwsh,1006,42.982136,-78.872665,1596228236,5,5016,0,3024,
1810,5,20,20013,0,0,1006,kenml,1006,42.959007,-78.895004,1596228215,20,20013,0,3045,
1811,3,19,5012,0,60,1016,frgrt,1017,42.941574,-78.891991,1596228233,5,5012,0,3026,
1812,5,20,11006,0,-120,1009,brrtc,1007,42.930710,-78.898987,1596228195,11,11006,0,3035,
1813,0,0,25013,4,60,1019,ellop,1020,42.941463,-78.904083,1596228195,25,25013,0,3061,
1815,5,19,5013,0,99999,9999,dlwkn,976,42.929226,-78.897530,1596228184,5,5013,0,3022,
1816,25,20,5015,0,180,1007,dlwkn,1010,42.951416,-78.868797,1596228199,5,5015,0,3021,
1817,42,19,42004,0,2220,953,mohel,990,42.883217,-78.879738,1596228223,42,42004,0,1098,
1818,16,20,16014,0,60,1012,rdgsp,1013,42.845982,-78.823761,1596228209,16,16014,0,1062,
1820,14,20,14012,0,-120,1006,spkls,1004,42.874226,-78.871437,1596228219,14,14012,0,1042,
1821,2,19,2010,0,-180,1014,cltun,1011,42.868038,-78.699844,1596228224,2,2010,0,1082,
1822,0,0,16015,4,60,1009,mowsh,1010,42.887371,-78.872856,1596228225,16,16015,0,1063,
1824,4,19,4005,0,0,1005,bdyfl,1005,42.893887,-78.835297,1596228207,4,4005,0,1018,
1902,25,19,3010,0,-240,1012,dlwdv,1008,42.944103,-78.868202,1596228181,3,3010,0,3008,
1903,0,0,20019,4,-180,1003,ellop,1000,42.882889,-78.872070,1596228231,20,20019,0,3049,
1904,40,19,40012,0,-120,1003,brrtc,1001,42.945999,-78.907692,1596228194,40,40012,0,3084,
1905,3,19,3013,0,0,1005,ellop,1005,42.882832,-78.874825,1596228219,3,3013,0,3007,
1906,5,19,5020,0,0,1010,ellop,1010,42.882614,-78.872406,1596228142,5,5020,0,3023,
1907,25,20,25011,0,0,1004,mnngr,1004,43.020691,-78.878998,1596228233,25,25011,0,3057,
1908,61,20,11004,0,99999,9999,cantn,1026,42.887039,-78.878700,1596228179,11,11004,0,3106,
1909,40,19,55042,0,0,1035,tcbfl,1035,42.883381,-78.872368,1596228202,55,55042,0,3110,
1910,34,20,34007,0,120,1008,hazwd,1010,43.036064,-78.822716,1596228217,34,34007,0,3067,
1911,55,19,55038,0,60,1014,nfbwd,1015,43.143314,-78.883537,1596228181,55,55038,0,3108,
1912,40,19,40011,0,-60,1003,casno,1002,43.088531,-79.059303,1596228130,40,40011,0,3083,
1914,20,19,20016,0,0,1030,ellop,1030,42.882530,-78.872406,1596228121,20,20016,0,3047,
1915,0,0,40016,4,0,1003,tcbfl,1003,42.883354,-78.872337,1596228233,40,40016,0,3086,
1916,50,19,50022,0,-300,1007,prtc,1002,43.094444,-79.056252,1596228200,50,50022,0,3094,
1917,50,20,50025,0,-120,1014,prtc,1012,43.130856,-79.047539,1596228186,50,50025,0,3095,
1918,11,19,11003,0,0,1006,dlwdv,1006,42.932388,-78.865334,1596228210,11,11003,0,3033,
1919,20,20,34011,0,120,1010,dlwsh,1012,42.967533,-78.878700,1596228197,34,34011,0,3070,
1920,55,20,40014,0,-60,1011,mlnfb,1010,43.090157,-78.995987,1596228217,40,40014,0,3085,
1921,5,20,35007,0,60,1034,socam,1035,42.954525,-78.819702,1596228086,35,35007,0,3075,
1922,5,20,5014,0,120,1008,socam,1010,42.958183,-78.829231,1596228196,5,5014,0,3027,
2005,13,20,13006,0,0,1030,socam,1030,42.955101,-78.820480,1596228197,13,13006,0,2036,
2007,12,19,12015,0,60,1007,badlv,1008,42.929913,-78.813744,1596228189,12,12015,0,2015,
2010,26,20,26006,0,60,1014,twyml,1015,42.901699,-78.784081,1596227519,26,26006,0,2080,
2218,34,20,34008,0,240,992,hazwd,996,43.031086,-78.821045,1596228237,34,34008,0,3068,
2508,16,20,16010,0,99999,9999,spkls,963,42.799892,-78.822456,1596228183,16,16010,1,1056,
2510,16,19,16008,0,-420,1013,abtba,1006,42.832783,-78.824165,1596228222,16,16008,0,1059,
2511,0,0,74003,6,360,994,ellop,1000,42.883739,-78.876801,1596228209,74,74003,0,1081,
2512,14,20,14008,0,0,1013,mcmal,1013,42.804100,-78.797554,1596228228,14,14008,0,1040,
2513,19,19,19010,0,-240,1009,baken,1005,42.941189,-78.814003,1596228230,19,19010,0,1073,
2602,18,20,18006,0,-60,1005,dlvst,1004,42.921413,-78.854279,1596228209,18,18006,0,2042,
2603,67,20,67003,0,300,1010,mrvun,1015,42.945202,-78.764053,1596228185,67,67003,0,2095,
2604,0,0,24019,4,-660,1013,marmn,1002,42.890259,-78.874458,1596228196,24,24019,0,2075,
2606,8,20,8006,0,-60,1002,bstmn,1001,42.903648,-78.868835,1596228192,8,8006,0,2006,
2607,2,19,1004,0,0,1009,clmgm,1009,42.880249,-78.844116,1596228186,1,1004,0,1005,
2608,6,20,6011,0,0,1007,sycfl,1007,42.893806,-78.851784,1596228216,6,6011,0,1025,
2610,4,19,46003,0,0,1000,tcbfl,1000,42.883217,-78.873566,1596227960,46,46003,0,1102,
2613,42,20,42007,0,-180,1005,spkls,1002,42.874912,-78.870697,1596228199,42,42007,0,1100,
2614,0,0,14009,6,-480,1002,mohel,994,42.882778,-78.874565,1596228207,14,14009,0,1036,
2615,32,19,32019,0,-180,1013,glrml,1010,42.903759,-78.780693,1596228202,32,32019,0,1091,
2616,1,19,1003,0,120,1008,tcbfl,1010,42.883823,-78.877769,1596228226,1,1003,0,1006,
2617,19,19,19013,0,60,1008,wlmba,1009,42.896774,-78.814339,1596228222,19,19013,0,1038,
2620,1,20,32017,0,0,1014,aptml,1014,42.888386,-78.802803,1596228208,32,32017,0,1089,
2623,69,20,69002,0,-120,1030,aptml,1028,42.881153,-78.878548,1596228236,69,69002,0,1097,
2624,74,20,4008,0,0,1010,athpr,1010,42.776600,-78.860649,1596228204,4,4008,0,1057,
2625,1,20,1006,0,-120,1010,wmmgn,1008,42.885391,-78.872894,1596228233,1,1006,0,1003,
2627,46,19,32015,0,-420,1007,glrml,1000,42.913219,-78.766029,1596228212,32,32015,0,1084,
2628,1,19,1005,0,-60,1012,ogplz,1011,42.883934,-78.761452,1596228233,1,1005,0,1004,
2629,0,0,32010,4,-960,621,twyml,605,99.000000,999.000000,1596203606,32,32010,0,1086,
2702,13,19,8008,0,0,1008,utica,1008,42.914734,-78.842926,1596228200,8,8008,0,2007,
2703,12,20,12023,0,0,1013,badlv,1013,42.910469,-78.835220,1596228214,12,12023,0,2029,
2705,47,19,24013,0,120,1008,socam,1010,42.961124,-78.810135,1596228227,24,24013,0,2054,
2707,0,0,47003,6,-1680,1028,mnaln,1000,42.896473,-78.871033,1596228238,47,47003,0,2091,
2708,0,0,23018,6,240,1021,mnaln,1025,42.900269,-78.870140,1596228174,23,23018,0,2020,
2713,22,20,22006,0,0,1008,wldba,1008,42.903568,-78.831169,1596228229,22,22006,0,2047,
8145,45,99,45145,99,99999,9999,,9999,42.900295,-78.872002,1596227778,45,0,0,45145,
8201,45,99,45201,99,99999,9999,,9999,42.996132,-78.727654,1596228232,45,0,0,45201,
8205,45,99,45205,99,99999,9999,,9999,42.785866,-78.811440,1596228190,45,0,0,45205,
8208,45,99,45208,99,99999,9999,,9999,43.060455,-78.883949,1596228212,45,0,0,45208,
8214,45,99,45214,99,99999,9999,,9999,42.979027,-78.787689,1596228110,45,0,0,45214,
8216,45,99,45216,99,99999,9999,,9999,42.951031,-78.813301,1596228197,45,0,0,45216,
8217,45,99,45217,99,99999,9999,,9999,43.095985,-79.040352,1596226184,45,0,0,45217,
8218,45,99,45218,99,99999,9999,,9999,42.958897,-78.817841,1596228223,45,0,0,45218,
8219,45,99,45219,99,99999,9999,,9999,43.116611,-79.021706,1596228217,45,0,0,45219,
8220,45,99,45220,99,99999,9999,,9999,43.015903,-78.785828,1596228010,45,0,0,45220,
8221,45,99,45221,99,99999,9999,,9999,42.921249,-78.784225,1596228183,45,0,0,45221,
8222,45,99,45222,99,99999,9999,,9999,42.872520,-78.851936,1596228236,45,0,0,45222,
8225,45,99,45225,99,99999,9999,,9999,42.840511,-78.725266,1596228202,45,0,0,45225,
8228,45,99,45228,99,99999,9999,,9999,42.929611,-78.890724,1596228203,45,0,0,45228,
8229,45,99,45229,99,99999,9999,,9999,42.977322,-78.736290,1596228218,45,0,0,45229,
8230,45,99,45230,99,99999,9999,,9999,42.949467,-78.828819,1596228026,45,0,0,45230,
8304,45,99,45304,99,99999,9999,,9999,42.855663,-78.807419,1596228194,45,0,0,45304,
8305,45,99,45305,99,99999,9999,,9999,42.980568,-78.848701,1596228179,45,0,0,45305,
8306,45,99,45306,99,99999,9999,,9999,42.867790,-78.714996,1596228210,45,0,0,45306,
8309,45,99,45309,99,99999,9999,,9999,42.835201,-78.786278,1596227408,45,0,0,45309,
