1001,8,20,8004,0,0,481,amsta,481,42.934643,-78.843971,1596196700,8,8004,0,2091,
1004,22,20,22002,0,180,481,bstgn,484,42.903679,-78.841553,1596196767,22,22002,0,2045,
1005,66,19,66002,0,240,491,ellop,495,42.929527,-78.832100,1596196735,66,66002,0,2057,
1007,48,19,8002,0,-240,484,eccn,480,42.965221,-78.715851,1596196738,8,8002,0,2002,
1008,18,20,18002,0,180,468,dlvst,471,42.897598,-78.854057,1596196761,18,18002,0,2040,
1010,24,20,12006,0,0,484,airpt,484,42.934120,-78.730591,1596196708,12,12006,0,2013,
1011,12,19,12001,0,0,488,filut,488,42.915226,-78.813782,1596196735,12,12001,0,2008,
1014,8,19,13002,0,60,482,dlvst,483,42.927464,-78.851860,1596196745,13,13002,0,2033,
1017,26,20,26004,0,60,481,twyml,482,42.903980,-78.783966,1596196754,26,26004,0,2015,
1018,23,20,23009,0,120,483,hrtpk,485,42.947540,-78.837944,1596196763,23,23009,0,2087,
1020,46,19,4001,0,-120,479,twyml,477,42.902328,-78.783745,1596196751,4,4001,0,1014,
1021,16,19,14001,0,0,485,mowsh,485,42.887482,-78.872818,1596196741,14,14001,0,1032,
1022,0,0,2006,6,0,485,tcbfl,485,42.883465,-78.872368,1596196762,2,2006,0,1046,
1023,4,20,6004,0,0,479,bdyfl,479,42.892815,-78.840027,1596196743,6,6004,0,1024,
1026,6,19,6002,0,0,481,sycmg,481,42.889984,-78.863808,1596196779,6,6002,0,1022,
1027,4,20,32001,0,99999,9999,twyml,458,42.902714,-78.783707,1596195385,32,32001,1,1077,
1030,74,19,74002,0,360,491,ellop,497,42.852940,-78.864220,1596196730,74,74002,0,1005,
1031,6,20,6001,0,0,488,glrml,488,42.910278,-78.763611,1596196743,6,6001,0,1021,
1032,19,19,19007,0,60,480,wlmba,481,42.887066,-78.814308,1596196724,19,19007,0,1085,
1033,6,19,6006,0,-300,483,twyml,478,42.909039,-78.771873,1596196734,6,6006,0,1027,
1034,4,20,4004,0,120,483,twyml,485,42.906731,-78.781471,1596196728,4,4004,0,1017,
1037,1,20,2001,0,0,487,aptml,487,42.888580,-78.751213,1596196702,2,2001,0,1007,
1038,32,20,32004,0,-300,480,dlwam,475,42.940498,-78.872742,1596196746,32,32004,0,1080,
1040,1,19,46001,0,0,500,tcbfl,500,42.883492,-78.872261,1596196769,46,46001,0,1101,
1042,15,19,42003,0,0,482,basen,482,42.862289,-78.819069,1596196780,42,42003,0,1097,
1043,19,20,19002,0,120,481,winsp,483,42.945724,-78.813637,1596196731,19,19002,0,1066,
1044,4,19,70001,0,0,484,bdmgn,484,42.891743,-78.845345,1596196736,70,70001,0,1079,
1045,69,19,2007,0,720,482,hrnmn,494,42.879833,-78.877991,1596196756,2,2007,0,1037,
1047,4,19,4003,0,0,480,tcbfl,480,42.883602,-78.872520,1596196742,4,4003,0,1016,
1049,32,19,32005,0,0,485,brrtc,485,42.945534,-78.906761,1596196079,32,32005,0,1081,
1050,1,20,1002,0,-120,482,wmmgn,480,42.885254,-78.872147,1596196783,1,1002,0,1002,
1052,0,0,14002,6,120,503,bnmc,505,42.898590,-78.868385,1596196728,14,14002,0,1033,
1055,18,20,18003,0,-180,488,genjf,485,42.873867,-78.851158,1596196751,18,18003,0,2016,
1056,47,20,24009,0,-60,483,mnun,482,42.960876,-78.776115,1596196766,24,24009,0,2047,
1057,22,19,26001,0,0,487,lkv,487,42.904751,-78.876953,1596196732,26,26001,0,2077,
1059,48,20,48003,0,180,488,ehmal,491,42.957577,-78.718941,1596196725,48,48003,0,2088,
1061,47,19,49001,0,0,481,mnegt,481,42.964123,-78.793831,1596196759,49,49001,0,2099,
1062,26,20,26002,0,-60,490,badlv,489,42.922131,-78.856888,1596196733,26,26002,0,2079,
1065,24,19,24001,0,0,482,bagen,482,42.914017,-78.810432,1596196783,24,24001,0,2064,
1105,24,19,47002,0,60,460,marmn,461,42.954884,-78.819847,1596196399,47,47002,0,2092,
1106,8,19,8001,0,0,481,wtfrt,481,42.880741,-78.883240,1596196740,8,8001,0,2001,
1107,24,19,24008,0,120,483,marmn,485,42.892403,-78.871178,1596196758,24,24008,0,2058,
1108,12,19,12009,0,180,479,nghmp,482,42.910854,-78.899879,1596196705,12,12009,0,2018,
1109,67,19,67002,0,360,491,ellop,497,42.909973,-78.843452,1596196773,67,67002,0,2046,
1110,64,19,24005,0,780,495,mnaln,508,42.949329,-78.908997,1596196739,24,24005,0,2068,
1111,23,20,23006,0,60,489,brrtc,490,42.947788,-78.876427,1596196769,23,23006,0,2054,
1112,44,19,44005,0,-180,491,mlptr,488,43.140617,-78.696831,1596196771,44,44005,0,2041,
1113,12,20,12011,0,0,487,badlv,487,42.911652,-78.832397,1596196730,12,12011,0,2021,
1114,24,20,24006,0,0,480,bagen,480,42.912094,-78.814934,1596196737,24,24006,0,2004,
1116,13,19,13001,0,120,480,dlvgr,482,42.923752,-78.829193,1596196760,13,13001,0,2032,
1118,24,19,24002,0,-240,479,marmn,475,42.877277,-78.877769,1596196776,24,24002,0,2065,
1120,23,20,23008,0,-180,491,bdyfl,488,42.858002,-78.831871,1596196740,23,23008,0,2056,
1122,49,19,48001,0,0,478,socam,478,42.957001,-78.819290,1596196781,48,48001,0,2094,
1123,44,19,44003,0,0,480,wnbrg,480,43.010651,-78.778648,1596196727,44,44003,0,2085,
1124,48,20,18001,0,0,485,ehmal,485,42.973389,-78.693703,1596196706,18,18001,0,2039,
1126,23,19,23007,0,60,488,hrtpk,489,42.947704,-78.878403,1596196761,23,23007,0,2069,
1127,12,20,12007,0,0,486,knegt,486,42.929859,-78.804367,1596196739,12,12007,0,2014,
1128,44,20,44002,0,0,481,mlptr,481,43.073078,-78.706772,1596196758,44,44002,0,2084,
1129,24,20,24003,0,0,487,airpt,487,42.934174,-78.730408,1596196626,24,24003,0,2066,
1130,12,19,12010,0,60,480,utica,481,42.911297,-78.865593,1596196746,12,12010,0,2020,
1203,32,20,4002,0,0,480,ungen,480,42.928677,-78.754265,1596196758,4,4002,0,1015,
1204,16,19,16001,0,-180,481,mcmal,478,42.788647,-78.811218,1596196747,16,16001,0,1051,
1205,42,19,42001,0,-180,481,tpodl,478,42.827145,-78.843452,1596196752,42,42001,0,1095,
1206,6,20,6005,0,-60,485,twyml,484,42.906841,-78.798485,1596196778,6,6005,0,1084,
1208,1,19,1001,0,0,489,wmmgn,489,42.884949,-78.830757,1596196761,1,1001,0,1001,
1211,0,0,74001,5,99999,9999,,9999,42.882694,-78.824394,1596196737,74,74001,0,1071,
1212,14,19,14005,0,120,486,spkls,488,42.858578,-78.833588,1596196756,14,14005,0,1018,
1213,23,20,23001,0,0,485,brrtc,485,42.945644,-78.907356,1596196576,23,23001,0,2049,
1214,26,19,22001,0,60,480,elmdv,481,42.922241,-78.876389,1596196769,22,22001,0,2044,
1502,20,20,20009,0,-60,480,elmnr,479,42.899334,-78.877022,1596196756,20,20009,0,3023,
1504,5,19,5007,0,60,487,ellop,488,42.890312,-78.881973,1596196772,5,5007,0,3020,
1505,20,19,20006,0,60,482,elmdv,483,42.926750,-78.877060,1596196775,20,20006,0,3041,
1507,25,20,5002,0,0,486,orch,486,42.988377,-78.873077,1596196768,5,5002,0,3015,
1508,5,19,5005,0,120,481,ngfry,483,42.917374,-78.899208,1596196766,5,5005,0,3018,
1512,11,19,3003,0,-240,479,ellop,475,42.882942,-78.872597,1596196766,3,3003,0,3003,
1517,55,20,55034,0,-180,490,nfia,487,43.093044,-78.973877,1596196773,55,55034,0,3105,
1518,3,19,3005,0,-60,481,sklmt,480,42.960629,-78.897720,1596196729,3,3005,0,3021,
1519,11,19,3004,0,120,482,dlwnr,484,42.906921,-78.871735,1596196748,3,3004,0,3004,
1520,50,20,50019,0,-60,485,nuniv,484,43.153625,-79.032204,1596196712,50,50019,0,3089,
1601,34,19,11001,0,540,471,socam,480,42.954964,-78.820000,1596196688,11,11001,0,3031,
1605,40,19,40003,0,60,500,tcbfl,501,42.938492,-78.904343,1596196757,40,40003,0,3104,
1606,55,20,55031,0,0,484,boces,484,43.145786,-78.866005,1596196613,55,55031,0,3101,
1609,25,19,25002,0,0,481,dlwdv,481,42.928181,-78.867569,1596196735,25,25002,0,3052,
1611,3,20,3007,0,-120,485,sklmt,483,42.941326,-78.891914,1596196749,3,3007,0,3006,
1616,3,19,5004,0,60,501,ellop,502,42.882530,-78.872444,1596196736,5,5004,0,3017,
1618,35,19,35003,0,-60,486,nfbsh,485,42.991074,-78.798744,1596196770,35,35003,0,3042,
1620,40,20,40002,0,0,499,prtc,499,43.099422,-79.051559,1596195345,40,40002,0,3077,
1622,34,20,34003,0,180,474,hazwd,477,43.001331,-78.837158,1596196729,34,34003,0,3098,
1623,61,19,25004,0,0,490,ellop,490,42.882584,-78.872299,1596196407,25,25004,0,3055,
1703,40,20,55032,0,-240,485,giplz,481,42.996021,-78.931366,1596196733,55,55032,0,3102,
1704,55,20,55035,0,-120,489,pnhyd,487,43.086994,-79.059151,1596196754,55,55035,0,3106,
1705,20,20,5001,0,60,486,orch,487,42.988682,-78.873039,1596196754,5,5001,0,3014,
1714,5,20,20001,0,0,479,kenml,479,42.958542,-78.887444,1596196783,20,20001,0,3036,
1715,52,19,52027,0,99999,9999,olopc,423,43.100796,-78.979980,1596196755,52,52027,0,3097,
1716,11,20,5008,0,0,484,prpky,484,42.968990,-78.858414,1596196762,5,5008,0,3022,
1717,12,20,12005,0,120,493,ctyli,495,42.958649,-78.814568,1596196779,12,12005,0,2012,
1718,47,20,24007,0,99999,9999,eccn,454,42.938576,-78.717896,1596196731,24,24007,0,2035,
1722,12,20,12002,0,99999,9999,badlv,426,42.916851,-78.813675,1596193405,12,12002,0,2009,
1801,40,20,40004,0,-120,497,brrtc,495,42.892841,-78.884171,1596196727,40,40004,0,3078,
1802,0,0,3008,4,-300,484,tonvl,479,42.959034,-78.890160,1596196764,3,3008,0,3093,
1803,60,19,40001,0,660,491,tcbfl,502,42.883411,-78.872299,1596196715,40,40001,0,3076,
1806,5,20,34005,0,120,482,ngfry,484,42.908958,-78.899284,1596196749,34,34005,0,3007,
1807,3,19,20004,0,60,481,frgrt,482,42.918667,-78.890686,1596196751,20,20004,0,3039,
1808,11,19,25003,0,-180,487,prpky,484,43.006691,-78.846870,1596196764,25,25003,0,3053,
1809,52,19,52026,0,0,495,olopc,495,43.154396,-79.035179,1596196721,52,52026,0,3096,
1810,3,20,3006,0,60,481,frgrt,482,42.913414,-78.891129,1596196777,3,3006,0,3091,
1811,20,19,20010,0,0,480,ellop,480,42.882584,-78.872185,1596196678,20,20010,0,3008,
1815,35,20,35002,0,99999,9999,wtrgt,478,42.940281,-78.906876,1596196760,35,35002,0,3032,
1816,5,20,20003,0,180,462,socam,465,42.958706,-78.867722,1596196743,20,20003,0,3038,
1817,15,20,15004,0,180,483,sogat,486,42.829346,-78.765060,1596196768,15,15004,0,1070,
1818,2,19,2002,0,60,487,tcbfl,488,42.885914,-78.873932,1596196754,2,2002,0,1008,
1820,32,19,32008,0,60,483,dlwam,484,42.941269,-78.855469,1596196739,32,32008,0,1004,
1822,32,19,32003,0,-60,480,clwbr,479,42.945091,-78.772018,1596196782,32,32003,0,1003,
1824,14,19,16003,0,0,501,bnmc,501,42.898590,-78.868759,1596196750,16,16003,0,1053,
1902,35,20,5011,0,0,479,nfbsh,479,42.980652,-78.825729,1596196738,5,5011,0,3065,
1903,20,19,20005,0,-120,479,elmnr,477,42.902798,-78.877213,1596196752,20,20005,0,3040,
1904,0,0,55037,4,-60,491,prtc,490,43.088974,-79.045082,1596196753,55,55037,0,3056,
1905,40,19,55033,0,-300,493,giplz,488,43.083553,-79.054459,1596196763,55,55033,0,3103,
1906,61,19,5003,0,360,483,ellop,489,42.890808,-78.890274,1596196745,5,5003,0,3016,
1907,5,20,5006,0,300,490,socam,495,42.954441,-78.821007,1596196776,5,5006,0,3019,
1908,35,19,35001,0,0,530,brrtc,530,42.945313,-78.907135,1596196665,35,35001,0,3071,
1909,5,20,34002,0,0,480,socam,480,42.954250,-78.820709,1596196092,34,34002,0,3064,
1910,20,20,20008,0,300,481,elken,486,42.955074,-78.878250,1596196773,20,20008,0,3054,
1911,34,19,34004,0,-60,484,nfbma,483,43.018299,-78.822342,1596196767,34,34004,0,3024,
1912,20,19,20007,0,-240,487,elken,483,42.980953,-78.875755,1596196758,20,20007,0,3005,
1914,25,20,25001,0,-60,492,dlwkn,491,42.923946,-78.867424,1596196751,25,25001,0,3051,
1915,3,19,34006,0,240,488,ellop,492,42.889874,-78.878738,1596196777,34,34006,0,3066,
1916,55,19,55036,0,0,480,nftc,480,43.097004,-78.974617,1596196744,55,55036,0,3107,
1918,5,19,3001,0,0,490,ellop,490,42.882477,-78.872185,1596196714,3,3001,0,3001,
1919,5,20,5010,0,0,485,brrtc,485,42.927464,-78.897606,1596196742,5,5010,0,3033,
1920,11,20,3002,0,-180,489,dlwnr,486,42.883163,-78.874825,1596196757,3,3002,0,3002,
1921,5,19,20002,0,180,483,brrtc,486,42.956806,-78.911865,1596196748,20,20002,0,3037,
1922,25,19,5009,0,0,480,ellop,480,42.882557,-78.872147,1596196779,5,5009,0,3072,
2001,0,0,24004,6,1620,471,socam,498,42.955158,-78.820595,1596196220,24,24004,0,2067,
2005,23,19,23004,0,0,483,mnfil,483,42.944405,-78.833885,1596196748,23,23004,0,2052,
2007,13,19,13003,0,0,475,utica,475,42.911324,-78.865562,1596196775,13,13003,0,2019,
2010,23,20,23003,0,-60,482,flfry,481,42.905987,-78.839355,1596196772,23,23003,0,2051,
2011,23,19,23005,0,0,484,bdyfl,484,42.904476,-78.839096,1596196746,23,23005,0,2053,
2129,2,19,2004,0,0,484,cltun,484,42.868340,-78.747231,1596196770,2,2004,0,1010,
2203,0,0,34001,6,60,486,hazwd,487,43.008369,-78.822495,1596196769,34,34001,0,3063,
2215,50,19,50018,0,-240,481,mlnfb,477,43.090458,-78.968407,1596196684,50,50018,0,3088,
2218,50,20,50020,0,-180,481,bfhyd,478,43.082539,-79.018990,1596196776,50,50020,0,3090,
2502,14,20,14003,0,0,492,shops,492,42.832397,-78.785194,1596196733,14,14003,0,1034,
2503,19,20,19006,0,0,487,badlv,487,42.901314,-78.814156,1596196754,19,19006,0,1069,
2504,72,19,72001,0,-60,504,hrnmn,503,42.832397,-78.785233,1596196780,72,72001,0,1073,
2507,76,19,76001,0,0,476,athpr,476,42.808941,-78.845940,1596196766,76,76001,0,1026,
2508,0,0,69001,5,1020,9999,,9999,42.881596,-78.826103,1596196732,69,69001,0,1056,
2511,46,19,46002,0,-180,484,ctrbd,481,42.915642,-78.672897,1596196783,46,46002,0,1036,
2513,2,20,32007,0,0,479,cltba,479,42.874416,-78.826660,1596196730,32,32007,0,1072,
2514,16,19,16002,0,120,485,spkls,487,42.859623,-78.836975,1596196767,16,16002,0,1052,
2515,2,20,2003,0,240,488,fltbk,492,42.848896,-78.698242,1596196757,2,2003,0,1009,
2602,26,19,26003,0,-120,485,gnhar,483,42.905025,-78.780914,1596196695,26,26003,0,2078,
2603,23,19,23002,0,60,489,abtba,490,42.857559,-78.829269,1596196747,23,23002,0,2050,
2604,12,20,12008,0,-60,484,utica,483,42.911266,-78.873634,1596196746,12,12008,0,2096,
2606,48,19,48002,0,180,487,socam,490,42.955101,-78.820450,1596196677,48,48002,0,2095,
2608,14,20,14004,0,0,504,eccs,504,42.772556,-78.797440,1596196753,14,14004,0,1035,
2610,6,19,6003,0,0,480,wtfrt,480,42.880138,-78.883095,1596196622,6,6003,0,1023,
2612,75,19,14006,0,-180,484,basen,481,42.858990,-78.814308,1596196732,14,14006,0,1038,
2613,15,20,15003,0,0,483,sensm,483,42.879696,-78.863510,1596196772,15,15003,0,1045,
2615,42,20,42002,0,-60,482,lcvtc,481,42.825825,-78.831093,1596196764,42,42002,0,1096,
2616,14,20,16004,0,0,484,abtba,484,42.865150,-78.846504,1596196764,16,16004,0,1054,
2617,19,19,19004,0,0,485,bagen,485,42.926228,-78.814003,1596196725,19,19004,0,1068,
2618,15,20,15001,0,120,476,sogat,478,42.827446,-78.754715,1596196042,15,15001,0,1043,
2619,19,20,19001,0,180,477,socam,480,42.954361,-78.821152,1596196614,19,19001,0,1065,
2620,19,19,19003,0,300,479,abtba,484,42.857586,-78.828972,1596196541,19,19003,0,1067,
2623,15,19,15002,0,240,486,lterr,490,42.883026,-78.879890,1596196669,15,15002,0,1044,
2624,32,20,32006,0,240,496,twyml,500,42.902935,-78.783928,1596196570,32,32006,0,1082,
2627,16,20,16006,0,-60,487,abtba,486,42.871559,-78.863884,1596196780,16,16006,0,1057,
2628,16,20,16005,0,0,488,rdgsp,488,42.849861,-78.824242,1596196778,16,16005,0,1025,
2701,22,20,8003,0,0,481,twyml,481,42.903320,-78.783630,1596196777,8,8003,0,2003,
2702,12,20,12003,0,120,478,ctyli,480,42.958733,-78.814865,1596196740,12,12003,0,2010,
2703,44,20,44004,0,-60,480,flint,479,42.995804,-78.791000,1596196749,44,44004,0,2086,
2704,81,19,47001,0,0,486,dlvgr,486,42.932827,-78.826813,1596196766,47,47001,0,2034,
2707,12,19,12004,0,-120,481,nghmp,479,42.914703,-78.899803,1596196736,12,12004,0,2011,
2713,13,20,44001,0,0,485,socam,485,42.948833,-78.813934,1596196691,44,44001,0,2083,
6015,444,99,444444,99,99999,9999,,9999,42.883739,-78.871735,1596195579,444,0,0,444444,
8201,45,99,45201,99,99999,9999,,9999,42.837128,-78.824097,1596196761,45,0,0,45201,
8208,45,99,45208,99,99999,9999,,9999,43.022697,-78.738632,1596196624,45,0,0,45208,
8211,45,99,45211,99,99999,9999,,9999,42.880909,-78.865669,1596196768,45,0,0,45211,
8213,45,99,45213,99,99999,9999,,9999,42.991676,-78.785866,1596196552,45,0,0,45213,
8216,45,99,45216,99,99999,9999,,9999,42.932800,-78.901627,1596196782,45,0,0,45216,
8217,45,99,45217,99,99999,9999,,9999,42.992336,-78.817505,1596196670,45,0,0,45217,
8218,45,99,45218,99,99999,9999,,9999,42.933075,-78.800125,1596196759,45,0,0,45218,
8219,45,99,45219,99,99999,9999,,9999,42.987083,-78.875389,1596196676,45,0,0,45219,
8220,45,99,45220,99,99999,9999,,9999,42.949989,-78.856178,1596196727,45,0,0,45220,
8221,45,99,45221,99,99999,9999,,9999,43.014694,-78.842590,1596196320,45,0,0,45221,
8224,45,99,45224,99,99999,9999,,9999,43.120213,-78.692436,1596196744,45,0,0,45224,
8225,45,99,45225,99,99999,9999,,9999,42.930794,-78.827034,1596196752,45,0,0,45225,
8226,45,99,45226,99,99999,9999,,9999,99.000000,999.000000,1596196575,45,0,0,45226,
8227,45,99,45227,99,99999,9999,,9999,42.791588,-78.812294,1596196501,45,0,0,45227,
8229,45,99,45229,99,99999,9999,,9999,42.957989,-78.819664,1596196773,45,0,0,45229,
8230,45,99,45230,99,99999,9999,,9999,42.965279,-78.697945,1596196729,45,0,0,45230,
8231,45,99,45231,99,99999,9999,,9999,42.959614,-78.890388,1596196745,45,0,0,45231,
8232,45,99,45232,99,99999,9999,,9999,42.997509,-78.827888,1596196750,45,0,0,45232,
8233,45,99,45233,99,99999,9999,,9999,99.000000,999.000000,1596195388,45,0,0,45233,
8234,45,99,45234,99,99999,9999,,9999,42.953781,-78.823311,1596196779,45,0,0,45234,
8236,45,99,45236,99,99999,9999,,9999,99.000000,999.000000,1596184755,45,0,0,45236,
8237,45,99,45237,99,99999,9999,,9999,42.955654,-78.877991,1596196557,45,0,0,45237,
8238,45,99,45238,99,99999,9999,,9999,42.962418,-78.900475,1596196749,45,0,0,45238,
8239,45,99,45239,99,99999,9999,,9999,42.975700,-78.786316,1596196724,45,0,0,45239,
8240,45,99,45240,99,99999,9999,,9999,42.931702,-78.827034,1596196778,45,0,0,45240,
8241,45,99,45241,99,99999,9999,,9999,42.950592,-78.869095,1596196762,45,0,0,45241,
8301,45,99,45301,99,99999,9999,,9999,43.000614,-78.691734,1596196740,45,0,0,45301,
8302,45,99,45302,99,99999,9999,,9999,42.872932,-78.822754,1596196775,45,0,0,45302,
8308,45,99,45308,99,99999,9999,,9999,43.031113,-78.753296,1596196590,45,0,0,45308,
8310,45,99,45310,99,99999,9999,,9999,42.864849,-78.787689,1596196130,45,0,0,45310,
