1001,0,0,8004,4,-480,412,socam,404,42.917068,-78.861908,1596191779,8,8004,0,2091,
1003,12,19,12003,0,-60,398,nghmp,397,42.915283,-78.891693,1596191682,12,12003,0,2010,
1004,22,20,22002,0,60,419,twyml,420,42.903294,-78.783371,1596191787,22,22002,0,2045,
1007,48,19,8002,0,0,401,mnegt,401,42.962227,-78.779877,1596191794,8,8002,0,2002,
1008,18,20,18002,0,0,401,dlvst,401,42.909454,-78.853943,1596191782,18,18002,0,2040,
1010,24,19,12006,0,0,416,marmn,416,42.877277,-78.877769,1596191728,12,12006,0,2013,
1011,12,20,12001,0,60,398,filut,399,42.910965,-78.843895,1596191755,12,12001,0,2008,
1014,13,19,13002,0,60,402,utica,403,42.914734,-78.846466,1596191765,13,13002,0,2033,
1017,0,0,26004,4,180,387,twyml,390,42.906372,-78.780617,1596191770,26,26004,0,2015,
1020,4,20,4001,0,0,400,twyml,400,42.902328,-78.783745,1596191474,4,4001,0,1014,
1021,16,20,14001,0,0,406,mnbfl,406,42.715660,-78.827515,1596191759,14,14001,0,1032,
1022,0,0,2006,4,-180,418,eaura,415,42.855499,-78.791710,1596191783,2,2006,0,1046,
1023,32,20,6004,0,60,411,twyml,412,42.903484,-78.783333,1596191778,6,6004,0,1024,
1026,6,20,6002,0,-120,404,sycmg,402,42.877193,-78.876648,1596191740,6,6002,0,1022,
1027,4,19,32001,0,0,399,bdmgn,399,42.889515,-78.855438,1596191774,32,32001,0,1077,
1029,0,0,2005,4,60,401,fltbk,402,42.848843,-78.698059,1596191701,2,2005,0,1083,
1031,6,19,6001,0,0,403,sycmg,403,42.897243,-78.840698,1596191797,6,6001,0,1021,
1032,0,0,19007,4,-180,403,abtba,400,42.865452,-78.824951,1596191746,19,19007,0,1085,
1033,0,0,6006,4,540,401,athpr,410,42.773849,-78.862099,1596191754,6,6006,0,1027,
1034,0,0,4004,4,0,401,michl,401,42.896996,-78.812813,1596191748,4,4004,0,1017,
1038,32,19,32004,0,120,401,knhty,403,42.944954,-78.780174,1596191766,32,32004,0,1080,
1040,1,20,46001,0,-180,401,wmbck,398,42.885059,-78.849068,1596191790,46,46001,0,1101,
1042,42,20,42003,0,-240,406,spkls,402,42.885197,-78.873116,1596191742,42,42003,0,1097,
1043,19,20,19002,0,120,403,socam,405,42.955021,-78.820114,1596191751,19,19002,0,1066,
1044,70,19,70001,0,-60,403,cltun,402,42.858906,-78.680305,1596191756,70,70001,0,1079,
1047,1,19,4003,0,-60,396,tcbfl,395,42.883518,-78.872665,1596191761,4,4003,0,1016,
1049,0,0,32005,4,99999,9999,twyml,390,42.906620,-78.780579,1596191754,32,32005,0,1081,
1050,76,19,1002,0,0,403,angla,403,42.623508,-79.094734,1596191626,1,1002,0,1002,
1052,14,20,14002,0,0,403,mcmal,403,42.800114,-78.796066,1596191748,14,14002,0,1033,
1055,18,19,18003,0,60,402,spkls,403,42.876644,-78.853500,1596191772,18,18003,0,2016,
1057,26,20,26001,0,-120,398,dlvst,396,42.922211,-78.867645,1596191751,26,26001,0,2077,
1061,13,20,49001,0,120,397,socam,399,42.954441,-78.819778,1596191601,49,49001,0,2099,
1062,26,20,26002,0,120,398,twyml,400,42.902824,-78.784676,1596191773,26,26002,0,2079,
1065,24,20,24001,0,-60,402,genmn,401,42.882805,-78.872894,1596191744,24,24001,0,2064,
1106,13,20,8001,0,-60,401,dlvgr,400,42.914513,-78.835152,1596191759,8,8001,0,2001,
1108,0,0,12009,4,-60,401,ctyli,400,42.955544,-78.820892,1596191784,12,12009,0,2018,
1110,44,20,24005,0,120,412,lkpt,414,43.084492,-78.696686,1596191788,24,24005,0,2068,
1111,23,19,23006,0,60,400,mnfil,401,42.945423,-78.832428,1596191790,23,23006,0,2054,
1112,0,0,44005,4,-240,405,socam,401,42.947239,-78.830200,1596191792,44,44005,0,2041,
1114,0,0,24006,4,60,392,airpt,393,42.934147,-78.730629,1596191757,24,24006,0,2004,
1115,0,0,67001,4,-60,406,eccn,405,42.931068,-78.743919,1596191739,67,67001,0,2017,
1116,48,20,13001,0,0,405,ehmal,405,42.973473,-78.693703,1596191779,13,13001,0,2032,
1118,24,20,24002,0,0,400,airpt,400,42.934204,-78.718826,1596191792,24,24002,0,2065,
1120,0,0,23008,4,99999,9999,brrtc,408,42.945122,-78.907433,1596191759,23,23008,0,2056,
1122,49,20,48001,0,60,396,mpltr,397,42.988983,-78.696983,1596191742,48,48001,0,2094,
1123,44,20,44003,0,120,409,crspt,411,43.014694,-78.789070,1596191747,44,44003,0,2085,
1124,8,20,18001,0,-180,405,mnaln,402,42.879452,-78.875275,1596191785,18,18001,0,2039,
1126,0,0,23007,4,-360,406,abtba,400,42.870045,-78.845535,1596191780,23,23007,0,2069,
1127,12,19,12007,0,-60,402,badlv,401,42.929939,-78.799896,1596191757,12,12007,0,2014,
1128,44,19,44002,0,-120,401,mlptr,399,43.106571,-78.696831,1596191778,44,44002,0,2084,
1129,24,19,24003,0,120,399,genmn,401,42.895756,-78.855064,1596191764,24,24003,0,2066,
1203,32,19,4002,0,0,398,bflst,398,42.937283,-78.878586,1596191779,4,4002,0,1015,
1204,16,20,16001,0,-180,399,abtba,396,42.863361,-78.843155,1596191767,16,16001,0,1051,
1205,74,19,42001,0,120,407,ellop,409,42.859650,-78.867752,1596191773,42,42001,0,1095,
1206,0,0,6005,4,0,399,glrml,399,42.910416,-78.763641,1596191622,6,6005,0,1084,
1207,46,19,32002,0,0,405,twyml,405,42.902851,-78.783707,1596191614,32,32002,0,1078,
1208,2,19,1001,0,300,400,tcbfl,405,42.883713,-78.877396,1596191781,1,1001,0,1001,
1211,0,0,74001,4,-360,417,hrmhl,411,42.873951,-78.812889,1596191756,74,74001,0,1071,
1213,23,19,23001,0,60,399,bdyfl,400,42.898289,-78.839355,1596191775,23,23001,0,2049,
1214,22,19,22001,0,0,397,lkv,397,42.899689,-78.895447,1596191789,22,22001,0,2044,
1502,5,19,20009,0,-180,409,dlwkn,406,42.958157,-78.823570,1596191776,20,20009,0,3023,
1504,34,20,5007,0,360,376,advpk,382,42.958706,-78.814636,1596191734,5,5007,0,3020,
1505,20,19,20006,0,180,402,ellop,405,42.882584,-78.872299,1596191772,20,20006,0,3041,
1507,3,19,5002,0,-60,406,trcem,405,42.911900,-78.893661,1596191788,5,5002,0,3015,
1508,5,20,5005,0,120,401,kenml,403,42.954304,-78.899506,1596191786,5,5005,0,3018,
1512,11,20,3003,0,60,398,tnind,399,43.012249,-78.854614,1596191785,3,3003,0,3003,
1517,55,19,55034,0,0,396,mlnfb,396,43.091476,-78.968887,1596191795,55,55034,0,3105,
1518,3,19,3005,0,240,421,ellop,425,42.882614,-78.872406,1596191749,3,3005,0,3021,
1519,11,20,3004,0,0,401,dlwdv,401,42.904942,-78.872185,1596191768,3,3004,0,3004,
1520,50,20,50019,0,0,414,nftc,414,43.100716,-78.979942,1596191733,50,50019,0,3089,
1601,34,19,11001,0,60,404,socam,405,42.955158,-78.820297,1596191767,11,11001,0,3031,
1605,40,20,40003,0,-180,401,giplz,398,42.998386,-78.935982,1596191777,40,40003,0,3104,
1606,55,19,55031,0,60,398,prtc,399,43.094746,-79.048920,1596191752,55,55031,0,3101,
1609,25,20,25002,0,60,397,orch,398,42.987194,-78.873154,1596191754,25,25002,0,3052,
1611,3,19,3007,0,0,413,frgrt,413,42.955624,-78.889832,1596191752,3,3007,0,3006,
1615,0,0,60001,4,540,396,nftc,405,43.100605,-78.980499,1596191743,60,60001,0,3092,
1616,3,20,5004,0,-360,399,trcem,393,42.888058,-78.879219,1596191755,5,5004,0,3017,
1620,40,19,40002,0,0,397,tcbfl,397,42.883354,-78.872337,1596191438,40,40002,0,3077,
1622,34,19,34003,0,-120,406,nfbma,404,43.036064,-78.822792,1596191750,34,34003,0,3098,
1703,40,19,55032,0,60,405,ngvln,406,43.002731,-78.946144,1596191752,55,55032,0,3102,
1705,5,19,5001,0,120,401,ngfry,403,42.928261,-78.897568,1596191775,5,5001,0,3014,
1714,20,19,20001,0,0,398,elken,398,42.963711,-78.878807,1596191745,20,20001,0,3036,
1715,52,19,52027,0,0,403,lkhyd,403,43.096233,-79.055359,1596191657,52,52027,0,3097,
1716,5,19,5008,0,0,408,brrtc,408,42.961594,-78.893814,1596191782,5,5008,0,3022,
1722,12,19,12002,0,660,379,nghmp,390,42.915173,-78.899170,1596191749,12,12002,0,2009,
1801,0,0,40004,4,0,397,prtc,397,43.099422,-79.051407,1596191688,40,40004,0,3078,
1803,52,20,40001,0,0,399,pnhyd,399,43.102036,-79.027473,1596191796,40,40001,0,3076,
1806,0,0,34005,4,660,402,orch,413,42.988350,-78.873077,1596191769,34,34005,0,3007,
1807,11,19,20004,0,180,404,ellop,407,42.882584,-78.872261,1596191771,20,20004,0,3039,
1808,25,19,25003,0,300,403,ellop,408,42.891029,-78.876724,1596191784,25,25003,0,3053,
1809,55,20,52026,0,-60,404,pnhyd,403,43.087654,-79.059189,1596191742,52,52026,0,3096,
1810,25,19,3006,0,-120,402,orch,400,43.012356,-78.872223,1596191798,3,3006,0,3091,
1815,35,19,35002,0,-60,402,nfbsh,401,42.991238,-78.795097,1596191780,35,35002,0,3032,
1816,5,20,20003,0,-120,401,ngvrg,399,42.885857,-78.877617,1596191762,20,20003,0,3038,
1817,0,0,15004,4,-540,402,sogat,393,42.831188,-78.753746,1596191788,15,15004,0,1070,
1818,2,20,2002,0,0,396,cltun,396,42.853657,-78.754974,1596191775,2,2002,0,1008,
1819,2,19,2001,0,99999,9999,cltun,386,42.871941,-78.809540,1596191772,2,2001,0,1007,
1822,32,20,32003,0,0,396,amhba,396,42.940117,-78.819550,1596191743,32,32003,0,1003,
1824,14,20,16003,0,0,403,abtba,403,42.871037,-78.860718,1596191771,16,16003,0,1053,
1903,20,20,20005,0,-180,404,elmnr,401,42.885941,-78.876686,1596191773,20,20005,0,3040,
1905,55,20,55033,0,-120,407,sbprk,405,43.089275,-78.972725,1596191665,55,55033,0,3103,
1906,5,19,5003,0,0,400,ellop,400,42.882557,-78.872070,1596191645,5,5003,0,3016,
1907,5,19,5006,0,120,403,ellop,405,42.887810,-78.879593,1596191797,5,5006,0,3019,
1908,35,20,35001,0,0,398,flint,398,42.993713,-78.791489,1596191746,35,35001,0,3071,
1909,25,19,34002,0,0,405,ellop,405,42.882557,-78.872147,1596191694,34,34002,0,3064,
1910,11,19,20008,0,240,399,clvkn,403,42.963654,-78.858414,1596191795,20,20008,0,3054,
1911,35,20,34004,0,-60,400,ens,399,42.978531,-78.908958,1596191786,34,34004,0,3024,
1912,20,19,20007,0,-180,399,elmdv,396,42.932114,-78.877098,1596191763,20,20007,0,3005,
1914,20,20,25001,0,-60,399,dlwsh,398,42.974106,-78.878700,1596191746,25,25001,0,3051,
1915,0,0,34006,4,0,440,tonvl,440,42.959282,-78.890724,1596191738,34,34006,0,3066,
1918,5,20,3001,0,0,400,socam,400,42.954250,-78.820709,1596191736,3,3001,0,3001,
1919,0,0,5010,4,99999,9999,tonvl,403,42.960026,-78.907990,1596191787,5,5010,0,3033,
1920,3,20,3002,0,60,417,tonvl,418,42.960106,-78.907959,1596191788,3,3002,0,3002,
1921,5,20,20002,0,60,403,brrtc,404,42.927769,-78.897530,1596191768,20,20002,0,3037,
1922,0,0,5009,4,120,401,mdcty,403,43.050446,-78.876053,1596191741,5,5009,0,3072,
2001,44,20,24004,0,-300,406,lkpt,401,43.169685,-78.690247,1596191204,24,24004,0,2067,
2005,23,20,23004,0,-240,407,bdyfl,403,42.860008,-78.838425,1596191742,23,23004,0,2052,
2010,23,19,23003,0,-300,413,hrtpk,408,42.943497,-78.907135,1596191766,23,23003,0,2051,
2011,23,20,23005,0,0,396,flfry,396,42.914513,-78.839317,1596191798,23,23005,0,2053,
2129,2,20,2004,0,-60,402,clmgm,401,42.885666,-78.875237,1596191764,2,2004,0,1010,
2203,34,20,34001,0,-60,406,audbn,405,43.009167,-78.822495,1596191761,34,34001,0,3063,
2215,50,20,50018,0,-180,405,prtc,402,43.122330,-79.050110,1596191796,50,50018,0,3088,
2218,50,19,50020,0,-120,400,olopc,398,43.142624,-79.039391,1596191762,50,50020,0,3090,
2502,42,19,14003,0,-60,403,spkls,402,42.851208,-78.863586,1596191782,14,14003,0,1034,
2503,19,20,19006,0,0,399,badlv,399,42.912258,-78.814003,1596191570,19,19006,0,1069,
2507,0,0,76001,4,-660,433,senbg,422,42.855469,-78.791862,1596191787,76,76001,0,1026,
2508,0,0,69001,4,-240,406,alden,402,42.899551,-78.667503,1596191781,69,69001,0,1056,
2510,19,19,19005,0,0,399,bdyba,399,42.899059,-78.814308,1596191784,19,19005,0,1055,
2511,46,19,46002,0,-60,403,harlq,402,42.910416,-78.742462,1596191794,46,46002,0,1036,
2514,16,19,16002,0,300,397,mowsh,402,42.887314,-78.873268,1596191755,16,16002,0,1052,
2515,1,19,2003,0,-180,398,wmbck,395,42.884949,-78.814529,1596191752,2,2003,0,1009,
2602,26,19,26003,0,60,396,elmdv,397,42.922268,-78.869431,1596191747,26,26003,0,2078,
2603,23,20,23002,0,60,409,brrtc,410,42.947731,-78.856293,1596191740,23,23002,0,2050,
2604,0,0,12008,4,120,389,ctyli,391,42.958649,-78.814674,1596191735,12,12008,0,2096,
2606,48,20,48002,0,-60,400,mnun,399,42.959694,-78.772575,1596191794,48,48002,0,2095,
2608,14,19,14004,0,-60,407,bnmc,406,42.882229,-78.874527,1596191745,14,14004,0,1035,
2610,6,20,6003,0,120,399,glrml,401,42.908684,-78.772209,1596191787,6,6003,0,1023,
2613,15,20,15003,0,0,405,sogat,405,42.843151,-78.791000,1596191765,15,15003,0,1045,
2615,42,19,42002,0,0,397,shops,397,42.828823,-78.784897,1596191758,42,42002,0,1096,
2616,16,19,16004,0,60,399,rdgsp,400,42.816586,-78.824242,1596191752,16,16004,0,1054,
2617,16,19,19004,0,0,401,spkls,401,42.857834,-78.831429,1596191776,19,19004,0,1068,
2618,15,19,15001,0,0,402,basen,402,42.853077,-78.807304,1596191748,15,15001,0,1043,
2619,19,19,19001,0,-180,404,baken,401,42.952904,-78.814079,1596191783,19,19001,0,1065,
2620,19,20,19003,0,-60,399,wlmba,398,42.876671,-78.816910,1596191771,19,19003,0,1067,
2623,15,19,15002,0,180,392,lterr,395,42.883106,-78.880005,1596191657,15,15002,0,1044,
2624,0,0,32006,4,0,395,brrtc,395,42.945339,-78.907211,1596191676,32,32006,0,1082,
2627,0,0,16006,4,0,399,mcmal,399,42.782539,-78.808868,1596191774,16,16006,0,1057,
2628,14,19,16005,0,0,403,rdgab,403,42.796783,-78.811104,1596191761,16,16005,0,1025,
2630,0,0,75001,4,0,421,fltbk,421,42.877113,-78.832916,1596191756,75,75001,0,1058,
2701,22,19,8003,0,-60,404,wldba,403,42.906895,-78.782402,1596191767,8,8003,0,2003,
2703,8,19,44004,0,-60,396,mnmgn,395,42.919243,-78.860794,1596191744,44,44004,0,2086,
2704,47,20,47001,0,0,392,eccn,392,42.950813,-78.725044,1596191754,47,47001,0,2034,
2705,0,0,66001,4,0,401,mlptr,401,43.055779,-78.725235,1596191759,66,66001,0,2055,
2707,12,20,12004,0,0,400,socam,400,42.951389,-78.825623,1596191786,12,12004,0,2011,
2709,12,19,12005,0,60,402,utica,403,42.910965,-78.841026,1596191751,12,12005,0,2012,
2713,8,20,44001,0,120,398,socam,400,42.955185,-78.820854,1596191746,44,44001,0,2083,
8201,45,99,45201,99,99999,9999,,9999,42.872959,-78.856178,1596191753,45,0,0,45201,
8208,45,99,45208,99,99999,9999,,9999,42.960163,-78.890427,1596191788,45,0,0,45208,
8213,45,99,45213,99,99999,9999,,9999,42.930847,-78.764313,1596191722,45,0,0,45213,
8216,45,99,45216,99,99999,9999,,9999,42.850960,-78.824989,1596191773,45,0,0,45216,
8217,45,99,45217,99,99999,9999,,9999,42.884979,-78.754677,1596191778,45,0,0,45217,
8218,45,99,45218,99,99999,9999,,9999,42.958210,-78.827332,1596191751,45,0,0,45218,
8219,45,99,45219,99,99999,9999,,9999,42.948227,-78.766251,1596191784,45,0,0,45219,
8220,45,99,45220,99,99999,9999,,9999,42.729107,-78.819069,1596191757,45,0,0,45220,
8221,45,99,45221,99,99999,9999,,9999,42.903648,-78.811813,1596191790,45,0,0,45221,
8224,45,99,45224,99,99999,9999,,9999,42.959557,-78.890129,1596191791,45,0,0,45224,
8225,45,99,45225,99,99999,9999,,9999,42.959694,-78.890236,1596191688,45,0,0,45225,
8226,45,99,45226,99,99999,9999,,9999,42.827969,-78.754745,1596191564,45,0,0,45226,
8227,45,99,45227,99,99999,9999,,9999,42.990715,-78.737068,1596191734,45,0,0,45227,
8230,45,99,45230,99,99999,9999,,9999,42.887424,-78.879036,1596191776,45,0,0,45230,
8232,45,99,45232,99,99999,9999,,9999,42.978752,-78.786499,1596191739,45,0,0,45232,
8234,45,99,45234,99,99999,9999,,9999,42.893063,-78.868500,1596191770,45,0,0,45234,
8236,45,99,45236,99,99999,9999,,9999,99.000000,999.000000,1596184755,45,0,0,45236,
8237,45,99,45237,99,99999,9999,,9999,42.959476,-78.890274,1596191671,45,0,0,45237,
8238,45,99,45238,99,99999,9999,,9999,42.796429,-78.775703,1596191738,45,0,0,45238,
8239,45,99,45239,99,99999,9999,,9999,42.915886,-78.784714,1596191774,45,0,0,45239,
8240,45,99,45240,99,99999,9999,,9999,42.959530,-78.890274,1596191708,45,0,0,45240,
8241,45,99,45241,99,99999,9999,,9999,42.927933,-78.851601,1596191755,45,0,0,45241,
8301,45,99,45301,99,99999,9999,,9999,42.959309,-78.890312,1596191792,45,0,0,45301,
8302,45,99,45302,99,99999,9999,,9999,42.959915,-78.890198,1596191767,45,0,0,45302,
8308,45,99,45308,99,99999,9999,,9999,43.082401,-78.697166,1596191763,45,0,0,45308,
8310,45,99,45310,99,99999,9999,,9999,99.000000,999.000000,1596191593,45,0,0,45310,
