1001,22,20,22005,0,60,1286,twyml,1287,42.907116,-78.794022,1596244756,22,22005,0,2048,
1004,24,19,24020,0,-240,1295,ungen,1291,42.933624,-78.721321,1596244775,24,24020,0,2076,
1009,8,19,44009,0,0,1285,wtfrt,1285,42.880466,-78.883125,1596244688,44,44009,0,2090,
1010,26,20,26008,0,0,1289,twyml,1289,42.919765,-78.784225,1596244830,26,26008,0,2082,
1013,44,19,24016,0,-120,1282,flint,1280,42.998112,-78.776115,1596244813,24,24016,0,2073,
1014,22,19,26007,0,-180,1284,bstgn,1281,42.904778,-78.814751,1596244794,26,26007,0,2081,
1015,24,19,24018,0,-540,1280,marmn,1271,42.877716,-78.878777,1596244812,24,24018,0,2074,
1017,13,19,13008,0,0,1290,utica,1290,42.912560,-78.865524,1596244805,13,13008,0,2038,
1020,14,19,14011,0,99999,9999,mowsh,1287,42.877937,-78.868835,1596244814,14,14011,1,1041,
1021,6,19,6013,0,-300,1290,wtfrt,1285,42.888470,-78.872261,1596244789,6,6013,0,1030,
1027,42,19,42006,0,0,1288,tpodl,1288,42.827282,-78.822342,1596244830,42,42006,0,1099,
1037,0,0,19015,4,99999,9999,socam,1045,42.857670,-78.828636,1596244694,19,19015,0,1076,
1042,19,19,19012,0,0,1286,baken,1286,42.952351,-78.813858,1596244787,19,19012,0,1074,
1043,15,20,15010,0,0,1282,sogat,1282,42.827805,-78.754486,1596244742,15,15010,0,1050,
1045,19,20,19014,0,0,1286,badlv,1286,42.905327,-78.813705,1596244795,19,19014,0,1075,
1046,15,20,15009,0,-120,1291,sensm,1289,42.883053,-78.875870,1596244808,15,15009,0,1049,
1047,4,20,4009,0,-60,1287,bdyba,1286,42.893475,-78.836784,1596244802,4,4009,0,1020,
1052,4,20,32016,0,99999,9999,twyml,910,42.884594,-78.794685,1596244824,32,32016,0,1088,
1057,18,20,18005,0,0,1280,dlvst,1280,42.922321,-78.856438,1596244558,18,18005,0,2043,
1060,47,20,47004,0,0,1283,airpt,1283,42.930847,-78.737442,1596244798,47,47004,0,2093,
1062,24,19,24015,0,0,1305,marmn,1305,42.877304,-78.877731,1596244828,24,24015,0,2072,
1063,24,20,24014,0,0,1300,airpt,1300,42.934120,-78.730591,1596244540,24,24014,0,2071,
1103,48,19,48006,0,0,1281,mnegt,1281,42.964481,-78.799156,1596244829,48,48006,0,2098,
1111,12,20,12025,0,0,1285,badlv,1285,42.914513,-78.822121,1596244786,12,12025,0,2031,
1115,13,20,13007,0,120,1282,socam,1284,42.959255,-78.813934,1596244785,13,13007,0,2037,
1119,23,19,23020,0,-120,1285,bdyfl,1283,42.911018,-78.839172,1596244775,23,23020,0,2062,
1124,12,20,12022,0,0,1288,ctyli,1288,42.958706,-78.814568,1596244830,12,12022,0,2028,
1129,23,20,23021,0,-60,1281,brrtc,1280,42.941601,-78.903709,1596244779,23,23021,0,2063,
1201,1,20,2009,0,-120,1284,wmbck,1282,42.885086,-78.849182,1596244793,2,2009,0,1012,
1203,32,20,32021,0,-300,1280,twyml,1275,42.903648,-78.781662,1596244816,32,32021,0,1092,
1205,32,20,32022,0,-120,1291,bflst,1289,42.940609,-78.905502,1596244822,32,32022,0,1094,
1206,16,19,16013,0,-240,1282,rdgsp,1278,42.814384,-78.823868,1596244787,16,16013,0,1061,
1211,32,20,32018,0,0,1283,ungen,1283,42.937309,-78.754265,1596244796,32,32018,0,1090,
1304,155,20,155003,0,0,1284,econo,1284,43.093948,-79.015152,1596244807,155,155003,0,3114,
1501,55,19,55043,0,99999,9999,prtc,1240,43.099369,-79.051704,1596241691,55,55043,0,3111,
1504,20,19,20018,0,-60,1286,elken,1285,42.980511,-78.878738,1596244817,20,20018,0,3048,
1511,20,19,20020,0,0,1290,ellop,1290,42.882557,-78.872147,1596244792,20,20020,0,3050,
1512,25,20,25014,0,120,1284,mnngr,1286,43.015327,-78.873337,1596244821,25,25014,0,3062,
1519,52,20,52030,0,99999,9999,mlnfb,1273,43.094196,-78.971832,1596244775,52,52030,1,3100,
1604,5,20,5022,0,-60,1283,ngfry,1282,42.907528,-78.897942,1596244808,5,5022,0,3030,
1607,3,19,3018,0,0,1290,ellop,1290,42.882366,-78.872894,1596244826,3,3018,0,3012,
1608,5,19,5021,0,-60,1284,dlwkn,1283,42.958542,-78.845833,1596244722,5,5021,0,3029,
1616,34,20,34009,0,0,1289,audbn,1289,43.012249,-78.822159,1596244800,34,34009,0,3069,
1622,40,20,40017,0,-240,1295,brrtc,1291,42.895069,-78.886292,1596244794,40,40017,0,3087,
1623,3,20,3019,0,0,1303,tonvl,1303,42.959942,-78.908142,1596244163,3,3019,0,3013,
1703,35,20,35006,0,0,1280,covhl,1280,43.000038,-78.783371,1596244678,35,35006,0,3074,
1705,5,20,25009,0,-240,1280,socam,1276,42.954662,-78.820595,1596244817,25,25009,0,3059,
1806,0,0,25010,5,-180,1297,front,1294,42.878544,-78.873039,1596244821,25,25010,0,3060,
1807,0,0,3017,6,2100,1286,nftc,1321,43.100689,-78.979828,1596244801,3,3017,0,3011,
1808,11,19,11005,0,0,1287,prpky,1287,43.012329,-78.846870,1596244828,11,11005,0,3034,
1813,25,19,25013,0,-180,1288,dlwdv,1285,42.944874,-78.868317,1596244803,25,25013,0,3061,
1818,16,20,16014,0,0,1286,abtba,1286,42.871037,-78.860870,1596244815,16,16014,0,1062,
1819,32,20,32020,0,99999,9999,twyml,1205,42.899719,-78.674049,1596244833,32,32020,1,1093,
1820,14,20,14012,0,-360,1289,eccs,1283,42.784023,-78.809952,1596244827,14,14012,0,1042,
1821,2,20,2011,0,120,1284,clmgm,1286,42.885666,-78.874458,1596244777,2,2011,0,1013,
1822,16,20,16015,0,-120,1281,mnbfl,1279,42.724350,-78.825882,1596244777,16,16015,0,1063,
1901,155,19,155004,0,-60,1279,4pts,1278,43.073654,-78.979942,1596244776,155,155004,0,3115,
1903,20,20,20019,0,0,1291,elken,1291,42.923176,-78.876984,1596244782,20,20019,0,3049,
1904,40,19,40016,0,-60,1281,giplz,1280,43.034798,-78.975250,1596244802,40,40016,0,3086,
1909,55,19,55042,0,0,1284,prtc,1284,43.099396,-79.051636,1596244810,55,55042,0,3110,
1914,0,0,20016,5,60,1298,front,1299,42.900486,-78.899391,1596244791,20,20016,0,3047,
1917,50,20,50025,0,-60,1281,nuniv,1280,43.148373,-79.038940,1596244736,50,50025,0,3095,
1919,34,19,34011,0,0,1290,nfbma,1290,43.027565,-78.806938,1596244687,34,34011,0,3070,
1920,20,19,40014,0,-60,1280,elmnr,1279,42.902386,-78.877174,1596244818,40,40014,0,3085,
1921,35,20,35007,0,-120,1280,dlwsh,1278,42.980705,-78.872704,1596244811,35,35007,0,3075,
1922,11,20,11006,0,0,1281,dlwnr,1281,42.899059,-78.874008,1596244805,11,11006,0,3035,
2005,12,19,12023,0,-120,1280,nghmp,1278,42.910912,-78.900139,1596244638,12,12023,0,2029,
2010,26,19,26006,0,0,1287,ngdlv,1287,42.922184,-78.880783,1596244802,26,26006,0,2080,
2501,2,19,16016,0,0,1285,tcbfl,1285,42.886299,-78.877769,1596244774,16,16016,0,1064,
2507,6,20,6014,0,60,1297,glrml,1298,42.910305,-78.763908,1596244680,6,6014,0,1031,
2604,24,20,24019,0,0,1279,bagen,1279,42.912479,-78.814339,1596244825,24,24019,0,2075,
2613,42,20,42007,0,-60,1283,tpodl,1282,42.839439,-78.857964,1596244819,42,42007,0,1100,
2615,46,19,32019,0,60,1276,twyml,1277,42.903511,-78.783600,1596244823,32,32019,0,1091,
2620,32,19,32017,0,0,1282,dlwam,1282,42.940556,-78.860870,1596244833,32,32017,0,1089,
2709,12,19,12024,0,-60,1280,socam,1279,42.954716,-78.820778,1596244829,12,12024,0,2030,
8216,45,99,45216,99,99999,9999,,9999,42.923889,-78.766769,1596244823,45,0,0,45216,
8306,45,99,45306,99,99999,9999,,9999,42.900955,-78.899956,1596244783,45,0,0,45306,
