1001,26,20,22005,0,0,1171,elmdv,1171,42.921993,-78.892471,1596237921,22,22005,0,2048,
1003,23,20,23013,0,-60,1175,brrtc,1174,42.947704,-78.872444,1596237898,23,23013,0,2060,
1004,24,19,24020,0,-60,1170,andrw,1169,42.925072,-78.765137,1596237937,24,24020,0,2076,
1009,44,19,44009,0,-180,1172,crspt,1169,43.081932,-78.697800,1596237937,44,44009,0,2090,
1010,22,20,26008,0,0,1200,twyml,1200,42.903126,-78.783485,1596237878,26,26008,0,2082,
1013,13,19,24016,0,0,1182,utica,1182,42.911678,-78.864815,1596237918,24,24016,0,2073,
1014,26,19,26007,0,0,1165,gnhar,1165,42.922047,-78.784264,1596237943,26,26007,0,2081,
1015,24,19,24018,0,0,1165,marmn,1165,42.877277,-78.877769,1596237917,24,24018,0,2074,
1016,12,20,12013,0,0,1168,socam,1168,42.949657,-78.822495,1596237908,12,12013,0,2024,
1017,12,20,13008,0,0,1158,ctyli,1158,42.949905,-78.735764,1596237902,13,13008,0,2038,
1018,44,19,44006,0,0,1165,flint,1165,42.998112,-78.789177,1596237896,44,44006,0,2089,
1020,14,19,14011,0,0,1172,mowsh,1172,42.887482,-78.872818,1596237802,14,14011,0,1041,
1021,6,19,6013,0,-60,1166,wtfrt,1165,42.880081,-78.881638,1596237891,6,6013,0,1030,
1027,42,19,42006,0,99999,9999,mohel,1158,42.882530,-78.872147,1596237645,42,42006,1,1099,
1030,76,19,76002,0,240,1162,ellop,1166,42.879147,-78.839172,1596237944,76,76002,0,1103,
1031,6,20,6008,0,0,1166,wldba,1166,42.904556,-78.815681,1596237910,6,6008,0,1028,
1037,0,0,19015,4,99999,9999,socam,1045,42.930214,-78.813782,1596237919,19,19015,0,1076,
1038,1,19,2008,0,-360,1169,wmmgn,1163,42.885086,-78.846573,1596237913,2,2008,0,1011,
1040,2,20,32013,0,-180,1169,clmgm,1166,42.885746,-78.874603,1596237940,32,32013,0,1087,
1042,19,20,19012,0,0,1170,socam,1170,42.954994,-78.820480,1596237831,19,19012,0,1074,
1043,15,19,15010,0,-60,1180,scl,1179,42.826843,-78.754417,1596237937,15,15010,0,1050,
1045,19,20,19014,0,99999,9999,bfind,1162,42.872051,-78.808647,1596237940,19,19014,1,1075,
1046,15,20,15009,0,-60,1170,sensm,1169,42.878708,-78.858002,1596237913,15,15009,0,1049,
1047,4,20,4009,0,-60,1172,bdmgn,1171,42.884563,-78.877060,1596237907,4,4009,0,1020,
1049,76,19,15007,0,60,1174,lkrt5,1175,42.661236,-79.032204,1596237845,15,15007,0,1048,
1052,4,20,32016,0,99999,9999,twyml,910,42.884838,-78.814270,1596237929,32,32016,0,1088,
1057,0,0,18005,6,-240,1164,dlvst,1160,42.922321,-78.856438,1596237840,18,18005,0,2043,
1060,13,19,47004,0,-60,1176,dlvgr,1175,42.943581,-78.813744,1596237901,47,47004,0,2093,
1062,24,19,24015,0,-60,1171,marmn,1170,42.885582,-78.873375,1596237933,24,24015,0,2072,
1063,24,20,24014,0,0,1179,airpt,1179,42.934120,-78.730629,1596237526,24,24014,0,2071,
1064,23,19,23014,0,0,1177,abtba,1177,42.888111,-78.839317,1596237942,23,23014,0,2061,
1103,8,19,48006,0,0,1167,wtfrt,1167,42.880249,-78.882942,1596237934,48,48006,0,2098,
1111,0,0,12025,6,420,1178,ctyli,1185,42.958649,-78.814789,1596237889,12,12025,0,2031,
1115,13,20,13007,0,60,1173,winsp,1174,42.932194,-78.827744,1596237888,13,13007,0,2037,
1119,23,19,23020,0,0,1170,abtba,1170,42.857643,-78.828674,1596237879,23,23020,0,2062,
1120,12,19,12017,0,0,1170,nghmp,1170,42.910801,-78.899879,1596237410,12,12017,0,2027,
1124,12,19,12022,0,0,1171,knegt,1171,42.948887,-78.814041,1596237935,12,12022,0,2028,
1129,23,20,23021,0,0,1165,brrtc,1165,42.945644,-78.907394,1596237942,23,23021,0,2063,
1130,47,20,48004,0,-60,1169,mnun,1168,42.963352,-78.784637,1596237928,48,48004,0,2097,
1201,2,20,2009,0,0,1181,fltbk,1181,42.848843,-78.697540,1596237658,2,2009,0,1012,
1203,32,19,32021,0,60,1167,brrtc,1168,42.943306,-78.906761,1596237922,32,32021,0,1092,
1205,46,19,32022,0,-240,1171,glrml,1167,42.909782,-78.742058,1596237927,32,32022,0,1094,
1206,16,20,16013,0,-600,1183,spkls,1173,42.898537,-78.867790,1596237890,16,16013,0,1061,
1207,6,19,6009,0,-60,1170,wldba,1169,42.906952,-78.797478,1596237895,6,6009,0,1029,
1211,32,19,32018,0,-360,1166,ungen,1160,42.921608,-78.754082,1596237899,32,32018,0,1090,
1304,155,20,155003,0,0,1165,hojo,1165,43.091503,-78.988205,1596237912,155,155003,0,3114,
1501,55,20,55043,0,99999,9999,nfia,1172,43.101624,-78.939560,1596236948,55,55043,0,3111,
1504,5,19,20018,0,-180,1166,kenml,1163,42.958622,-78.884323,1596237923,20,20018,0,3048,
1511,5,19,20020,0,0,1170,ellop,1170,42.882614,-78.872444,1596237776,20,20020,0,3050,
1512,25,20,25014,0,120,1172,mnngr,1174,42.999817,-78.874977,1596237927,25,25014,0,3062,
1519,52,20,52030,0,99999,9999,mlnfb,1130,43.100769,-78.979942,1596237939,52,52030,0,3100,
1604,0,0,5022,6,0,1180,socam,1180,42.955048,-78.820183,1596237854,5,5022,0,3030,
1607,20,19,3018,0,0,1200,ellop,1200,42.882584,-78.872261,1596237872,3,3018,0,3012,
1608,5,19,5021,0,60,1168,ellop,1169,42.883492,-78.876350,1596237943,5,5021,0,3029,
1610,55,19,55041,0,-60,1171,prtc,1170,43.089249,-79.059265,1596237900,55,55041,0,3109,
1616,34,20,34009,0,-60,1173,audbn,1172,43.018929,-78.822159,1596237905,34,34009,0,3069,
1622,40,19,40017,0,-120,1172,casno,1170,43.096096,-79.049698,1596237897,40,40017,0,3087,
1623,3,20,3019,0,60,1168,tonvl,1169,42.962196,-78.899803,1596237924,3,3019,0,3013,
1703,35,19,35006,0,0,1167,flint,1167,42.998085,-78.786354,1596237900,35,35006,0,3074,
1705,20,19,25009,0,0,1167,elken,1167,42.967560,-78.878807,1596237923,25,25009,0,3059,
1715,20,20,20014,0,60,1173,elken,1174,42.937119,-78.878403,1596237924,20,20014,0,3046,
1803,3,20,5017,0,-300,1174,trcem,1169,42.883217,-78.873749,1596237945,5,5017,0,3028,
1806,40,20,25010,0,-180,1165,brrtc,1162,42.945423,-78.907433,1596237926,25,25010,0,3060,
1807,3,19,3017,0,60,1167,frgrt,1168,42.920261,-78.890427,1596237906,3,3017,0,3011,
1808,11,19,11005,0,0,1168,clvkn,1168,42.965965,-78.858414,1596237933,11,11005,0,3034,
1810,5,20,20013,0,-300,1169,dlwkn,1164,42.958542,-78.886513,1596237939,20,20013,0,3045,
1812,11,20,11006,0,0,1166,dlwnr,1166,42.899277,-78.873932,1596237909,11,11006,0,3035,
1813,25,19,25013,0,-240,1168,dlwdv,1164,42.930298,-78.865784,1596237908,25,25013,0,3061,
1818,16,20,16014,0,-360,1169,bgtsp,1163,42.789471,-78.820518,1596237922,16,16014,0,1062,
1819,32,20,32020,0,-60,1169,amhba,1168,42.940060,-78.828262,1596237936,32,32020,0,1093,
1820,14,20,14012,0,0,1173,eccs,1173,42.772556,-78.797142,1596237576,14,14012,0,1042,
1821,2,19,2011,0,0,1166,clmgm,1166,42.884178,-78.867126,1596237939,2,2011,0,1013,
1822,16,19,16015,0,180,1207,bnmc,1210,42.898590,-78.868385,1596237940,16,16015,0,1063,
1901,155,19,155004,0,0,1166,econo,1166,43.089741,-78.988243,1596237939,155,155004,0,3115,
1903,20,20,20019,0,0,1189,orch,1189,42.988377,-78.873039,1596237944,20,20019,0,3049,
1904,55,20,40012,0,-180,1178,pnhyd,1175,43.084324,-79.059044,1596237942,40,40012,0,3084,
1909,55,20,55042,0,0,1180,nfia,1180,43.098351,-78.975883,1596237914,55,55042,0,3110,
1914,5,20,20016,0,-120,1174,ngfry,1172,42.894604,-78.885880,1596237919,20,20016,0,3047,
1915,40,19,40016,0,0,1170,tcbfl,1170,42.883301,-78.872665,1596237888,40,40016,0,3086,
1917,50,20,50025,0,120,1168,bfhyd,1170,43.088394,-79.032501,1596237839,50,50025,0,3095,
1919,5,20,34011,0,99999,9999,socam,1200,42.958649,-78.814568,1596237852,34,34011,1,3070,
1920,40,19,40014,0,0,1186,tcbfl,1186,42.938438,-78.904343,1596237925,40,40014,0,3085,
1921,35,20,35007,0,-60,1173,nfbsh,1172,42.980679,-78.869133,1596237934,35,35007,0,3075,
1922,0,0,5014,5,0,1179,front,1179,43.047943,-78.876648,1596237850,5,5014,0,3027,
2005,44,20,13006,0,-180,1167,crspt,1164,43.039253,-78.751358,1596237936,13,13006,0,2036,
2010,22,19,26006,0,-120,1172,bstmn,1170,42.903706,-78.839432,1596237920,26,26006,0,2080,
2218,34,19,34008,0,-60,1169,nfbma,1168,42.997700,-78.822906,1596237924,34,34008,0,3068,
2501,16,19,16016,0,0,1173,abtba,1173,42.838749,-78.824020,1596237891,16,16016,0,1064,
2507,6,20,6014,0,99999,9999,glrml,1176,42.910332,-78.763908,1596237921,6,6014,1,1031,
2512,14,20,14008,0,0,1170,mcmal,1170,42.790543,-78.811440,1596237910,14,14008,0,1040,
2604,24,20,24019,0,-180,1167,andrw,1164,42.914402,-78.809502,1596237827,24,24019,0,2075,
2606,48,20,8006,0,60,1169,ehmal,1170,42.973526,-78.694038,1596237819,8,8006,0,2006,
2613,42,20,42007,0,120,1183,sogat,1185,42.827614,-78.754745,1596237640,42,42007,0,1100,
2615,32,20,32019,0,120,1188,twyml,1190,42.902576,-78.784004,1596237883,32,32019,0,1091,
2616,4,20,1003,0,0,1170,twyml,1170,42.906841,-78.782555,1596237908,1,1003,0,1006,
2620,4,19,32017,0,-60,1165,bdyfl,1164,42.893723,-78.836342,1596237889,32,32017,0,1089,
2702,8,20,8008,0,-240,1168,socam,1164,42.950619,-78.826736,1596237890,8,8008,0,2007,
2703,12,20,12023,0,0,1169,badlv,1169,42.914539,-78.815346,1596237936,12,12023,0,2029,
2709,12,19,12024,0,0,1171,utica,1171,42.911076,-78.848328,1596237945,12,12024,0,2030,
8216,45,99,45216,99,99999,9999,,9999,42.965332,-78.729622,1596237942,45,0,0,45216,
8240,45,99,45240,99,99999,9999,,9999,43.098953,-78.926712,1596237836,45,0,0,45240,
8304,45,99,45304,99,99999,9999,,9999,42.941517,-78.803024,1596237940,45,0,0,45304,
8306,45,99,45306,99,99999,9999,,9999,42.929253,-78.831833,1596237895,45,0,0,45306,
