1001,22,20,22005,0,0,958,bstmn,958,42.904724,-78.879333,1596225198,22,22005,0,2048,
1003,23,19,23013,0,-60,962,mnfil,961,42.947567,-78.846649,1596225233,23,23013,0,2060,
1005,23,20,23012,0,0,960,brrtc,960,42.945644,-78.906876,1596224549,23,23012,0,2057,
1007,18,20,18004,0,0,965,genjf,965,42.870815,-78.858414,1596225207,18,18004,0,2041,
1009,44,20,44009,0,-540,960,mlpsh,951,42.958595,-78.814079,1596225185,44,44009,0,2090,
1010,24,20,24012,0,-120,987,holtz,985,42.882694,-78.872932,1596225213,24,24012,0,2018,
1013,24,20,24016,0,180,961,airpt,964,42.934147,-78.730446,1596225195,24,24016,0,2073,
1014,26,19,26007,0,-60,958,dlvst,957,42.921909,-78.841553,1596225219,26,26007,0,2081,
1016,12,20,12013,0,-120,960,elmut,958,42.915119,-78.894669,1596225182,12,12013,0,2024,
1018,8,19,44006,0,-180,957,amsta,954,42.946331,-78.831429,1596225230,44,44006,0,2089,
1020,16,19,14011,0,-240,961,rdgsp,957,42.796703,-78.823868,1596225224,14,14011,0,1041,
1021,0,0,6013,4,0,955,wtfrt,955,42.880138,-78.882828,1596225165,6,6013,0,1030,
1022,32,19,32011,0,0,959,brrtc,959,42.935604,-78.899323,1596225207,32,32011,0,1083,
1023,15,19,15008,0,-60,962,scl,961,42.829536,-78.769638,1596225186,15,15008,0,1046,
1026,6,20,6008,0,0,960,glrml,960,42.910416,-78.763641,1596225104,6,6008,0,1028,
1027,15,20,42006,0,-420,963,sensm,956,42.880852,-78.869392,1596225216,42,42006,0,1099,
1028,6,19,6012,0,-240,954,twyml,950,42.903706,-78.783859,1596225193,6,6012,0,1026,
1030,0,0,76002,6,0,999,ellop,999,42.882530,-78.872070,1596225061,76,76002,0,1103,
1031,74,20,15009,0,-300,977,athpr,972,42.878544,-78.868126,1596225184,15,15009,0,1049,
1032,16,20,16009,0,-60,965,mnbfl,964,42.764557,-78.824356,1596225227,16,16009,0,1060,
1033,15,19,15006,0,360,964,lterr,970,42.883080,-78.879669,1596225238,15,15006,0,1047,
1034,1,19,4007,0,-180,953,tcbfl,950,42.883575,-78.872261,1596225236,4,4007,0,1017,
1038,19,20,19008,0,0,956,socam,956,42.954964,-78.820480,1596225190,19,19008,0,1072,
1040,32,19,32013,0,-420,959,glrml,952,42.908573,-78.772316,1596225215,32,32013,0,1087,
1041,0,0,2011,4,99999,9999,tcbfl,965,42.881153,-78.849663,1596225188,2,2011,0,1013,
1042,19,19,19012,0,0,965,bagen,965,42.936707,-78.813744,1596225236,19,19012,0,1074,
1044,32,20,32012,0,-120,959,dlwam,957,42.931839,-78.877251,1596225206,32,32012,0,1079,
1045,14,20,16012,0,0,958,mercy,958,42.856022,-78.823830,1596225233,16,16012,0,1058,
1046,4,20,4006,0,0,965,twyml,965,42.901943,-78.783783,1596224833,4,4006,0,1019,
1047,0,0,4009,4,0,970,tcbfl,970,42.882530,-78.824615,1596225181,4,4009,0,1020,
1049,15,20,15007,0,0,976,sogat,976,42.827614,-78.754448,1596225238,15,15007,0,1048,
1050,0,0,70002,4,0,969,mowsh,969,42.881485,-78.825584,1596225198,70,70002,0,1080,
1052,4,20,32016,0,99999,9999,twyml,910,42.939098,-78.810921,1596225206,32,32016,0,1088,
1055,12,20,12012,0,-180,956,badlv,953,42.914650,-78.813972,1596225198,12,12012,0,2023,
1056,23,19,23011,0,60,965,hrtpk,966,42.947678,-78.882721,1596225212,23,23011,0,2059,
1057,0,0,18005,4,99999,9999,twyml,835,42.903126,-78.783485,1596224817,18,18005,0,2043,
1059,12,19,12020,0,0,960,nghmp,960,42.910881,-78.899879,1596225174,12,12020,0,2022,
1060,49,20,47004,0,-180,965,mlpsh,962,42.955101,-78.820854,1596225235,47,47004,0,2093,
1061,8,19,13005,0,-180,953,wtfrt,950,42.880276,-78.882980,1596225205,13,13005,0,2035,
1062,24,19,24015,0,120,958,marmn,960,42.882751,-78.874344,1596225209,24,24015,0,2072,
1063,24,19,24014,0,-120,954,andrw,952,42.919987,-78.793236,1596225216,24,24014,0,2071,
1064,23,20,23014,0,-120,959,brrtc,957,42.946548,-78.889900,1596225218,23,23014,0,2061,
1065,8,20,8005,0,0,941,utica,941,42.934669,-78.843933,1596225200,8,8005,0,2005,
1066,155,20,155001,0,0,960,nfia,960,43.100880,-78.941048,1596225217,155,155001,0,3112,
1103,48,20,48006,0,0,965,ehmal,965,42.960106,-78.718864,1596225210,48,48006,0,2098,
1105,12,19,12019,0,-180,953,socam,950,42.954689,-78.820557,1596225218,12,12019,0,2019,
1106,8,20,8007,0,0,958,socam,958,42.955185,-78.820335,1596225064,8,8007,0,2004,
1108,12,19,12016,0,0,956,filut,956,42.910416,-78.833733,1596225210,12,12016,0,2026,
1109,44,19,44008,0,-180,961,mlptr,958,43.132919,-78.697014,1596225124,44,44008,0,2087,
1110,12,19,12014,0,120,961,nghmp,963,42.911324,-78.881897,1596225187,12,12014,0,2025,
1111,24,20,24011,0,0,957,bagen,957,42.908272,-78.824463,1596225224,24,24011,0,2069,
1112,12,20,12018,0,0,955,utica,955,42.911186,-78.866524,1596225221,12,12018,0,2017,
1113,48,19,48005,0,0,962,mnegt,962,42.960876,-78.757095,1596225156,48,48005,0,2096,
1114,23,19,23015,0,0,957,bdyfl,957,42.905769,-78.839134,1596225197,23,23015,0,2058,
1116,22,20,22004,0,60,956,twyml,957,42.903679,-78.783264,1596225206,22,22004,0,2046,
1118,12,20,12021,0,0,960,ctyli,960,42.958706,-78.814568,1596224932,12,12021,0,2016,
1120,12,19,12017,0,0,960,badlv,960,42.929939,-78.801910,1596225220,12,12017,0,2027,
1122,23,19,66003,0,0,955,abtba,955,42.857559,-78.828972,1596225225,66,66003,0,2056,
1123,0,0,23019,4,-540,964,abtba,955,42.874912,-78.843933,1596225196,23,23019,0,2021,
1124,26,20,12022,0,60,960,twyml,961,42.915779,-78.784454,1596225211,12,12022,0,2028,
1126,13,19,44007,0,0,964,dlvgr,964,42.936897,-78.816277,1596225203,44,44007,0,2088,
1127,0,0,23020,4,0,970,brrtc,970,42.917099,-78.861313,1596225202,23,23020,0,2062,
1130,49,19,48004,0,-240,953,mlpsh,949,42.979412,-78.797142,1596225204,48,48004,0,2097,
1201,2,19,2009,0,0,960,tcbfl,960,42.885941,-78.875389,1596225229,2,2009,0,1012,
1202,14,20,14007,0,0,961,eccs,961,42.786224,-78.810844,1596225236,14,14007,0,1039,
1204,0,0,6010,5,0,970,babck,970,42.908932,-78.771721,1596225192,6,6010,0,1096,
1205,0,0,14010,6,360,962,lterr,968,42.883274,-78.879776,1596225204,14,14010,0,1037,
1206,16,19,16013,0,-180,956,spkls,953,42.866718,-78.848846,1596225224,16,16013,0,1061,
1207,6,20,6009,0,-120,957,sycmg,955,42.885666,-78.872002,1596225229,6,6009,0,1029,
1208,19,19,19011,0,60,955,wlmba,956,42.886711,-78.814270,1596225207,19,19011,0,1071,
1212,46,19,32014,0,-120,959,ctrbd,957,42.914017,-78.683174,1596225220,32,32014,0,1085,
1213,23,20,23017,0,-180,956,bdyfl,953,42.882092,-78.839172,1596225200,23,23017,0,2055,
1301,155,19,155002,0,0,960,falls,960,43.084076,-79.060272,1596225015,155,155002,0,3113,
1501,3,20,20011,0,99999,9999,frgrt,541,42.960052,-78.907990,1596224655,20,20011,0,3043,
1502,40,20,40009,0,-180,965,giplz,962,42.962940,-78.919609,1596225201,40,40009,0,3081,
1504,0,0,20018,4,0,960,ellop,960,42.881153,-78.871437,1596225200,20,20018,0,3048,
1505,3,20,3015,0,0,957,tonvl,957,42.959229,-78.895004,1596225221,3,3015,0,3006,
1507,20,20,20017,0,60,976,orch,977,42.988377,-78.873077,1596225214,20,20017,0,3044,
1508,34,19,34010,0,120,968,socam,970,42.985600,-78.822006,1596225234,34,34010,0,3065,
1512,52,19,52029,0,0,953,olopc,953,43.154396,-79.035141,1596225203,52,52029,0,3098,
1517,0,0,34012,4,-240,965,hazwd,961,42.994976,-78.878365,1596225215,34,34012,0,3093,
1518,35,20,35004,0,0,963,covhl,963,43.000038,-78.783371,1596224462,35,35004,0,3073,
1519,0,0,52030,4,-180,971,tcbfl,968,42.949959,-78.890686,1596225214,52,52030,0,3100,
1520,5,19,3016,0,0,962,ngfry,962,42.940941,-78.905685,1596225217,3,3016,0,3079,
1601,0,0,40015,4,240,959,nfia,963,43.101650,-78.939629,1596225192,40,40015,0,3107,
1604,55,20,55039,0,-300,958,casno,953,43.094719,-79.050369,1596225190,55,55039,0,3104,
1605,55,20,40010,0,-240,953,nftc,949,43.100552,-78.979568,1596225220,40,40010,0,3082,
1606,35,19,35005,0,-60,956,brrtc,955,42.941242,-78.907959,1596225234,35,35005,0,3072,
1609,11,19,11002,0,0,961,clvkn,961,42.980927,-78.858749,1596225239,11,11002,0,3032,
1610,55,19,55041,0,-240,954,nfb56,950,43.090458,-78.996582,1596225235,55,55041,0,3109,
1611,5,20,5018,0,180,958,kenml,961,42.954609,-78.899170,1596225194,5,5018,0,3025,
1614,50,19,50024,0,0,956,olopc,956,43.154064,-79.034958,1596225201,50,50024,0,3091,
1615,40,19,40008,0,-60,953,tcbfl,952,42.883411,-78.872368,1596225202,40,40008,0,3080,
1616,0,0,34009,6,0,959,advpk,959,43.036144,-78.821114,1596225061,34,34009,0,3069,
1618,3,19,3009,0,0,954,frgrt,954,42.915363,-78.890495,1596225238,3,3009,0,3010,
1620,3,19,3011,0,0,970,ellop,970,42.882530,-78.872108,1596224743,3,3011,0,3005,
1622,50,20,50021,0,-120,966,bfhyd,964,43.083912,-79.059044,1596225231,50,50021,0,3092,
1624,3,20,3012,0,-60,962,trcem,961,42.883217,-78.875610,1596225198,3,3012,0,3009,
1703,35,19,35006,0,0,960,brrtc,960,42.945313,-78.907135,1596224878,35,35006,0,3074,
1704,25,19,25007,0,0,961,dlwdv,961,42.942097,-78.867981,1596225199,25,25007,0,3054,
1705,25,20,25009,0,-60,959,dlwnr,958,42.890972,-78.876617,1596225199,25,25009,0,3059,
1713,40,19,40013,0,180,958,tcbfl,961,42.907307,-78.897942,1596224850,40,40013,0,3078,
1714,5,20,5019,0,0,965,socam,965,42.958595,-78.859085,1596225226,5,5019,0,3105,
1715,20,20,20014,0,0,957,orch,957,42.988377,-78.873039,1596225141,20,20014,0,3046,
1716,25,20,25006,0,0,986,mnngr,986,43.020554,-78.879707,1596225187,25,25006,0,3058,
1718,0,0,24017,4,-540,969,marmn,960,42.907227,-78.867424,1596225195,24,24017,0,2070,
1722,0,0,47005,4,2760,959,crspt,1005,43.042004,-78.743362,1596225237,47,47005,0,2092,
1801,52,20,52028,0,-60,959,mlnfb,958,43.089825,-78.992973,1596225171,52,52028,0,3099,
1802,25,19,25012,0,-300,960,orch,955,43.015079,-78.873299,1596225209,25,25012,0,3056,
1803,5,20,5017,0,840,931,socam,945,42.958237,-78.827744,1596225221,5,5017,0,3028,
1806,5,19,25010,0,0,960,ellop,960,42.882584,-78.872299,1596225142,25,25010,0,3060,
1808,11,20,11005,0,-120,955,dlwnr,953,42.899059,-78.874046,1596225209,11,11005,0,3034,
1809,20,20,5016,0,-120,957,elmnr,955,42.896694,-78.876984,1596225225,5,5016,0,3024,
1810,20,19,20013,0,0,960,ellop,960,42.882584,-78.872223,1596225204,20,20013,0,3045,
1811,3,20,5012,0,60,963,frgrt,964,42.899635,-78.883759,1596225222,5,5012,0,3026,
1812,3,19,11006,0,0,960,ellop,960,42.889404,-78.877472,1596225183,11,11006,0,3035,
1813,3,20,3014,0,-240,953,frgrt,949,42.915146,-78.890350,1596225183,3,3014,0,3090,
1815,5,20,5013,0,99999,9999,ngvrg,895,42.954578,-78.820450,1596225231,5,5013,0,3022,
1816,5,19,5015,0,0,957,ngvrg,957,42.901421,-78.892395,1596225187,5,5015,0,3021,
1817,42,19,42004,0,-60,962,tpodl,961,42.827282,-78.820969,1596225213,42,42004,0,1098,
1818,14,19,16014,0,60,962,bnmc,963,42.882858,-78.872894,1596225199,16,16014,0,1062,
1821,2,20,2010,0,120,962,cltun,964,42.867046,-78.787209,1596225214,2,2010,0,1082,
1822,19,19,19009,0,420,952,abtba,959,42.859486,-78.826591,1596225215,19,19009,0,1070,
1824,4,20,4005,0,-120,953,bdyfl,951,42.892899,-78.839539,1596225195,4,4005,0,1018,
1902,20,20,3010,0,-180,965,elken,962,42.932663,-78.876984,1596225228,3,3010,0,3008,
1904,40,20,40012,0,0,957,prtc,957,43.099422,-79.051598,1596225122,40,40012,0,3084,
1905,3,20,3013,0,0,959,tonvl,959,42.960052,-78.907921,1596225029,3,3013,0,3007,
1906,5,19,5020,0,-120,953,kenml,951,42.958622,-78.888374,1596225189,5,5020,0,3023,
1907,25,20,25011,0,0,961,orch,961,42.967369,-78.870583,1596225222,25,25011,0,3057,
1908,11,19,11004,0,240,963,ellop,967,42.895866,-78.875122,1596225227,11,11004,0,3106,
1909,40,19,55042,0,-240,966,giplz,962,43.078522,-79.042404,1596225191,55,55042,0,3110,
1910,34,19,34007,0,120,958,socam,960,42.954277,-78.820747,1596224967,34,34007,0,3067,
1911,55,20,55038,0,0,954,nccc,954,43.143173,-78.888489,1596225132,55,55038,0,3108,
1912,55,19,40011,0,0,993,prtc,993,43.099396,-79.051559,1596225236,40,40011,0,3083,
1914,20,19,20016,0,-120,968,elmdv,966,42.954800,-78.878441,1596225228,20,20016,0,3047,
1915,34,19,34006,0,-240,954,socam,950,42.957771,-78.818810,1596225223,34,34006,0,3066,
1916,50,20,50022,0,0,960,nftc,960,43.100689,-78.979828,1596225128,50,50022,0,3094,
1917,0,0,50025,4,-600,992,olopc,982,42.964314,-78.888229,1596225233,50,50025,0,3095,
1918,11,20,11003,0,60,964,tnind,965,42.987057,-78.852791,1596225199,11,11003,0,3033,
1919,25,19,34011,0,60,959,ellop,960,42.882614,-78.872368,1596225185,34,34011,0,3070,
1920,40,20,40014,0,0,956,prtc,956,43.094666,-79.050888,1596225202,40,40014,0,3085,
1921,5,20,35007,0,120,960,brrtc,962,42.930214,-78.898354,1596225193,35,35007,0,3075,
1922,0,0,5014,6,99999,9999,ellop,945,42.892017,-78.883354,1596225184,5,5014,0,3027,
2005,13,19,13006,0,0,955,utica,955,42.911789,-78.865227,1596225153,13,13006,0,2036,
2007,12,20,12015,0,-180,961,knegt,958,42.929939,-78.811180,1596225202,12,12015,0,2015,
2010,26,20,26006,0,-300,957,elmdv,952,42.922157,-78.884583,1596225190,26,26006,0,2080,
2218,34,20,34008,0,0,966,audbn,966,43.004768,-78.822571,1596225190,34,34008,0,3068,
2502,2,19,2008,0,-240,955,cltun,951,42.867928,-78.729584,1596225140,2,2008,0,1011,
2508,16,20,16010,0,-180,966,spkls,963,42.887371,-78.873192,1596225197,16,16010,0,1056,
2510,16,20,16008,0,0,953,rdgsp,953,42.825714,-78.824318,1596225234,16,16008,0,1059,
2511,6,19,74003,0,0,960,sycmg,960,42.896114,-78.844414,1596225224,74,74003,0,1081,
2512,0,0,14008,6,360,959,mowsh,965,42.887589,-78.873001,1596225181,14,14008,0,1040,
2513,19,20,19010,0,0,955,bdyba,955,42.889462,-78.814453,1596225186,19,19010,0,1073,
2602,18,19,18006,0,-60,963,genjf,962,42.920673,-78.854355,1596225169,18,18006,0,2042,
2606,8,19,8006,0,300,980,wtfrt,985,42.880329,-78.883354,1596225207,8,8006,0,2006,
2607,1,19,1004,0,-300,950,tcbfl,945,42.885281,-78.872597,1596225200,1,1004,0,1005,
2608,6,19,6011,0,120,983,wtfrt,985,42.879974,-78.882790,1596225194,6,6011,0,1025,
2609,6,20,6007,0,60,960,twyml,961,42.906921,-78.797295,1596225206,6,6007,0,1027,
2610,4,19,46003,0,-300,959,michl,954,42.904724,-78.780769,1596225096,46,46003,0,1102,
2611,42,20,42005,0,0,962,lcvtc,962,42.822964,-78.847023,1596225214,42,42005,0,1035,
2614,14,19,14009,0,0,952,rdgab,952,42.827999,-78.804550,1596225226,14,14009,0,1036,
2616,1,20,1003,0,-180,971,aptml,968,42.888580,-78.751396,1596224999,1,1003,0,1006,
2617,19,20,19013,0,0,958,winsp,958,42.940060,-78.813896,1596225237,19,19013,0,1038,
2620,4,19,32017,0,0,954,bdmgn,954,42.888386,-78.860832,1596225222,32,32017,0,1089,
2624,4,20,4008,0,-540,962,twyml,953,42.900242,-78.786682,1596225220,4,4008,0,1057,
2625,1,19,1006,0,0,959,wmbck,959,42.889763,-78.809502,1596225188,1,1006,0,1003,
2627,32,20,32015,0,0,954,clwbr,954,42.944901,-78.779427,1596225226,32,32015,0,1084,
2628,1,20,1005,0,-360,954,wmmgn,948,42.885666,-78.870659,1596225186,1,1005,0,1004,
2629,0,0,32010,4,-960,621,twyml,605,99.000000,999.000000,1596203606,32,32010,0,1086,
2702,13,20,8008,0,60,958,winsp,959,42.940060,-78.813858,1596225215,8,8008,0,2007,
2703,0,0,12023,4,0,970,nghmp,970,42.916824,-78.862244,1596225227,12,12023,0,2029,
2704,47,20,13004,0,99999,9999,eccn,934,42.914814,-78.844009,1596225205,13,13004,1,2034,
2705,24,20,24013,0,180,962,airpt,965,42.934010,-78.730927,1596225183,24,24013,0,2054,
2707,47,19,47003,0,60,954,socam,955,42.948227,-78.829491,1596225189,47,47003,0,2091,
2708,23,20,23018,0,0,960,hrtpk,960,42.940197,-78.838608,1596225188,23,23018,0,2020,
2713,22,19,22006,0,-180,956,bstgn,953,42.903595,-78.828262,1596225184,22,22006,0,2047,
8141,45,99,45094,99,99999,9999,,9999,42.945698,-78.906761,1596224477,45,0,0,45094,
8201,45,99,45201,99,99999,9999,,9999,43.040985,-78.876053,1596225215,45,0,0,45201,
8205,45,99,45205,99,99999,9999,,9999,42.782925,-78.809692,1596224788,45,0,0,45205,
8208,45,99,45208,99,99999,9999,,9999,42.931343,-78.789742,1596225229,45,0,0,45208,
8214,45,99,45214,99,99999,9999,,9999,42.885033,-78.877213,1596225184,45,0,0,45214,
8216,45,99,45216,99,99999,9999,,9999,42.958954,-78.890388,1596225231,45,0,0,45216,
8217,45,99,45217,99,99999,9999,,9999,43.102283,-79.052376,1596225181,45,0,0,45217,
8218,45,99,45218,99,99999,9999,,9999,42.885609,-78.761932,1596225236,45,0,0,45218,
8219,45,99,45219,99,99999,9999,,9999,43.172352,-79.031349,1596224338,45,0,0,45219,
8220,45,99,45220,99,99999,9999,,9999,43.089603,-78.968292,1596225023,45,0,0,45220,
8221,45,99,45221,99,99999,9999,,9999,42.921524,-78.694489,1596225197,45,0,0,45221,
8222,45,99,45222,99,99999,9999,,9999,42.919327,-78.796959,1596224981,45,0,0,45222,
8225,45,99,45225,99,99999,9999,,9999,42.991676,-78.738075,1596225214,45,0,0,45225,
8227,45,99,45227,99,99999,9999,,9999,42.897217,-78.864182,1596225209,45,0,0,45227,
8228,45,99,45228,99,99999,9999,,9999,42.929031,-78.832024,1596225100,45,0,0,45228,
8229,45,99,45229,99,99999,9999,,9999,42.914322,-78.767403,1596225234,45,0,0,45229,
8230,45,99,45230,99,99999,9999,,9999,42.919903,-78.793571,1596225221,45,0,0,45230,
8234,45,99,45234,99,99999,9999,,9999,42.947044,-78.891319,1596225192,45,0,0,45234,
8236,45,99,45236,99,99999,9999,,9999,99.000000,999.000000,1596184755,45,0,0,45236,
8241,45,99,45241,99,99999,9999,,9999,42.894768,-78.829346,1596225187,45,0,0,45241,
8304,45,99,45304,99,99999,9999,,9999,42.833057,-78.780281,1596225209,45,0,0,45304,
8305,45,99,45305,99,99999,9999,,9999,42.978394,-78.730331,1596225192,45,0,0,45305,
8306,45,99,45306,99,99999,9999,,9999,42.928951,-78.833992,1596225229,45,0,0,45306,
8309,45,99,45309,99,99999,9999,,9999,42.756908,-78.860313,1596225200,45,0,0,45309,
