1001,22,20,22005,0,-180,1266,bstmn,1263,42.904751,-78.879967,1596243801,22,22005,0,2048,
1004,24,20,24020,0,0,1265,airpt,1265,42.934120,-78.730667,1596243759,24,24020,0,2076,
1009,8,19,44009,0,0,1266,wtfrt,1266,42.878349,-78.881081,1596243792,44,44009,0,2090,
1010,26,20,26008,0,-360,1262,elmdv,1256,42.922184,-78.877281,1596243758,26,26008,0,2082,
1013,44,19,24016,0,-180,1275,wnbrg,1272,43.043186,-78.745850,1596243798,24,24016,0,2073,
1014,26,20,26007,0,0,1265,twyml,1265,42.903236,-78.783409,1596242752,26,26007,0,2081,
1015,24,19,24018,0,-120,1263,genmn,1261,42.891441,-78.865746,1596243797,24,24018,0,2074,
1017,13,19,13008,0,-120,1271,dlvgr,1269,42.936676,-78.816986,1596243784,13,13008,0,2038,
1020,14,19,14011,0,0,1263,mercy,1263,42.847054,-78.810654,1596243800,14,14011,0,1041,
1021,6,19,6013,0,-180,1263,wldba,1260,42.905109,-78.812408,1596243773,6,6013,0,1030,
1027,42,19,42006,0,99999,9999,mohel,1158,42.827614,-78.754486,1596243762,42,42006,0,1099,
1037,0,0,19015,4,99999,9999,socam,1045,42.903706,-78.813896,1596243798,19,19015,0,1076,
1042,19,20,19012,0,120,1273,socam,1275,42.955021,-78.820480,1596243772,19,19012,0,1074,
1043,15,20,15010,0,0,1282,sogat,1282,42.827805,-78.754486,1596243667,15,15010,0,1050,
1045,19,20,19014,0,-240,1271,bfind,1267,42.862099,-78.825363,1596243780,19,19014,0,1075,
1046,15,19,15009,0,0,1275,lterr,1275,42.883217,-78.879776,1596243735,15,15009,0,1049,
1047,4,19,4009,0,-180,1263,tcbfl,1260,42.883492,-78.872597,1596243788,4,4009,0,1020,
1052,4,20,32016,0,99999,9999,twyml,910,42.888523,-78.751213,1596243691,32,32016,0,1088,
1057,18,20,18005,0,-120,1266,genjf,1264,42.885555,-78.853912,1596243781,18,18005,0,2043,
1060,47,20,47004,0,-60,1270,eccn,1269,42.955708,-78.754898,1596243783,47,47004,0,2093,
1062,24,19,24015,0,-60,1264,bagen,1263,42.916546,-78.804176,1596243754,24,24015,0,2072,
1063,24,20,24014,0,-300,1264,andrw,1259,42.917068,-78.802544,1596243763,24,24014,0,2071,
1103,48,19,48006,0,0,1266,eccn,1266,42.956642,-78.715370,1596243755,48,48006,0,2098,
1111,12,20,12025,0,0,1266,utica,1266,42.911240,-78.870583,1596243771,12,12025,0,2031,
1115,13,20,13007,0,0,1279,winsp,1279,42.923203,-78.829117,1596243789,13,13007,0,2037,
1119,23,19,23020,0,-180,1265,hrtpk,1262,42.947704,-78.859306,1596243760,23,23020,0,2062,
1124,12,20,12022,0,0,1268,knegt,1268,42.929829,-78.804405,1596243761,12,12022,0,2028,
1129,23,20,23021,0,0,1265,hrtpk,1265,42.947540,-78.836639,1596243763,23,23021,0,2063,
1201,2,19,2009,0,0,1262,tcbfl,1262,42.883602,-78.872665,1596243717,2,2009,0,1012,
1203,32,20,32021,0,0,1275,twyml,1275,42.902908,-78.783669,1596243383,32,32021,0,1092,
1205,32,19,32022,0,0,1276,brrtc,1276,42.945614,-78.906799,1596243569,32,32022,0,1094,
1206,16,19,16013,0,-240,1269,mcmal,1265,42.772861,-78.823906,1596243782,16,16013,0,1061,
1211,32,20,32018,0,60,1263,amhba,1264,42.940197,-78.813782,1596243766,32,32018,0,1090,
1304,155,20,155003,0,99999,9999,nfia,1200,43.084270,-79.060791,1596243793,155,155003,0,3114,
1501,55,19,55043,0,99999,9999,prtc,1240,43.099369,-79.051704,1596241691,55,55043,0,3111,
1504,20,20,20018,0,-180,1264,elken,1261,42.953068,-78.878212,1596243743,20,20018,0,3048,
1511,20,19,20020,0,-420,1267,ellop,1260,42.888882,-78.875198,1596243776,20,20020,0,3050,
1512,25,20,25014,0,120,1267,dlwkn,1269,42.945423,-78.868164,1596243747,25,25014,0,3062,
1519,52,20,52030,0,-480,1271,pnhyd,1263,43.099174,-79.051186,1596243701,52,52030,0,3100,
1604,5,19,5022,0,0,1265,ellop,1265,42.882584,-78.872368,1596242602,5,5022,0,3030,
1607,3,19,3018,0,99999,9999,sklmt,1250,42.924438,-78.889938,1596243752,3,3018,0,3012,
1608,5,20,5021,0,0,1270,socam,1270,42.954334,-78.820816,1596242753,5,5021,0,3029,
1616,34,19,34009,0,0,1260,socam,1260,42.955132,-78.820930,1596243785,34,34009,0,3069,
1622,40,19,40017,0,0,1270,tcbfl,1270,42.883381,-78.872780,1596243063,40,40017,0,3087,
1623,3,20,3019,0,-60,1266,sklmt,1265,42.946854,-78.891060,1596243744,3,3019,0,3013,
1703,35,20,35006,0,0,1280,covhl,1280,43.000038,-78.783371,1596243782,35,35006,0,3074,
1705,5,20,25009,0,-180,1263,kenml,1260,42.960903,-78.889381,1596243743,25,25009,0,3059,
1806,40,19,25010,0,0,1273,tcbfl,1273,42.915695,-78.899429,1596243747,25,25010,0,3060,
1807,40,20,3017,0,-60,1264,prtc,1263,43.096619,-79.049919,1596243787,3,3017,0,3011,
1808,11,20,11005,0,0,1277,tnind,1277,43.013786,-78.859421,1596243755,11,11005,0,3034,
1813,25,19,25013,0,-180,1268,orch,1265,43.010597,-78.872780,1596243789,25,25013,0,3061,
1818,16,20,16014,0,-120,1281,spkls,1279,42.898537,-78.867233,1596243801,16,16014,0,1062,
1819,32,20,32020,0,99999,9999,twyml,1205,42.910168,-78.759331,1596243758,32,32020,1,1093,
1820,14,20,14012,0,-120,1265,rdgab,1263,42.839108,-78.807938,1596243753,14,14012,0,1042,
1821,1,19,2011,0,120,1273,tcbfl,1275,42.883575,-78.872368,1596243761,2,2011,0,1013,
1822,16,20,16015,0,0,1269,bgtsp,1269,42.789829,-78.812294,1596243762,16,16015,0,1063,
1901,155,20,155004,0,0,1265,nfia,1265,43.100990,-78.940971,1596243797,155,155004,0,3115,
1903,20,19,20019,0,-120,1262,ellop,1260,42.882557,-78.872040,1596243767,20,20019,0,3049,
1904,40,20,40016,0,-180,1259,prtc,1256,43.099644,-79.051559,1596243550,40,40016,0,3086,
1909,55,19,55042,0,-60,1269,casno,1268,43.095131,-79.036072,1596243736,55,55042,0,3110,
1914,5,19,20016,0,-60,1262,ngfry,1261,42.914322,-78.899582,1596243776,20,20016,0,3047,
1917,50,19,50025,0,60,1262,olopc,1263,43.153847,-79.034401,1596243705,50,50025,0,3095,
1919,34,20,34011,0,0,1264,hazwd,1264,43.028885,-78.815086,1596243791,34,34011,0,3070,
1920,20,19,40014,0,-60,1273,elmdv,1272,42.956917,-78.878479,1596243746,40,40014,0,3085,
1921,35,20,35007,0,-120,1273,ens,1271,42.952492,-78.909111,1596243797,35,35007,0,3075,
1922,11,19,11006,0,0,1270,ellop,1270,42.882614,-78.872444,1596243671,11,11006,0,3035,
2010,26,19,26006,0,-120,1264,badlv,1262,42.922733,-78.810432,1596243787,26,26006,0,2080,
2501,2,19,16016,0,-120,1267,cltba,1265,42.871777,-78.803177,1596243760,16,16016,0,1064,
2507,6,20,6014,0,0,1265,twyml,1265,42.901505,-78.784828,1596243787,6,6014,0,1031,
2604,24,20,24019,0,-180,1271,genmn,1268,42.882805,-78.874084,1596243748,24,24019,0,2075,
2613,42,19,42007,0,-1680,1288,mohel,1260,42.886162,-78.873489,1596243790,42,42007,0,1100,
2615,46,19,32019,0,60,1276,twyml,1277,42.903568,-78.783600,1596243693,32,32019,0,1091,
2620,32,19,32017,0,-180,1266,knhty,1263,42.944981,-78.782036,1596243758,32,32017,0,1089,
2702,8,20,8008,0,0,1264,socam,1264,42.954773,-78.820816,1596243753,8,8008,0,2007,
2703,12,19,12023,0,0,1263,elmut,1263,42.911350,-78.870209,1596243767,12,12023,0,2029,
2709,12,20,12024,0,180,1272,ctyli,1275,42.958786,-78.814827,1596243755,12,12024,0,2030,
8216,45,99,45216,99,99999,9999,,9999,42.981529,-78.697052,1596243746,45,0,0,45216,
8306,45,99,45306,99,99999,9999,,9999,42.819115,-78.809692,1596243765,45,0,0,45306,
8309,45,99,45309,99,99999,9999,,9999,42.949959,-78.890869,1596243755,45,0,0,45309,
