1001,26,20,22005,0,0,837,dlvst,837,42.922211,-78.865265,1596218149,22,22005,0,2048,
1003,23,20,23013,0,0,838,bdyfl,838,42.882477,-78.839203,1596218123,23,23013,0,2060,
1005,23,19,23012,0,-360,843,mnfil,837,42.947567,-78.845314,1596218173,23,23012,0,2057,
1007,18,20,18004,0,0,845,genjf,845,42.874584,-78.850929,1596218156,18,18004,0,2041,
1010,0,0,24012,4,0,840,marmn,840,42.877277,-78.877808,1596218077,24,24012,0,2018,
1011,23,20,23016,0,-300,844,brrtc,839,42.947788,-78.881042,1596218129,23,23016,0,2040,
1016,12,20,12013,0,0,853,ctyli,853,42.958706,-78.814568,1596218131,12,12013,0,2024,
1018,49,19,44006,0,60,838,socam,839,42.959366,-78.814270,1596218120,44,44006,0,2089,
1020,16,20,14011,0,-180,845,spkls,842,42.882778,-78.874344,1596218146,14,14011,0,1041,
1022,32,20,32011,0,0,836,ungen,836,42.927601,-78.754265,1596218157,32,32011,0,1083,
1023,15,19,15008,0,60,840,scl,841,42.841171,-78.785423,1596218136,15,15008,0,1046,
1026,6,19,6008,0,-300,840,sycfl,835,42.902660,-78.823608,1596218173,6,6008,0,1028,
1028,6,19,6012,0,-180,839,twyml,836,42.906921,-78.779465,1596218144,6,6012,0,1026,
1030,4,19,76002,0,-180,838,tcbfl,835,42.883766,-78.877396,1596218130,76,76002,0,1103,
1032,16,19,16009,0,0,844,bnmc,844,42.882858,-78.872894,1596218117,16,16009,0,1060,
1033,15,19,15006,0,240,837,lterr,841,42.883190,-78.874977,1596218127,15,15006,0,1047,
1034,2,19,2008,0,60,847,tcbfl,848,42.884979,-78.868019,1596218160,2,2008,0,1011,
1038,19,20,19008,0,60,840,winsp,841,42.939922,-78.813637,1596218140,19,19008,0,1072,
1041,16,19,16011,0,-120,844,bgtsp,842,42.733315,-78.825394,1596218138,16,16011,0,1095,
1042,0,0,19012,4,480,832,socam,840,42.955021,-78.820480,1596218174,19,19012,0,1074,
1044,32,20,32012,0,0,849,twyml,849,42.902824,-78.783669,1596217847,32,32012,0,1079,
1045,16,19,16012,0,-240,839,splke,835,42.789856,-78.814194,1596218123,16,16012,0,1058,
1046,2,20,4006,0,-60,836,cltfl,835,42.880192,-78.844528,1596218141,4,4006,0,1019,
1047,0,0,4003,5,99999,9999,,9999,42.884869,-78.823349,1596218135,4,4003,0,1016,
1049,15,20,15007,0,0,856,sogat,856,42.827614,-78.754486,1596217951,15,15007,0,1048,
1050,1,19,1002,0,-60,841,tcbfl,840,42.886627,-78.878738,1596218175,1,1002,0,1002,
1052,0,0,32016,4,0,857,tcbfl,857,42.882309,-78.825027,1596218156,32,32016,0,1088,
1055,12,19,12012,0,-240,844,knegt,840,42.951611,-78.825394,1596218147,12,12012,0,2023,
1056,23,19,23011,0,0,844,abtba,844,42.878349,-78.839767,1596218161,23,23011,0,2059,
1057,0,0,18005,4,99999,9999,twyml,835,42.903267,-78.783371,1596217754,18,18005,0,2043,
1059,12,20,12020,0,60,841,badlv,842,42.914459,-78.823311,1596218125,12,12020,0,2022,
1061,0,0,13005,4,0,835,utica,835,42.911625,-78.864815,1596217743,13,13005,0,2035,
1063,0,0,24014,4,0,865,marmn,865,42.917179,-78.861504,1596218106,24,24014,0,2071,
1064,23,19,23014,0,-180,852,hrtpk,849,42.941189,-78.904602,1596218167,23,23014,0,2061,
1065,13,20,8005,0,-120,840,winsp,838,42.938381,-78.813599,1596218175,8,8005,0,2005,
1066,155,20,155001,0,0,840,nfia,840,43.100906,-78.941086,1596218166,155,155001,0,3112,
1105,12,19,12019,0,0,840,utica,840,42.911156,-78.854355,1596218167,12,12019,0,2019,
1106,8,19,8007,0,-360,840,amsta,834,42.947762,-78.829865,1596218133,8,8007,0,2004,
1108,12,19,12016,0,0,834,nghmp,834,42.910828,-78.899879,1596218159,12,12016,0,2026,
1109,47,19,44008,0,0,867,socam,867,42.955212,-78.820450,1596218133,44,44008,0,2087,
1110,12,20,12014,0,-60,839,utica,838,42.911240,-78.870735,1596218137,12,12014,0,2025,
1111,24,20,24011,0,0,837,bagen,837,42.912422,-78.814079,1596218173,24,24011,0,2069,
1112,12,20,12018,0,-60,839,knegt,838,42.934448,-78.798965,1596218170,12,12018,0,2017,
1113,24,20,48005,0,0,835,airpt,835,42.934147,-78.730446,1596217915,48,48005,0,2096,
1114,23,19,23015,0,0,840,abtba,840,42.857643,-78.828674,1596217969,23,23015,0,2058,
1116,22,20,22004,0,-60,836,bstmn,835,42.904613,-78.868423,1596218156,22,22004,0,2046,
1118,12,19,12021,0,0,836,badlv,836,42.922791,-78.813782,1596218120,12,12021,0,2016,
1120,12,19,12017,0,-60,840,nghmp,839,42.915199,-78.893700,1596218169,12,12017,0,2027,
1122,8,19,48001,0,120,836,wtfrt,838,42.881073,-78.878883,1596218174,48,48001,0,2094,
1123,0,0,44003,5,60,845,colds,846,42.893009,-78.869614,1596218121,44,44003,0,2085,
1124,0,0,12022,4,0,860,twyml,860,42.917042,-78.861877,1596217748,12,12022,0,2028,
1126,44,20,44007,0,60,870,lkpt,871,43.169739,-78.689941,1596218154,44,44007,0,2088,
1130,48,19,48004,0,60,839,mnegt,840,42.963627,-78.786278,1596218096,48,48004,0,2097,
1201,0,0,2009,4,360,839,twyml,845,42.902111,-78.783821,1596218060,2,2009,0,1012,
1202,0,0,14007,6,-60,835,aptml,834,42.888580,-78.751213,1596218126,14,14007,0,1039,
1204,6,20,6010,0,0,846,glrml,846,42.910221,-78.763641,1596218024,6,6010,0,1096,
1205,14,20,14010,0,0,842,eccs,842,42.788479,-78.796806,1596218154,14,14010,0,1037,
1206,0,0,16013,4,0,855,mowsh,855,42.883053,-78.825172,1596218053,16,16013,0,1061,
1207,6,20,6009,0,-120,836,sycmg,834,42.888359,-78.868576,1596218119,6,6009,0,1029,
1208,19,20,19011,0,99999,9999,socam,820,42.940472,-78.813705,1596218157,19,19011,0,1071,
1212,32,20,32014,0,-360,841,dlwam,835,42.933239,-78.877022,1596218168,32,32014,0,1085,
1213,23,20,23017,0,-180,837,mnfil,834,42.935249,-78.839241,1596218151,23,23017,0,2055,
1214,26,20,22001,0,0,837,twyml,837,42.903732,-78.781624,1596218164,22,22001,0,2044,
1301,155,19,155002,0,0,840,falls,840,43.084049,-79.060272,1596218086,155,155002,0,3113,
1501,3,20,20011,0,99999,9999,trcem,530,42.882584,-78.872108,1596212519,20,20011,0,3043,
1502,55,19,40009,0,99999,9999,prtc,801,43.099369,-79.051559,1596218152,40,40009,1,3081,
1504,5,20,5007,0,-360,849,socam,843,42.958649,-78.867752,1596218170,5,5007,0,3020,
1505,3,20,20006,0,0,841,frgrt,841,42.907307,-78.890984,1596218170,20,20006,0,3041,
1507,0,0,20017,4,0,836,orch,836,42.988350,-78.873077,1596218163,20,20017,0,3044,
1512,52,20,52029,0,120,889,nftc,891,43.100796,-78.980057,1596218153,52,52029,0,3098,
1517,50,20,50023,0,-240,845,bfhyd,841,43.088230,-79.058182,1596218163,50,50023,0,3093,
1518,35,19,35004,0,0,835,wtrgt,835,42.940556,-78.906204,1596218122,35,35004,0,3073,
1601,3,20,11001,0,-240,847,sklmt,843,42.927601,-78.889381,1596218143,11,11001,0,3031,
1604,55,20,55039,0,0,843,boces,843,43.145786,-78.866005,1596217669,55,55039,0,3104,
1605,40,20,40010,0,-180,851,brrtc,848,42.901615,-78.892395,1596218169,40,40010,0,3082,
1606,35,20,35005,0,-60,848,ens,847,42.940144,-78.907028,1596218125,35,35005,0,3072,
1609,11,19,11002,0,-60,839,clvkn,838,42.970776,-78.858490,1596218129,11,11002,0,3032,
1610,55,19,55041,0,0,845,prtc,845,43.099369,-79.051598,1596218126,55,55041,0,3109,
1611,3,19,5018,0,0,835,ellop,835,42.882584,-78.872261,1596218144,5,5018,0,3025,
1614,55,20,50024,0,0,843,nfia,843,43.101349,-78.939262,1596218134,50,50024,0,3091,
1615,40,20,40008,0,-960,847,falls,831,43.048134,-78.987686,1596218152,40,40008,0,3080,
1616,0,0,34009,4,-240,841,hazwd,837,43.019371,-78.822159,1596218130,34,34009,0,3069,
1618,5,19,3009,0,-240,836,ngvrg,832,42.896114,-78.887375,1596218128,3,3009,0,3010,
1620,3,19,3011,0,-480,839,trcem,831,42.899963,-78.885773,1596218167,3,3011,0,3005,
1622,50,19,50021,0,0,843,bfhyd,843,43.073681,-78.980728,1596218121,50,50021,0,3092,
1623,5,20,25004,0,0,840,socam,840,42.954334,-78.820892,1596218042,25,25004,0,3055,
1624,0,0,3012,4,0,850,socam,850,42.958595,-78.858971,1596218148,3,3012,0,3009,
1703,0,0,35006,4,540,841,covhl,850,43.000011,-78.783371,1596218125,35,35006,0,3074,
1704,25,20,25007,0,0,841,dlwdv,841,42.908764,-78.871033,1596218150,25,25007,0,3054,
1705,0,0,25011,4,1740,814,tnind,843,42.948284,-78.858971,1596218150,25,25011,0,3057,
1713,55,19,40013,0,0,843,mlnfb,843,43.100357,-78.941124,1596218160,40,40013,0,3078,
1714,5,19,5019,0,0,839,dlwkn,839,42.958649,-78.850967,1596218116,5,5019,0,3105,
1715,25,19,20014,0,-120,847,dlwdv,845,42.954002,-78.869247,1596218151,20,20014,0,3046,
1716,3,19,25006,0,-180,838,frgrt,835,42.922131,-78.890198,1596218137,25,25006,0,3058,
1718,24,19,24010,0,-60,838,bagen,837,42.915970,-78.805595,1596218123,24,24010,0,2070,
1722,26,19,26005,0,99999,9999,dlvst,834,42.922680,-78.816460,1596217651,26,26005,0,2092,
1801,50,20,52028,0,0,840,nftc,840,43.100742,-78.979980,1596217533,52,52028,0,3099,
1802,0,0,25012,4,60,849,ellop,850,42.920811,-78.899956,1596218159,25,25012,0,3056,
1803,5,19,5017,0,60,846,ngvrg,847,42.912861,-78.899727,1596218169,5,5017,0,3028,
1806,5,20,25010,0,120,839,brrtc,841,42.938824,-78.904419,1596218153,25,25010,0,3060,
1807,0,0,20004,5,99999,9999,,9999,42.960190,-78.890945,1596218147,20,20004,0,3039,
1808,25,19,25003,0,180,837,ellop,840,42.882668,-78.874527,1596218159,25,25003,0,3053,
1809,5,20,5016,0,0,840,kenml,840,42.957962,-78.896042,1596218174,5,5016,0,3024,
1810,20,20,20013,0,-120,837,elmnr,835,42.899303,-78.877022,1596218154,20,20013,0,3045,
1811,20,20,5012,0,-240,846,elken,842,42.932854,-78.876953,1596218171,5,5012,0,3026,
1812,5,20,5015,0,-60,836,ngvrg,835,42.892208,-78.883575,1596218132,5,5015,0,3021,
1815,5,19,5013,0,-60,843,brrtc,842,42.950069,-78.903450,1596218122,5,5013,0,3022,
1817,42,19,42004,0,180,845,mohel,848,42.874859,-78.870323,1596218162,42,42004,0,1098,
1822,19,19,19009,0,-120,839,abtba,837,42.872246,-78.819962,1596218163,19,19009,0,1070,
1824,46,19,4005,0,0,841,ctrbd,841,42.914703,-78.678558,1596218146,4,4005,0,1018,
1902,3,20,3010,0,0,856,tonvl,856,42.960052,-78.907509,1596218135,3,3010,0,3008,
1903,0,0,20005,5,-120,846,front,844,43.010761,-78.880005,1596218148,20,20005,0,3040,
1904,40,19,40012,0,180,842,tcbfl,845,42.897491,-78.888672,1596218131,40,40012,0,3084,
1905,0,0,3013,4,60,841,tonvl,842,42.960079,-78.907959,1596218098,3,3013,0,3007,
1906,0,0,5020,4,360,844,ellop,850,42.877087,-78.873489,1596218139,5,5020,0,3023,
1908,0,0,11004,4,99999,9999,ellop,845,42.956009,-78.912048,1596218088,11,11004,0,3106,
1909,34,19,34002,0,-60,844,nfbma,843,43.023689,-78.822273,1596218142,34,34002,0,3064,
1910,34,20,34007,0,60,841,hazwd,842,43.036118,-78.814308,1596218111,34,34007,0,3067,
1911,55,19,55038,0,120,842,casno,844,43.094830,-79.047913,1596218143,55,55038,0,3108,
1912,55,20,40011,0,-300,837,pnhyd,832,43.095104,-79.030975,1596218127,40,40011,0,3083,
1914,20,19,20016,0,0,836,elmnr,836,42.904446,-78.877213,1596218118,20,20016,0,3047,
1915,34,19,34006,0,0,840,socam,840,42.954746,-78.820450,1596218172,34,34006,0,3066,
1916,50,19,50022,0,-120,838,olopc,836,43.140148,-79.037865,1596217960,50,50022,0,3094,
1917,25,20,25008,0,-540,845,orch,836,42.963104,-78.870026,1596218136,25,25008,0,3097,
1918,25,19,11003,0,-120,841,mnngr,839,43.030014,-78.869911,1596218150,11,11003,0,3033,
1920,3,19,40014,0,0,850,frgrt,850,42.949162,-78.890793,1596218152,40,40014,0,3085,
1921,0,0,35007,4,0,851,orch,851,42.958981,-78.891090,1596218144,35,35007,0,3075,
1922,40,19,5014,0,-240,848,giplz,844,43.078934,-79.043816,1596218133,5,5014,0,3027,
2005,0,0,13006,4,0,855,wtfrt,855,42.916851,-78.862175,1596217928,13,13006,0,2036,
2007,12,20,12015,0,0,840,ctyli,840,42.958706,-78.814865,1596218036,12,12015,0,2015,
2129,0,0,2004,5,-240,843,babck,839,42.881897,-78.854393,1596218123,2,2004,0,1010,
2203,0,0,34001,5,0,851,front,851,42.927711,-78.898834,1596218122,34,34001,0,3063,
2218,11,19,34008,0,-120,837,ellop,835,42.884838,-78.876167,1596218144,34,34008,0,3068,
2503,0,0,19006,5,-480,859,babck,851,42.957798,-78.818253,1596218113,19,19006,0,1069,
2508,16,20,16010,0,0,838,splke,838,42.797749,-78.824165,1596218172,16,16010,0,1056,
2510,14,20,16008,0,-360,839,abtba,833,42.864380,-78.845161,1596218130,16,16008,0,1059,
2512,15,20,14008,0,-60,840,basen,839,42.873840,-78.843185,1596218135,14,14008,0,1040,
2513,19,20,19010,0,-60,837,bdyba,836,42.889568,-78.814453,1596218143,19,19010,0,1073,
2606,48,20,8006,0,-180,839,mnun,836,42.959229,-78.770050,1596218159,8,8006,0,2006,
2607,1,20,1004,0,0,840,nolvj,840,42.889240,-78.814453,1596218154,1,1004,0,1005,
2608,6,19,6011,0,60,839,wtfrt,840,42.880329,-78.883278,1596218127,6,6011,0,1025,
2609,6,20,6007,0,0,838,twyml,838,42.902798,-78.785011,1596218161,6,6007,0,1027,
2610,4,20,46003,0,-60,841,bdyba,840,42.893421,-78.837715,1596218165,46,46003,0,1102,
2611,42,20,42005,0,-240,841,shops,837,42.828274,-78.813042,1596218169,42,42005,0,1035,
2612,76,19,76003,0,60,838,angla,839,42.641079,-79.066711,1596217912,76,76003,0,1054,
2614,16,19,14009,0,180,832,bnmc,835,42.898701,-78.868759,1596218119,14,14009,0,1036,
2616,14,19,1003,0,-120,841,mercy,839,42.829594,-78.805107,1596218134,1,1003,0,1006,
2625,4,19,1006,0,-60,839,bdyba,838,42.898643,-78.800941,1596218146,1,1006,0,1003,
2627,0,0,32015,4,99999,9999,twyml,820,42.910580,-78.763977,1596218121,32,32015,0,1084,
2628,2,20,1005,0,-180,838,trfrh,835,42.867737,-78.724487,1596218139,1,1005,0,1004,
2629,0,0,32010,4,-960,621,twyml,605,99.000000,999.000000,1596203606,32,32010,0,1086,
2701,8,20,8003,0,120,839,socam,841,42.949467,-78.828079,1596218131,8,8003,0,2003,
2702,8,20,8008,0,-300,849,mnaln,844,42.878983,-78.882645,1596218167,8,8008,0,2007,
2703,44,19,44004,0,0,842,flint,842,43.035156,-78.751099,1596217945,44,44004,0,2086,
2704,13,19,13004,0,-300,849,dlvgr,844,42.938301,-78.813972,1596218157,13,13004,0,2034,
2705,0,0,24013,4,900,823,airpt,838,42.934147,-78.730927,1596218139,24,24013,0,2054,
2707,0,0,47003,4,0,845,socam,845,42.916824,-78.861763,1596217746,47,47003,0,2091,
2713,0,0,22006,4,60,834,twyml,835,42.903156,-78.783745,1596218082,22,22006,0,2047,
8126,45,99,45126,99,99999,9999,,9999,42.959366,-78.890793,1596218143,45,0,0,45126,
8141,45,99,45094,99,99999,9999,,9999,42.945698,-78.906761,1596218137,45,0,0,45094,
8145,45,99,45145,99,99999,9999,,9999,42.882641,-78.872444,1596217999,45,0,0,45145,
8201,45,99,45201,99,99999,9999,,9999,42.993656,-78.697914,1596218171,45,0,0,45201,
8205,45,99,45205,99,99999,9999,,9999,42.955818,-78.872780,1596217918,45,0,0,45205,
8207,45,99,45207,99,99999,9999,,9999,42.885086,-78.755608,1596218162,45,0,0,45207,
8208,45,99,45208,99,99999,9999,,9999,42.960106,-78.891541,1596218126,45,0,0,45208,
8211,45,99,45211,99,99999,9999,,9999,42.933186,-78.806038,1596218059,45,0,0,45211,
8213,45,99,45213,99,99999,9999,,9999,43.001797,-78.814453,1596218136,45,0,0,45213,
8214,45,99,45214,99,99999,9999,,9999,99.000000,999.000000,1596217955,45,0,0,45214,
8217,45,99,45217,99,99999,9999,,9999,42.934864,-78.842110,1596218138,45,0,0,45217,
8218,45,99,45218,99,99999,9999,,9999,42.884922,-78.824020,1596218131,45,0,0,45218,
8219,45,99,45219,99,99999,9999,,9999,43.108166,-78.992226,1596218151,45,0,0,45219,
8221,45,99,45221,99,99999,9999,,9999,42.884731,-78.854240,1596218152,45,0,0,45221,
8222,45,99,45222,99,99999,9999,,9999,42.934696,-78.841812,1596218174,45,0,0,45222,
8224,45,99,45224,99,99999,9999,,9999,42.931068,-78.784378,1596218173,45,0,0,45224,
8225,45,99,45225,99,99999,9999,,9999,43.169273,-78.693596,1596218111,45,0,0,45225,
8227,45,99,45227,99,99999,9999,,9999,42.850601,-78.804550,1596218162,45,0,0,45227,
8228,45,99,45228,99,99999,9999,,9999,42.959366,-78.891541,1596218171,45,0,0,45228,
8229,45,99,45229,99,99999,9999,,9999,42.868725,-78.834366,1596218129,45,0,0,45229,
8231,45,99,45231,99,99999,9999,,9999,43.091530,-78.940521,1596218104,45,0,0,45231,
8233,45,99,45233,99,99999,9999,,9999,99.000000,999.000000,1596199761,45,0,0,45233,
8234,45,99,45234,99,99999,9999,,9999,42.990990,-78.814491,1596218147,45,0,0,45234,
8236,45,99,45236,99,99999,9999,,9999,99.000000,999.000000,1596184755,45,0,0,45236,
8237,45,99,45237,99,99999,9999,,9999,42.871777,-78.802025,1596218148,45,0,0,45237,
8238,45,99,45238,99,99999,9999,,9999,42.901367,-78.670815,1596218117,45,0,0,45238,
8239,45,99,45239,99,99999,9999,,9999,42.982189,-78.871254,1596218134,45,0,0,45239,
8240,45,99,45240,99,99999,9999,,9999,42.937393,-78.889534,1596218146,45,0,0,45240,
8241,45,99,45241,99,99999,9999,,9999,42.936100,-78.840767,1596218145,45,0,0,45241,
8304,45,99,45304,99,99999,9999,,9999,42.947731,-78.878845,1596218163,45,0,0,45304,
8305,45,99,45305,99,99999,9999,,9999,42.959282,-78.891541,1596218150,45,0,0,45305,
8306,45,99,45306,99,99999,9999,,9999,42.783779,-78.809990,1596217829,45,0,0,45306,
8307,45,99,45307,99,99999,9999,,9999,42.936237,-78.842110,1596217932,45,0,0,45307,
8309,45,99,45309,99,99999,9999,,9999,42.876919,-78.872185,1596218156,45,0,0,45309,
