1003,0,0,23010,5,99999,9999,,9999,42.915363,-78.862061,1596210986,23,23010,0,2042,
1004,26,20,22002,0,0,720,twyml,720,42.903294,-78.783371,1596210846,22,22002,0,2045,
1005,0,0,23012,4,0,740,abtba,740,42.915257,-78.858788,1596210939,23,23012,0,2057,
1010,12,20,12006,0,0,735,ctyli,735,42.958649,-78.814568,1596210966,12,12006,0,2013,
1011,12,20,12001,0,0,717,knegt,717,42.941959,-78.803139,1596210993,12,12001,0,2008,
1014,13,19,13002,0,60,725,dlvgr,726,42.936871,-78.816429,1596210944,13,13002,0,2033,
1016,12,19,12013,0,-240,725,knegt,721,42.951088,-78.825027,1596210994,12,12013,0,2024,
1020,2,19,4001,0,0,715,tcbfl,715,42.883518,-78.872520,1596210952,4,4001,0,1014,
1021,14,19,14001,0,60,724,bnmc,725,42.882366,-78.874344,1596210938,14,14001,0,1032,
1022,32,19,32011,0,-240,724,ungen,720,42.910416,-78.760742,1596210961,32,32011,0,1083,
1023,6,20,6004,0,0,726,glrml,726,42.910252,-78.763641,1596210821,6,6004,0,1024,
1026,6,19,6002,0,-120,717,wldba,715,42.905437,-78.809837,1596210977,6,6002,0,1022,
1027,32,19,32001,0,0,720,dlwam,720,42.941326,-78.853874,1596210954,32,32001,0,1077,
1030,46,19,76002,0,0,719,ctrbd,719,42.908573,-78.671669,1596210994,76,76002,0,1103,
1031,6,20,6001,0,0,725,twyml,725,42.905163,-78.811249,1596210941,6,6001,0,1021,
1032,16,20,16009,0,-240,719,rdgsp,715,42.834736,-78.823982,1596210980,16,16009,0,1060,
1033,15,19,15006,0,0,725,scl,725,42.829536,-78.769897,1596210992,15,15006,0,1047,
1034,0,0,2008,4,180,722,tcbfl,725,42.883492,-78.872261,1596210990,2,2008,0,1011,
1037,1,20,2001,0,-60,725,aptml,724,42.886215,-78.802544,1596210946,2,2001,0,1007,
1038,32,20,32004,0,180,707,twyml,710,42.882008,-78.824913,1596210945,32,32004,0,1080,
1040,46,19,46001,0,0,730,twyml,730,42.902138,-78.783783,1596210910,46,46001,0,1101,
1041,0,0,16011,4,0,730,bnmc,730,42.885059,-78.840584,1596210943,16,16011,0,1095,
1042,42,20,42003,0,0,720,sogat,720,42.827778,-78.754486,1596209974,42,42003,0,1097,
1043,19,20,19002,0,0,720,socam,720,42.954994,-78.820076,1596210928,19,19002,0,1066,
1046,0,0,15005,5,0,674,babck,674,42.945423,-78.906914,1596210946,15,15005,0,1019,
1047,2,20,4003,0,120,716,cltba,718,42.872189,-78.820633,1596210940,4,4003,0,1016,
1049,0,0,15007,4,1140,722,sogat,741,42.827888,-78.754486,1596210992,15,15007,0,1048,
1050,4,19,1002,0,-480,722,michl,714,42.905849,-78.784225,1596210979,1,1002,0,1002,
1052,14,19,14002,0,60,720,spkls,721,42.867352,-78.849854,1596210984,14,14002,0,1033,
1055,12,19,12012,0,-60,719,utica,718,42.911129,-78.853683,1596210953,12,12012,0,2023,
1056,23,20,23011,0,0,718,bdyfl,718,42.884701,-78.839172,1596210956,23,23011,0,2059,
1057,26,19,26001,0,-60,718,elmdv,717,42.922321,-78.866859,1596210989,26,26001,0,2077,
1061,49,20,49001,0,120,717,mpltr,719,42.983646,-78.696869,1596210900,49,49001,0,2099,
1062,26,20,26002,0,-120,718,dlvst,716,42.922241,-78.868019,1596210953,26,26002,0,2079,
1065,13,20,8005,0,-60,724,flfry,723,42.913715,-78.865036,1596210991,8,8005,0,2005,
1066,155,20,155001,0,0,720,nfia,720,43.100937,-78.941086,1596210735,155,155001,0,3112,
1106,12,19,8001,0,-120,717,badlv,715,42.928894,-78.813782,1596210937,8,8001,0,2001,
1116,48,19,13001,0,0,719,mnegt,719,42.963490,-78.784195,1596210960,13,13001,0,2032,
1118,8,19,24002,0,-360,720,amsta,714,42.947456,-78.830200,1596210983,24,24002,0,2065,
1122,48,20,48001,0,0,718,mnun,718,42.959034,-78.769043,1596210978,48,48001,0,2094,
1123,13,20,44003,0,-60,718,winsp,717,42.942261,-78.813637,1596210984,44,44003,0,2085,
1124,18,20,18001,0,0,724,genjf,724,42.875351,-78.850632,1596210964,18,18001,0,2039,
1127,12,19,12007,0,-360,722,nghmp,716,42.914761,-78.882126,1596210936,12,12007,0,2014,
1128,8,19,44002,0,60,739,wtfrt,740,42.880138,-78.882790,1596210937,44,44002,0,2084,
1129,24,20,24003,0,60,724,ungen,725,42.919491,-78.794838,1596210972,24,24003,0,2066,
1202,32,20,14007,0,60,718,ungen,719,42.930023,-78.754227,1596210990,14,14007,0,1039,
1203,4,20,4002,0,-360,723,bdyba,717,42.894218,-78.832954,1596210973,4,4002,0,1015,
1204,14,20,16001,0,-60,715,abtba,714,42.857231,-78.829674,1596210947,16,16001,0,1051,
1208,4,19,1001,0,120,714,tcbfl,716,42.883190,-78.861687,1596210961,1,1001,0,1001,
1213,23,20,23001,0,-60,723,hrtpk,722,42.940144,-78.839096,1596210955,23,23001,0,2049,
1214,22,20,22001,0,-180,716,bstmn,713,42.904476,-78.867828,1596210969,22,22001,0,2044,
1301,155,19,155002,0,0,720,falls,720,43.084076,-79.060272,1596210950,155,155002,0,3113,
1501,0,0,20011,4,99999,9999,ellop,520,42.882584,-78.872261,1596198839,20,20011,0,3043,
1502,55,20,40009,0,240,717,boces,721,43.143066,-78.865295,1596210957,40,40009,0,3081,
1504,5,19,5007,0,-120,721,dlwkn,719,42.958622,-78.849930,1596210971,5,5007,0,3020,
1505,5,20,20006,0,0,718,kenml,718,42.961262,-78.893700,1596210974,20,20006,0,3041,
1507,5,20,5002,0,-240,724,brrtc,720,42.924026,-78.898056,1596210967,5,5002,0,3015,
1508,3,20,5005,0,60,720,frgrt,721,42.908272,-78.891838,1596210965,5,5005,0,3018,
1512,0,0,52029,4,60,721,nftc,722,43.100689,-78.979904,1596210958,52,52029,0,3098,
1517,50,19,50023,0,-240,727,bfhyd,723,43.089634,-78.967216,1596210953,50,50023,0,3093,
1518,35,19,35004,0,0,717,brrtc,717,42.940693,-78.905724,1596210986,35,35004,0,3073,
1519,3,19,3004,0,-60,727,trcem,726,42.914238,-78.890350,1596210977,3,3004,0,3004,
1520,55,20,50019,0,0,723,nfia,723,43.101566,-78.939484,1596210971,50,50019,0,3089,
1601,11,20,11001,0,0,723,prpky,723,42.960136,-78.858414,1596210993,11,11001,0,3031,
1604,0,0,55039,4,-60,746,prtc,745,42.980843,-78.892883,1596210945,55,55039,0,3104,
1605,40,20,40010,0,-180,719,giplz,716,43.009087,-78.950577,1596210973,40,40010,0,3082,
1606,55,19,55031,0,180,722,casno,725,43.094856,-79.048317,1596210989,55,55031,0,3101,
1609,3,20,25002,0,0,722,tonvl,722,42.960079,-78.907959,1596210755,25,25002,0,3052,
1615,40,19,40008,0,0,717,ngvln,717,42.961536,-78.918747,1596210957,40,40008,0,3080,
1616,5,20,5004,0,99999,9999,socam,720,42.958706,-78.814568,1596210815,5,5004,1,3017,
1618,5,20,3009,0,-240,723,ngvrg,719,42.883549,-78.877281,1596210992,3,3009,0,3010,
1620,20,19,40002,0,0,720,ellop,720,42.882584,-78.872337,1596210972,40,40002,0,3077,
1622,52,19,50021,0,0,723,olopc,723,43.154259,-79.034843,1596210985,50,50021,0,3092,
1623,25,19,25004,0,0,765,ellop,765,42.882366,-78.873077,1596210986,25,25004,0,3055,
1703,55,20,55032,0,-180,719,nfb56,716,43.095104,-79.019249,1596210990,55,55032,0,3102,
1705,5,19,5001,0,0,715,ellop,715,42.882584,-78.872368,1596210895,5,5001,0,3014,
1713,0,0,40007,5,-180,734,front,731,42.883301,-78.872520,1596210871,40,40007,0,3057,
1714,20,19,20001,0,0,720,ellop,720,42.882557,-78.872108,1596210979,20,20001,0,3036,
1715,0,0,20014,4,60,734,ellop,735,42.946304,-78.891243,1596210981,20,20014,0,3046,
1716,5,19,25006,0,180,718,ellop,721,42.885883,-78.875687,1596210881,25,25006,0,3058,
1717,12,19,12005,0,180,712,nghmp,715,42.914623,-78.899467,1596210962,12,12005,0,2012,
1718,24,19,24010,0,-120,719,bagen,717,42.916409,-78.804405,1596210988,24,24010,0,2070,
1722,12,20,12002,0,0,719,badlv,719,42.914650,-78.814194,1596210926,12,12002,0,2009,
1801,50,19,52028,0,0,718,olopc,718,43.157806,-79.033318,1596210984,52,52028,0,3099,
1802,5,19,3003,0,-120,719,ngfry,717,42.925568,-78.897903,1596210963,3,3003,0,3003,
1803,5,20,40001,0,240,718,socam,722,42.955158,-78.821152,1596210985,40,40001,0,3076,
1807,20,19,20004,0,120,724,elmdv,726,42.941437,-78.878624,1596210952,20,20004,0,3039,
1808,25,20,25003,0,120,729,dlwkn,731,42.924084,-78.867386,1596210963,25,25003,0,3053,
1810,20,20,20013,0,-180,718,elmnr,715,42.897709,-78.877098,1596210959,20,20013,0,3045,
1811,5,20,5012,0,0,735,socam,735,42.954140,-78.820518,1596210975,5,5012,0,3026,
1813,40,20,40005,0,0,716,prtc,716,43.099644,-79.051559,1596210995,40,40005,0,3079,
1815,0,0,5013,4,60,729,ellop,730,42.897381,-78.896973,1596210986,5,5013,0,3022,
1816,20,20,20003,0,0,718,orch,718,42.988350,-78.873116,1596210881,20,20003,0,3038,
1817,42,19,42004,0,0,720,mohel,720,42.886902,-78.872299,1596210966,42,42004,0,1098,
1818,2,19,2002,0,-180,720,cltfl,717,42.873291,-78.823128,1596210954,2,2002,0,1008,
1821,16,19,16007,0,60,725,bnmc,726,42.882446,-78.873489,1596210973,16,16007,0,1055,
1824,16,19,16003,0,0,717,bgtsp,717,42.764774,-78.824097,1596210951,16,16003,0,1053,
1903,11,19,20005,0,-240,721,dlwdv,717,42.939785,-78.867683,1596210953,20,20005,0,3040,
1905,25,20,55033,0,0,735,orch,735,42.988403,-78.873077,1596210902,55,55033,0,3103,
1906,3,19,5003,0,-240,717,sklmt,713,42.959339,-78.895378,1596210943,5,5003,0,3016,
1907,5,19,5006,0,-600,718,kenml,708,42.958679,-78.878326,1596210975,5,5006,0,3019,
1908,35,20,35001,0,0,721,covhl,721,43.000011,-78.783371,1596210802,35,35001,0,3071,
1909,34,19,34002,0,-180,726,nfbma,723,43.030563,-78.815460,1596210947,34,34002,0,3064,
1910,34,20,34007,0,0,737,hazwd,737,43.028858,-78.815010,1596210606,34,34007,0,3067,
1911,0,0,55038,4,0,720,prtc,720,43.099369,-79.051674,1596210948,55,55038,0,3108,
1912,0,0,40011,4,-60,716,tcbfl,715,42.883492,-78.872780,1596210991,40,40011,0,3083,
1914,25,19,25001,0,60,726,dlwdv,727,42.947403,-78.868614,1596210982,25,25001,0,3051,
1915,5,20,34006,0,0,705,socam,705,42.981255,-78.822754,1596210976,34,34006,0,3066,
1916,55,19,55036,0,120,704,prtc,706,43.096344,-78.984482,1596210942,55,55036,0,3107,
1919,0,0,50022,4,-600,714,olopc,704,43.154369,-79.035179,1596210879,50,50022,0,3094,
1920,3,20,3002,0,-300,726,sklmt,721,42.927822,-78.889381,1596210957,3,3002,0,3002,
1921,20,20,20002,0,-180,722,elken,719,42.942425,-78.878365,1596210950,20,20002,0,3037,
2001,24,20,24004,0,0,730,genmn,730,42.877361,-78.877876,1596210983,24,24004,0,2067,
2005,23,20,23004,0,-60,719,brrtc,718,42.942478,-78.906616,1596210986,23,23004,0,2052,
2010,23,19,23003,0,180,722,abtba,725,42.857670,-78.828934,1596210946,23,23003,0,2051,
2011,23,19,23005,0,-120,731,hrtpk,729,42.945202,-78.895111,1596210984,23,23005,0,2053,
2129,1,19,2004,0,-120,719,nolvj,717,42.885967,-78.802650,1596210942,2,2004,0,1010,
2203,3,19,34001,0,0,720,ellop,720,42.889130,-78.876167,1596210940,34,34001,0,3063,
2215,50,20,50018,0,-180,722,mlnfb,719,43.076462,-78.965317,1596210966,50,50018,0,3088,
2502,14,20,14003,0,-120,721,eccs,719,42.788399,-78.799637,1596210940,14,14003,0,1034,
2503,19,20,19006,0,0,718,winsp,718,42.937916,-78.813896,1596210990,19,19006,0,1069,
2508,0,0,16010,4,0,731,shops,731,42.880276,-78.827744,1596210938,16,16010,0,1056,
2510,16,19,16008,0,-300,722,rdgsp,717,42.800140,-78.824135,1596210972,16,16008,0,1059,
2514,16,20,16002,0,-120,728,spkls,726,42.889019,-78.872559,1596210920,16,16002,0,1052,
2515,2,20,2003,0,180,737,fltbk,740,42.847881,-78.698433,1596210814,2,2003,0,1009,
2601,24,20,24005,0,120,716,airpt,718,42.934174,-78.730965,1596210413,24,24005,0,2068,
2602,26,20,26003,0,0,715,twyml,715,42.903183,-78.783783,1596210485,26,26003,0,2078,
2603,23,19,23002,0,60,723,flfry,724,42.938301,-78.839653,1596210985,23,23002,0,2050,
2609,0,0,6007,4,300,736,glrml,741,42.884731,-78.815941,1596210980,6,6007,0,1027,
2610,6,19,6003,0,-120,716,wtfrt,714,42.880466,-78.883018,1596210951,6,6003,0,1023,
2612,0,0,76003,4,360,719,ellop,725,42.882584,-78.872444,1596210967,76,76003,0,1054,
2613,1,19,15003,0,0,715,tcbfl,715,42.883629,-78.872780,1596210945,15,15003,0,1045,
2616,0,0,1003,4,-600,730,mowsh,720,42.885006,-78.838722,1596210976,1,1003,0,1006,
2617,19,19,19004,0,0,717,abtba,717,42.857586,-78.829193,1596210956,19,19004,0,1068,
2618,15,19,15001,0,0,720,lterr,720,42.883713,-78.878181,1596210969,15,15001,0,1043,
2619,19,19,19001,0,-240,715,baken,711,42.938164,-78.814041,1596210969,19,19001,0,1065,
2620,19,20,19003,0,60,718,bdyba,719,42.888004,-78.814415,1596210953,19,19003,0,1067,
2623,15,20,15002,0,-180,718,basen,715,42.873455,-78.842331,1596210961,15,15002,0,1044,
2629,0,0,32010,4,-960,621,twyml,605,99.000000,999.000000,1596203606,32,32010,0,1086,
2701,8,20,8003,0,0,721,socam,721,42.947403,-78.830421,1596210951,8,8003,0,2003,
2702,12,20,12003,0,180,723,filut,726,42.911461,-78.865562,1596210950,12,12003,0,2010,
2703,44,20,44004,0,-180,722,mlpsh,719,42.958485,-78.816429,1596210944,44,44004,0,2086,
2704,0,0,13004,4,-360,731,socam,725,42.923504,-78.856178,1596210941,13,13004,0,2034,
2707,12,20,12004,0,0,720,ctyli,720,42.958706,-78.815269,1596210970,12,12004,0,2011,
2708,8,20,8002,0,-120,726,mnaln,724,42.882336,-78.874825,1596210985,8,8002,0,2002,
2713,44,20,44001,0,60,726,lkpt,727,43.169712,-78.690208,1596210904,44,44001,0,2083,
6015,444,99,444444,99,99999,9999,,9999,42.915531,-78.861877,1596210703,444,0,0,444444,
8141,45,99,45094,99,99999,9999,,9999,42.945724,-78.906761,1596210409,45,0,0,45094,
8151,45,99,45990,99,99999,9999,,9999,42.898067,-78.838570,1596210946,45,0,0,45990,
8152,45,99,45991,99,99999,9999,,9999,42.960274,-78.890495,1596210832,45,0,0,45991,
8201,45,99,45201,99,99999,9999,,9999,42.958183,-78.818436,1596210869,45,0,0,45201,
8205,45,99,45205,99,99999,9999,,9999,42.955845,-78.872780,1596210977,45,0,0,45205,
8207,45,99,45207,99,99999,9999,,9999,42.933819,-78.863701,1596210947,45,0,0,45207,
8211,45,99,45211,99,99999,9999,,9999,42.923424,-78.762306,1596210939,45,0,0,45211,
8213,45,99,45213,99,99999,9999,,9999,42.975563,-78.878922,1596210958,45,0,0,45213,
8216,45,99,45216,99,99999,9999,,9999,42.872711,-78.732933,1596210963,45,0,0,45216,
8218,45,99,45218,99,99999,9999,,9999,42.950481,-78.888672,1596210973,45,0,0,45218,
8221,45,99,45221,99,99999,9999,,9999,42.986233,-78.763275,1596210974,45,0,0,45221,
8222,45,99,45222,99,99999,9999,,9999,42.955322,-78.872780,1596210777,45,0,0,45222,
8224,45,99,45224,99,99999,9999,,9999,43.024212,-78.879257,1596210895,45,0,0,45224,
8225,45,99,45225,99,99999,9999,,9999,42.987938,-78.697243,1596210987,45,0,0,45225,
8229,45,99,45229,99,99999,9999,,9999,42.955486,-78.872963,1596210949,45,0,0,45229,
8230,45,99,45230,99,99999,9999,,9999,42.960190,-78.890388,1596210995,45,0,0,45230,
8231,45,99,45231,99,99999,9999,,9999,43.047283,-78.818138,1596210982,45,0,0,45231,
8232,45,99,45232,99,99999,9999,,9999,42.930187,-78.697311,1596210964,45,0,0,45232,
8233,45,99,45233,99,99999,9999,,9999,99.000000,999.000000,1596199761,45,0,0,45233,
8236,45,99,45236,99,99999,9999,,9999,99.000000,999.000000,1596184755,45,0,0,45236,
8237,45,99,45237,99,99999,9999,,9999,42.971878,-78.735023,1596210973,45,0,0,45237,
8238,45,99,45238,99,99999,9999,,9999,43.022751,-78.738594,1596210780,45,0,0,45238,
8239,45,99,45239,99,99999,9999,,9999,42.908821,-78.717194,1596210896,45,0,0,45239,
8240,45,99,45240,99,99999,9999,,9999,42.905521,-78.781029,1596210990,45,0,0,45240,
8241,45,99,45241,99,99999,9999,,9999,42.959583,-78.890312,1596210936,45,0,0,45241,
8307,45,99,45307,99,99999,9999,,9999,42.960163,-78.889862,1596210953,45,0,0,45307,
