1003,23,19,23013,0,-420,776,hrtpk,769,42.947624,-78.850784,1596214589,23,23013,0,2060,
1004,22,20,22002,0,0,784,bstgn,784,42.903870,-78.859825,1596214627,22,22002,0,2045,
1005,23,20,23012,0,-60,783,hrtpk,782,42.940117,-78.839058,1596214579,23,23012,0,2057,
1007,3,20,5001,0,99999,9999,tonvl,757,42.917015,-78.861877,1596214623,5,5001,0,3014,
1010,12,19,12006,0,0,778,utica,778,42.911297,-78.865562,1596214628,12,12006,0,2013,
1011,0,0,23016,4,180,782,abtba,785,42.857643,-78.828674,1596214595,23,23016,0,2040,
1014,13,20,13002,0,-60,778,winsp,777,42.943333,-78.813599,1596214606,13,13002,0,2033,
1016,12,19,12013,0,0,775,nghmp,775,42.910912,-78.899879,1596214597,12,12013,0,2024,
1018,49,20,44006,0,-60,785,mpltr,784,42.978451,-78.737587,1596214585,44,44006,0,2089,
1021,32,19,32013,0,60,780,ungen,781,42.918362,-78.754082,1596214600,32,32013,0,1087,
1022,32,19,32011,0,0,780,brrtc,780,42.945396,-78.906914,1596214206,32,32011,0,1083,
1023,0,0,6004,5,60,790,babck,791,42.877224,-78.876282,1596214602,6,6004,0,1024,
1026,6,20,6008,0,-120,779,wldba,777,42.902084,-78.825096,1596214579,6,6008,0,1028,
1030,46,19,76002,0,0,795,twyml,795,42.903484,-78.783371,1596214063,76,76002,0,1103,
1032,16,19,16009,0,-300,788,bgtsp,783,42.717640,-78.828743,1596214582,16,16009,0,1060,
1033,15,20,15006,0,120,782,scl,784,42.857422,-78.812218,1596214593,15,15006,0,1047,
1034,2,20,2008,0,0,792,fltbk,792,42.848896,-78.697647,1596214593,2,2008,0,1011,
1037,1,19,2001,0,180,773,tcbfl,776,42.884949,-78.856926,1596214608,2,2001,0,1007,
1038,19,19,19008,0,-180,783,bagen,780,42.931702,-78.813705,1596214607,19,19008,0,1072,
1040,32,19,46001,0,-60,783,dlwam,782,42.940308,-78.838905,1596214586,46,46001,0,1101,
1041,16,20,16011,0,-120,783,splke,781,42.824421,-78.824135,1596214616,16,16011,0,1095,
1042,0,0,42003,5,0,790,babck,790,42.885006,-78.842926,1596214580,42,42003,0,1097,
1044,32,20,32012,0,-60,776,dlwam,775,42.940498,-78.869171,1596214597,32,32012,0,1079,
1045,16,20,16012,0,-300,785,spkls,780,42.882778,-78.874344,1596214589,16,16012,0,1058,
1046,32,20,32002,0,0,781,ungen,781,42.944763,-78.754562,1596214608,32,32002,0,1078,
1047,2,19,4003,0,0,780,tcbfl,780,42.883411,-78.872520,1596214601,4,4003,0,1016,
1049,15,19,15007,0,180,787,lterr,790,42.883106,-78.879707,1596214594,15,15007,0,1048,
1050,1,20,1002,0,-180,776,wmbck,773,42.884811,-78.824501,1596214581,1,1002,0,1002,
1055,12,20,12012,0,-120,784,badlv,782,42.914486,-78.830940,1596214614,12,12012,0,2023,
1056,23,20,23011,0,0,790,brrtc,790,42.945671,-78.907059,1596214332,23,23011,0,2059,
1057,26,20,26001,0,99999,9999,twyml,776,42.911297,-78.784264,1596214591,26,26001,1,2077,
1061,0,0,49001,5,-180,788,colds,785,42.939674,-78.838760,1596214621,49,49001,0,2099,
1062,26,20,26002,0,-60,776,twyml,775,42.903046,-78.783562,1596214615,26,26002,0,2079,
1064,23,20,23014,0,-240,782,bdyfl,778,42.874088,-78.844116,1596214574,23,23014,0,2061,
1065,13,19,8005,0,-60,782,dlvgr,781,42.934311,-78.822906,1596214581,8,8005,0,2005,
1066,155,19,155001,0,0,786,falls,786,43.084187,-79.060677,1596214278,155,155001,0,3112,
1105,0,0,12019,4,0,790,ctyli,790,99.000000,999.000000,1596214515,12,12019,0,2019,
1108,12,19,12016,0,-120,782,knegt,780,42.948914,-78.812744,1596214625,12,12016,0,2026,
1109,0,0,44008,4,-480,788,airpt,780,42.922073,-78.851601,1596214599,44,44008,0,2087,
1110,12,19,12014,0,-300,780,badlv,775,42.929913,-78.808388,1596214604,12,12014,0,2025,
1111,24,19,24011,0,0,777,bagen,777,42.913414,-78.811920,1596214579,24,24011,0,2069,
1112,0,0,12018,4,0,785,nghmp,785,42.915447,-78.884544,1596214577,12,12018,0,2017,
1113,0,0,48005,4,0,780,marmn,780,42.877277,-78.877769,1596214617,48,48005,0,2096,
1114,23,19,23015,0,-240,793,hrtpk,789,42.941078,-78.904869,1596214613,23,23015,0,2058,
1116,0,0,22004,4,0,780,twyml,780,42.903294,-78.783371,1596214563,22,22004,0,2046,
1120,0,0,12017,4,-420,782,ctyli,775,42.951252,-78.825729,1596214575,12,12017,0,2027,
1122,48,19,48001,0,0,781,mnegt,781,42.962418,-78.780472,1596214580,48,48001,0,2094,
1123,47,20,44003,0,99999,9999,airpt,773,42.934174,-78.730255,1596214113,44,44003,1,2085,
1124,18,20,18001,0,0,784,genjf,784,42.876755,-78.853722,1596214626,18,18001,0,2039,
1126,0,0,44007,4,660,774,socam,785,42.955132,-78.820259,1596214503,44,44007,0,2088,
1127,12,20,12007,0,-60,779,knegt,778,42.934341,-78.798965,1596214598,12,12007,0,2014,
1128,8,20,44002,0,0,781,socam,781,42.947926,-78.829414,1596214600,44,44002,0,2084,
1130,48,20,48004,0,-60,779,mnun,778,42.959145,-78.769562,1596214621,48,48004,0,2097,
1202,46,19,14007,0,0,786,dckbd,786,42.899857,-78.671928,1596214613,14,14007,0,1039,
1203,4,19,4002,0,-540,784,tcbfl,775,42.885914,-78.874161,1596214620,4,4002,0,1015,
1204,0,0,6010,4,0,780,wtfrt,780,42.880329,-78.883018,1596214492,6,6010,0,1096,
1205,14,20,14010,0,0,797,spkls,797,42.898506,-78.864555,1596214620,14,14010,0,1037,
1207,6,19,6009,0,-180,779,twyml,776,42.906811,-78.780540,1596214585,6,6009,0,1029,
1208,19,20,19011,0,-120,778,wlmba,776,42.879147,-78.814865,1596214623,19,19011,0,1071,
1214,26,19,22001,0,-420,780,dlvst,773,42.921936,-78.842705,1596214602,22,22001,0,2044,
1301,155,20,155002,0,0,785,nfia,785,43.101650,-78.939598,1596214612,155,155002,0,3113,
1501,3,20,20011,0,99999,9999,trcem,530,42.882584,-78.872108,1596212519,20,20011,0,3043,
1502,55,19,40009,0,-240,779,nfb56,775,43.089851,-78.995834,1596214618,40,40009,0,3081,
1504,5,19,5007,0,0,780,ellop,780,42.882557,-78.872108,1596214573,5,5007,0,3020,
1505,5,19,20006,0,0,782,brrtc,782,42.956066,-78.907059,1596214577,20,20006,0,3041,
1508,3,19,5005,0,180,778,trcem,781,42.894135,-78.880302,1596214627,5,5005,0,3018,
1512,52,19,52029,0,0,783,olopc,783,43.154175,-79.035255,1596214619,52,52029,0,3098,
1517,50,19,50023,0,-540,786,lwstn,777,43.157421,-79.032951,1596214571,50,50023,0,3093,
1518,35,20,35004,0,-300,781,flint,776,42.990631,-78.804443,1596214588,35,35004,0,3073,
1519,5,20,3004,0,0,780,brrtc,780,42.936897,-78.903412,1596214610,3,3004,0,3004,
1520,55,19,50019,0,120,770,prtc,772,43.078468,-79.042068,1596214572,50,50019,0,3089,
1601,11,19,11001,0,-300,782,dlwdv,777,42.942177,-78.868019,1596214610,11,11001,0,3031,
1604,55,20,55039,0,-180,775,pnhyd,772,43.095104,-79.021149,1596214548,55,55039,0,3104,
1605,40,19,40010,0,-120,778,giplz,776,43.042141,-78.981880,1596214575,40,40010,0,3082,
1609,0,0,25002,5,0,786,front,786,42.954250,-78.889900,1596214595,25,25002,0,3052,
1610,0,0,55041,4,-1020,795,nfia,778,43.011093,-78.879890,1596214592,55,55041,0,3109,
1611,0,0,5018,4,0,782,tonvl,782,42.959888,-78.907990,1596214611,5,5018,0,3025,
1614,0,0,50024,4,0,780,prtc,780,43.099396,-79.051559,1596214600,50,50024,0,3091,
1615,40,19,40008,0,99999,9999,tcbfl,742,42.882751,-78.871964,1596214618,40,40008,0,3080,
1616,5,19,5004,0,-120,783,ellop,781,42.890366,-78.882050,1596214596,5,5004,0,3017,
1618,5,20,3009,0,60,779,socam,780,42.954388,-78.820930,1596214535,3,3009,0,3010,
1622,52,20,50021,0,60,821,nftc,822,43.100716,-78.979980,1596214587,50,50021,0,3092,
1623,5,20,25004,0,-60,785,ngfry,784,42.896721,-78.887817,1596214625,25,25004,0,3055,
1704,3,19,25007,0,0,790,frgrt,790,42.946136,-78.891319,1596214616,25,25007,0,3054,
1705,0,0,25011,4,0,843,tnind,843,42.958870,-78.890945,1596214616,25,25011,0,3057,
1714,5,20,20001,0,60,780,socam,781,42.958183,-78.829155,1596214582,20,20001,0,3036,
1715,20,20,20014,0,0,779,elken,779,42.955074,-78.878212,1596214617,20,20014,0,3046,
1716,3,20,25006,0,0,812,tonvl,812,42.959999,-78.908104,1596214368,25,25006,0,3058,
1717,12,20,12005,0,180,774,ctyli,777,42.948448,-78.829048,1596214624,12,12005,0,2012,
1718,24,20,24010,0,0,779,andrw,779,42.915642,-78.806114,1596214590,24,24010,0,2070,
1801,50,20,52028,0,0,777,casno,777,43.088863,-79.059303,1596214586,52,52028,0,3099,
1802,3,20,3003,0,-120,785,sklmt,783,42.937336,-78.889198,1596214624,3,3003,0,3003,
1803,0,0,5017,4,-300,795,socam,790,42.960106,-78.890762,1596214576,5,5017,0,3028,
1807,20,19,20004,0,0,780,ellop,780,42.882584,-78.872185,1596214613,20,20004,0,3039,
1808,25,19,25003,0,0,787,mnngr,787,43.044559,-78.875351,1596214625,25,25003,0,3053,
1809,0,0,5016,4,120,788,ellop,790,42.906208,-78.901405,1596214580,5,5016,0,3024,
1810,20,19,20013,0,-120,788,elmdv,786,42.947899,-78.878326,1596214621,20,20013,0,3045,
1811,5,19,5012,0,0,787,ngvrg,787,42.914211,-78.899582,1596214576,5,5012,0,3026,
1812,25,19,5015,0,-120,788,dlwdv,786,42.955791,-78.869392,1596214598,5,5015,0,3021,
1813,40,19,40005,0,-120,782,tcbfl,780,42.895290,-78.886627,1596214598,40,40005,0,3079,
1815,5,20,5013,0,99999,9999,ngvrg,744,42.949768,-78.903748,1596214588,5,5013,0,3022,
1816,3,20,20003,0,0,785,trcem,785,42.883217,-78.873825,1596214603,20,20003,0,3038,
1817,42,20,42004,0,0,794,sogat,794,42.827641,-78.754448,1596214569,42,42004,0,1098,
1818,4,20,2002,0,60,778,bdyba,779,42.896721,-78.815231,1596214615,2,2002,0,1008,
1821,14,20,16007,0,-360,779,abtba,773,42.870678,-78.858673,1596214339,16,16007,0,1055,
1822,19,20,19009,0,-60,780,winsp,779,42.941051,-78.813637,1596214629,19,19009,0,1070,
1824,16,19,16003,0,180,771,mowsh,774,42.879257,-78.839241,1596214613,16,16003,0,1053,
1902,0,0,3010,4,480,782,ellop,790,42.882584,-78.872261,1596214584,3,3010,0,3008,
1903,25,20,20005,0,-180,781,dlwdv,778,42.909313,-78.870918,1596214614,20,20005,0,3040,
1904,0,0,40012,4,0,780,prtc,780,43.099396,-79.051636,1596214596,40,40012,0,3084,
1905,25,19,55033,0,-180,778,ellop,775,42.884041,-78.876167,1596214624,55,55033,0,3103,
1906,0,0,5003,5,99999,9999,,9999,42.959862,-78.889900,1596214610,5,5003,0,3016,
1907,3,20,5006,0,-120,783,frgrt,781,42.900406,-78.884468,1596214578,5,5006,0,3019,
1908,35,19,35001,0,0,785,brrtc,785,42.945313,-78.907173,1596214582,35,35001,0,3071,
1909,34,20,34002,0,-360,789,audbn,783,43.000862,-78.822273,1596214550,34,34002,0,3064,
1910,34,19,34007,0,-240,789,socam,785,42.986507,-78.822159,1596214622,34,34007,0,3067,
1911,55,20,55038,0,0,806,nfia,806,43.101650,-78.939522,1596214551,55,55038,0,3108,
1912,40,20,40011,0,-120,780,prtc,778,43.094501,-79.054573,1596214593,40,40011,0,3083,
1914,0,0,20016,4,0,791,orch,791,42.959145,-78.891167,1596214583,20,20016,0,3047,
1915,34,20,34006,0,0,782,hazwd,782,43.028912,-78.814972,1596214578,34,34006,0,3066,
1916,50,20,50022,0,-180,776,nftc,773,43.100769,-78.979797,1596214603,50,50022,0,3094,
1917,0,0,25008,4,480,782,ellop,790,42.882614,-78.872368,1596214576,25,25008,0,3097,
1920,3,19,3002,0,0,780,ellop,780,42.885746,-78.875648,1596214618,3,3002,0,3002,
1921,20,19,20002,0,240,786,ellop,790,42.893723,-78.877510,1596214611,20,20002,0,3037,
1922,40,20,5014,0,0,782,giplz,782,42.994041,-78.927834,1596214599,5,5014,0,3027,
2001,24,20,24004,0,180,768,airpt,771,42.914677,-78.847839,1596214576,24,24004,0,2067,
2005,23,19,23004,0,-180,786,abtba,783,42.884949,-78.839615,1596214579,23,23004,0,2052,
2007,12,20,12015,0,0,778,utica,778,42.911678,-78.865150,1596214628,12,12015,0,2015,
2010,23,20,23003,0,0,778,brrtc,778,42.941216,-78.905983,1596214625,23,23003,0,2051,
2011,0,0,23005,5,-60,784,colds,783,42.903347,-78.839615,1596214577,23,23005,0,2053,
2129,2,20,2004,0,-60,776,cltfl,775,42.879311,-78.839729,1596214593,2,2004,0,1010,
2203,25,20,34001,0,-480,778,orch,770,42.980293,-78.872520,1596214592,34,34001,0,3063,
2218,11,20,34008,0,-240,785,clvkn,781,42.940830,-78.867943,1596214628,34,34008,0,3068,
2502,14,19,14003,0,0,779,mercy,779,42.841969,-78.809021,1596214578,14,14003,0,1034,
2503,19,19,19006,0,-120,779,abtba,777,42.868092,-78.823311,1596214584,19,19006,0,1069,
2508,14,19,16010,0,-300,784,bnmc,779,42.882915,-78.873230,1596214576,16,16010,0,1056,
2510,16,19,16008,0,-300,810,bnmc,805,42.898537,-78.868759,1596214553,16,16008,0,1059,
2512,15,19,14008,0,0,784,scl,784,42.839603,-78.782700,1596214616,14,14008,0,1040,
2513,0,0,19010,4,300,775,socam,780,42.954994,-78.820335,1596214437,19,19010,0,1073,
2514,0,0,16002,5,-120,788,babck,786,42.876369,-78.817169,1596214618,16,16002,0,1052,
2515,2,19,2003,0,-60,778,cltfl,777,42.876148,-78.830833,1596214586,2,2003,0,1009,
2601,24,19,24005,0,120,769,marmn,771,42.903622,-78.868797,1596214600,24,24005,0,2068,
2602,26,20,26003,0,-60,777,dlvst,776,42.922211,-78.859047,1596214606,26,26003,0,2078,
2606,8,20,8006,0,-120,786,mnaln,784,42.880219,-78.875351,1596214582,8,8006,0,2006,
2607,1,19,1004,0,0,784,wmbck,784,42.889736,-78.803879,1596214628,1,1004,0,1005,
2608,0,0,6011,4,-540,790,glrml,781,42.898918,-78.784378,1596214607,6,6011,0,1025,
2609,6,19,6007,0,60,780,sycmg,781,42.893147,-78.854057,1596214574,6,6007,0,1027,
2610,0,0,46003,4,1380,782,tcbfl,805,42.907333,-78.776970,1596214593,46,46003,0,1102,
2611,0,0,42005,4,0,790,mohel,790,42.882504,-78.824875,1596214580,42,42005,0,1035,
2612,76,20,76003,0,0,787,evgsp,787,42.638496,-79.028366,1596214559,76,76003,0,1054,
2613,4,19,15003,0,120,785,bdyfl,787,42.897022,-78.814079,1596214595,15,15003,0,1045,
2614,16,19,14009,0,0,778,rdgsp,778,42.817711,-78.824318,1596214603,14,14009,0,1036,
2616,14,20,1003,0,120,780,eccs,782,42.778717,-78.789848,1596214615,1,1003,0,1006,
2617,0,0,19004,5,0,791,babck,791,42.908875,-78.814003,1596214608,19,19004,0,1068,
2628,0,0,1005,4,-240,784,tcbfl,780,42.884949,-78.863136,1596214622,1,1005,0,1004,
2629,0,0,32010,4,-960,621,twyml,605,99.000000,999.000000,1596203606,32,32010,0,1086,
2701,8,19,8003,0,120,798,wtfrt,800,42.880165,-78.883095,1596214541,8,8003,0,2003,
2703,44,20,44004,0,99999,9999,lkpt,806,43.147327,-78.698654,1596214596,44,44004,1,2086,
2704,13,19,13004,0,60,774,utica,775,42.911324,-78.866043,1596214581,13,13004,0,2034,
2707,12,19,12004,0,0,776,nghmp,776,42.908985,-78.900063,1596214622,12,12004,0,2011,
2708,8,19,8002,0,-180,777,amsta,774,42.941021,-78.837570,1596214624,8,8002,0,2002,
2713,0,0,44001,5,0,792,colds,792,42.954636,-78.822456,1596214615,44,44001,0,2083,
8141,45,99,45094,99,99999,9999,,9999,42.945724,-78.906761,1596214604,45,0,0,45094,
8145,45,99,45145,99,99999,9999,,9999,42.882530,-78.872559,1596214288,45,0,0,45145,
8201,45,99,45201,99,99999,9999,,9999,42.975864,-78.880447,1596214583,45,0,0,45201,
8205,45,99,45205,99,99999,9999,,9999,42.955982,-78.872780,1596214511,45,0,0,45205,
8207,45,99,45207,99,99999,9999,,9999,42.786610,-78.808945,1596213928,45,0,0,45207,
8211,45,99,45211,99,99999,9999,,9999,42.890671,-78.744736,1596214589,45,0,0,45211,
8213,45,99,45213,99,99999,9999,,9999,42.980789,-78.830498,1596214549,45,0,0,45213,
8216,45,99,45216,99,99999,9999,,9999,42.917374,-78.822975,1596214601,45,0,0,45216,
8217,45,99,45217,99,99999,9999,,9999,42.947456,-78.883125,1596214612,45,0,0,45217,
8218,45,99,45218,99,99999,9999,,9999,43.001991,-78.822792,1596214613,45,0,0,45218,
8219,45,99,45219,99,99999,9999,,9999,42.991348,-78.784637,1596214624,45,0,0,45219,
8221,45,99,45221,99,99999,9999,,9999,42.866196,-78.754601,1596214625,45,0,0,45221,
8222,45,99,45222,99,99999,9999,,9999,42.955544,-78.873970,1596214597,45,0,0,45222,
8224,45,99,45224,99,99999,9999,,9999,42.892593,-78.884880,1596214596,45,0,0,45224,
8225,45,99,45225,99,99999,9999,,9999,42.988323,-78.698769,1596214462,45,0,0,45225,
8229,45,99,45229,99,99999,9999,,9999,42.942646,-78.813377,1596214420,45,0,0,45229,
8231,45,99,45231,99,99999,9999,,9999,43.062462,-78.915627,1596214574,45,0,0,45231,
8232,45,99,45232,99,99999,9999,,9999,42.938602,-78.890388,1596214605,45,0,0,45232,
8233,45,99,45233,99,99999,9999,,9999,99.000000,999.000000,1596199761,45,0,0,45233,
8234,45,99,45234,99,99999,9999,,9999,42.923534,-78.842888,1596214570,45,0,0,45234,
8236,45,99,45236,99,99999,9999,,9999,99.000000,999.000000,1596184755,45,0,0,45236,
8237,45,99,45237,99,99999,9999,,9999,42.952160,-78.677437,1596214623,45,0,0,45237,
8238,45,99,45238,99,99999,9999,,9999,43.015381,-78.746819,1596214600,45,0,0,45238,
8239,45,99,45239,99,99999,9999,,9999,43.099369,-79.026512,1596214607,45,0,0,45239,
8240,45,99,45240,99,99999,9999,,9999,42.868176,-78.772804,1596214569,45,0,0,45240,
8241,45,99,45241,99,99999,9999,,9999,42.954277,-78.766701,1596214408,45,0,0,45241,
8304,45,99,45304,99,99999,9999,,9999,42.959614,-78.891502,1596214585,45,0,0,45304,
8307,45,99,45307,99,99999,9999,,9999,42.955982,-78.871033,1596214594,45,0,0,45307,
