1011,12,19,12001,0,0,333,filut,333,42.920975,-78.813744,1596187491,12,12001,0,2008,
1020,2,19,4001,0,-60,325,cltfl,324,42.879311,-78.839134,1596187501,4,4001,0,1014,
1021,16,19,14001,0,0,334,mowsh,334,42.887535,-78.872780,1596187429,14,14001,0,1032,
1023,0,0,6004,4,-240,334,brrtc,330,42.907692,-78.901291,1596187489,6,6004,0,1024,
1026,6,20,6002,0,0,325,twyml,325,42.903046,-78.783600,1596187529,6,6002,0,1022,
1027,4,19,32001,0,0,330,tcbfl,330,42.883575,-78.872444,1596187506,32,32001,0,1077,
1031,6,19,6001,0,0,330,wtfrt,330,42.880302,-78.883018,1596187491,6,6001,0,1021,
1043,0,0,19002,4,99999,9999,socam,315,42.942013,-78.813744,1596187479,19,19002,0,1066,
1052,14,19,14002,0,-120,328,rdgab,326,42.828766,-78.787910,1596187477,14,14002,0,1033,
1057,0,0,26001,4,-60,336,twyml,335,42.933048,-78.799934,1596187480,26,26001,0,2077,
1061,13,19,49001,0,-120,330,flfry,328,42.920563,-78.829193,1596187513,49,49001,0,2099,
1065,24,20,24001,0,120,327,holtz,329,42.938438,-78.713951,1596187531,24,24001,0,2064,
1106,13,20,8001,0,0,327,socam,327,42.958817,-78.815758,1596187488,8,8001,0,2001,
1110,13,20,24005,0,0,329,flfry,329,42.915089,-78.854614,1596187486,24,24005,0,2068,
1116,24,19,13001,0,0,330,marmn,330,42.877224,-78.876282,1596187512,13,13001,0,2032,
1118,24,19,24002,0,-360,327,ungen,321,42.930298,-78.738632,1596187476,24,24002,0,2065,
1204,16,19,16001,0,-60,333,abtba,332,42.833416,-78.823906,1596187496,16,16001,0,1051,
1207,0,0,32002,4,-600,339,twyml,329,42.882008,-78.825844,1596187521,32,32002,0,1078,
1208,1,19,1001,0,0,340,tcbfl,340,42.883549,-78.872520,1596187514,1,1001,0,1001,
1213,23,20,23001,0,0,327,mnfil,327,42.932747,-78.839279,1596187508,23,23001,0,2049,
1507,5,19,5002,0,0,325,ellop,325,42.882614,-78.872444,1596187162,5,5002,0,3015,
1508,0,0,5005,4,0,326,elken,326,42.958595,-78.879105,1596187517,5,5005,0,3018,
1512,3,19,3003,0,60,336,trcem,337,42.914265,-78.890350,1596187523,3,3003,0,3003,
1517,0,0,55034,4,0,385,nfia,385,42.959171,-78.890869,1596187346,55,55034,0,3105,
1519,0,0,3004,4,0,330,kenml,330,42.959503,-78.890869,1596187498,3,3004,0,3004,
1520,0,0,50019,4,99999,9999,olopc,332,43.154285,-79.034737,1596186467,50,50019,0,3089,
1606,55,20,55031,0,0,329,mlnfb,329,43.090046,-78.995018,1596187422,55,55031,0,3101,
1609,11,19,25002,0,-120,331,dlwdv,329,42.947403,-78.868614,1596187483,25,25002,0,3052,
1620,0,0,40002,4,0,325,prtc,325,43.099449,-79.051559,1596187167,40,40002,0,3077,
1703,55,19,55032,0,0,324,nftc,324,43.092106,-78.969673,1596187304,55,55032,0,3102,
1705,5,20,5001,0,-120,326,brrtc,324,42.940777,-78.905426,1596187507,5,5001,0,3014,
1714,20,19,20001,0,0,330,ellop,330,42.882614,-78.872299,1596187532,20,20001,0,3036,
1722,0,0,12002,4,-720,337,ctyli,325,42.920288,-78.859268,1596187299,12,12002,0,2009,
1803,52,19,40001,0,-240,335,lkhyd,331,43.095188,-79.049026,1596187526,40,40001,0,3076,
1807,0,0,20004,4,0,342,tnind,342,42.959118,-78.891243,1596187502,20,20004,0,3039,
1808,0,0,25003,4,-180,347,mdcty,344,42.959393,-78.891167,1596187516,25,25003,0,3053,
1809,40,20,52026,0,0,337,giplz,337,42.964397,-78.920906,1596187530,52,52026,0,3096,
1816,0,0,20003,4,-180,326,elken,323,42.960079,-78.889900,1596187492,20,20003,0,3038,
1818,4,19,2002,0,-300,329,michl,324,42.904202,-78.784195,1596187507,2,2002,0,1008,
1819,2,20,2001,0,0,325,cltfl,325,42.879589,-78.841179,1596187494,2,2001,0,1007,
1824,0,0,16003,4,-780,345,mcmal,332,42.868229,-78.791267,1596187499,16,16003,0,1053,
1903,0,0,20005,4,0,336,tonvl,336,42.959476,-78.890869,1596187502,20,20005,0,3040,
1905,0,0,55033,4,-300,356,prtc,351,42.980927,-78.886292,1596187515,55,55033,0,3103,
1906,5,20,5003,0,-60,326,socam,325,42.958046,-78.822083,1596187493,5,5003,0,3016,
1914,5,19,25001,0,120,326,brrtc,328,42.947208,-78.908028,1596187534,25,25001,0,3051,
1918,3,19,3001,0,0,335,ellop,335,42.882477,-78.872185,1596187466,3,3001,0,3001,
1920,25,19,3002,0,0,334,dlwdv,334,42.947926,-78.868652,1596187511,3,3002,0,3002,
1921,0,0,20002,4,-360,337,prpky,331,42.959999,-78.890831,1596187498,20,20002,0,3037,
2001,0,0,24004,4,1320,306,socam,328,42.955048,-78.820412,1596187473,24,24004,0,2067,
2005,0,0,23004,4,-120,327,brrtc,325,42.945644,-78.907135,1596187480,23,23004,0,2052,
2215,50,19,50018,0,0,327,casno,327,43.088367,-79.058891,1596187505,50,50018,0,3088,
2218,0,0,50020,4,0,340,nftc,340,42.959721,-78.890198,1596187440,50,50020,0,3090,
2514,0,0,16002,4,-600,336,mnbfl,326,42.714752,-78.814636,1596187465,16,16002,0,1052,
2515,1,19,2003,0,-120,331,wmbck,329,42.889816,-78.807976,1596187519,2,2003,0,1009,
2601,24,20,24003,0,0,329,genmn,329,42.889294,-78.871109,1596187525,24,24003,0,2066,
2603,23,19,23002,0,0,330,flfry,330,42.935028,-78.839577,1596187510,23,23002,0,2050,
2610,6,19,6003,0,-420,327,twyml,320,42.906181,-78.780952,1596187426,6,6003,0,1023,
2613,0,0,15003,4,-1080,339,sogat,321,42.870731,-78.790741,1596187482,15,15003,0,1045,
2617,0,0,19004,4,60,345,mnbfl,346,42.760403,-78.764572,1596187528,19,19004,0,1068,
2618,15,19,15001,0,0,330,lterr,330,42.882805,-78.871628,1596187517,15,15001,0,1043,
2619,19,19,19001,0,180,332,abtba,335,42.878269,-78.815979,1596187498,19,19001,0,1065,
2620,19,20,19003,0,60,328,badlv,329,42.910881,-78.813934,1596187487,19,19003,0,1067,
2623,15,20,15002,0,-60,327,sensm,326,42.881981,-78.870956,1596187491,15,15002,0,1044,
2707,0,0,12004,4,0,340,nghmp,340,42.916878,-78.862175,1596187466,12,12004,0,2011,
2713,8,19,44001,0,-240,329,amsta,325,42.943195,-78.835114,1596187514,44,44001,0,2083,
8201,45,99,45201,99,99999,9999,,9999,42.960106,-78.889534,1596187521,45,0,0,45201,
8217,45,99,45217,99,99999,9999,,9999,42.840317,-78.783600,1596187496,45,0,0,45217,
8219,45,99,45219,99,99999,9999,,9999,42.987579,-78.884430,1596187441,45,0,0,45219,
8220,45,99,45220,99,99999,9999,,9999,42.937668,-78.889938,1596187530,45,0,0,45220,
8221,45,99,45221,99,99999,9999,,9999,42.949219,-78.785530,1596187324,45,0,0,45221,
8226,45,99,45226,99,99999,9999,,9999,42.827614,-78.815231,1596187157,45,0,0,45226,
8230,45,99,45230,99,99999,9999,,9999,42.994949,-78.880562,1596187498,45,0,0,45230,
8232,45,99,45232,99,99999,9999,,9999,99.000000,999.000000,1596187446,45,0,0,45232,
8234,45,99,45234,99,99999,9999,,9999,42.821426,-78.829750,1596187429,45,0,0,45234,
8236,45,99,45236,99,99999,9999,,9999,99.000000,999.000000,1596184755,45,0,0,45236,
