1001,22,20,22005,0,0,995,twyml,995,42.903294,-78.783371,1596227559,22,22005,0,2048,
1003,23,19,23013,0,0,996,abtba,996,42.857586,-78.828712,1596227593,23,23013,0,2060,
1004,0,0,24020,4,540,998,airpt,1007,42.934147,-78.730476,1596227572,24,24020,0,2076,
1005,23,19,23012,0,-240,1001,flfry,997,42.937336,-78.839317,1596227590,23,23012,0,2057,
1007,18,19,18004,0,0,1004,spkls,1004,42.892704,-78.854057,1596227567,18,18004,0,2041,
1009,44,20,44009,0,-240,1002,lkpt,998,43.113750,-78.696793,1596227547,44,44009,0,2090,
1010,0,0,26008,4,240,981,twyml,985,42.903156,-78.783485,1596227454,26,26008,0,2082,
1013,24,19,24016,0,-120,995,bagen,993,42.915886,-78.805817,1596227556,24,24016,0,2073,
1014,26,20,26007,0,0,1005,badlv,1005,42.922020,-78.849777,1596227579,26,26007,0,2081,
1015,0,0,24018,4,0,994,airpt,994,42.934093,-78.730629,1596227554,24,24018,0,2074,
1016,12,20,12013,0,0,998,knegt,998,42.930103,-78.798965,1596227603,12,12013,0,2024,
1017,0,0,13008,4,0,1015,ctyli,1015,42.917152,-78.860756,1596227538,13,13008,0,2038,
1018,8,19,44006,0,0,1020,wtfrt,1020,42.880138,-78.882828,1596227059,44,44006,0,2089,
1020,16,19,14011,0,0,1035,mowsh,1035,42.887589,-78.872818,1596227557,14,14011,0,1041,
1021,6,20,6013,0,120,1002,glrml,1004,42.903568,-78.783371,1596227603,6,6013,0,1030,
1022,32,20,32011,0,-360,998,dlwam,992,42.932468,-78.876984,1596227568,32,32011,0,1083,
1023,15,19,15008,0,0,1010,lterr,1010,42.883026,-78.879669,1596227488,15,15008,0,1046,
1026,6,19,6008,0,0,996,sycmg,996,42.893200,-78.853462,1596227584,6,6008,0,1028,
1027,15,20,42006,0,-180,993,sogat,990,42.827614,-78.754448,1596227596,42,42006,0,1099,
1028,6,19,6012,0,0,1000,wtfrt,1000,42.880440,-78.883163,1596227375,6,6012,0,1026,
1030,0,0,76002,6,300,994,ellop,999,42.882530,-78.872070,1596227581,76,76002,0,1103,
1031,0,0,15009,6,60,999,sogat,1000,42.777069,-78.791969,1596227487,15,15009,0,1049,
1032,16,19,16009,0,60,999,mcmal,1000,42.786472,-78.823799,1596227588,16,16009,0,1060,
1033,15,20,15006,0,120,1000,scl,1002,42.858715,-78.813858,1596227599,15,15006,0,1047,
1034,4,20,4007,0,0,1004,michl,1004,42.899086,-78.794952,1596227597,4,4007,0,1017,
1038,19,19,19008,0,0,994,wlmba,994,42.890507,-78.814232,1596227551,19,19008,0,1072,
1040,32,19,32013,0,-60,1000,dlwam,999,42.940308,-78.838905,1596227579,32,32013,0,1087,
1041,4,20,2011,0,0,1000,bdyba,1000,42.893337,-78.837311,1596227549,2,2011,0,1013,
1042,19,19,19012,0,0,1007,abtba,1007,42.857616,-78.828636,1596227131,19,19012,0,1074,
1043,0,0,15010,4,60,999,lterr,1000,42.883381,-78.879852,1596227602,15,15010,0,1050,
1044,32,20,32012,0,0,995,ungen,995,42.937172,-78.754303,1596227565,32,32012,0,1079,
1046,4,19,4006,0,120,1003,tcbfl,1005,42.886353,-78.869987,1596227551,4,4006,0,1019,
1047,2,20,4009,0,60,995,cltfl,996,42.879864,-78.842667,1596227602,4,4009,0,1020,
1049,15,19,15007,0,0,1001,basen,1001,42.852253,-78.806114,1596227600,15,15007,0,1048,
1050,70,20,70002,0,-120,1000,cltun,998,42.871391,-78.788620,1596227587,70,70002,0,1080,
1052,4,20,32016,0,99999,9999,twyml,910,42.945366,-78.906914,1596227566,32,32016,0,1088,
1055,12,19,12012,0,-120,997,socam,995,42.958347,-78.816986,1596227560,12,12012,0,2023,
1056,23,19,23011,0,0,1003,abtba,1003,42.885281,-78.839317,1596227571,23,23011,0,2059,
1057,0,0,18005,4,99999,9999,twyml,835,42.921059,-78.892769,1596227595,18,18005,0,2043,
1059,12,20,12020,0,240,994,badlv,998,42.920673,-78.813637,1596227595,12,12020,0,2022,
1060,49,20,47004,0,0,999,mhosp,999,42.995941,-78.730591,1596227478,47,47004,0,2093,
1061,8,20,13005,0,0,1000,socam,1000,42.954662,-78.820557,1596227566,13,13005,0,2035,
1062,24,20,24015,0,240,1011,holtz,1015,42.933102,-78.800903,1596227570,24,24015,0,2072,
1063,24,19,24014,0,-120,992,marmn,990,42.877304,-78.877769,1596227576,24,24014,0,2071,
1064,23,19,23014,0,-120,1012,hrtpk,1010,42.943802,-78.907173,1596227577,23,23014,0,2061,
1065,8,19,8005,0,-120,995,dlvst,993,42.926834,-78.852570,1596227587,8,8005,0,2005,
1066,155,19,155001,0,-120,993,ltity,991,43.095188,-79.024460,1596227577,155,155001,0,3112,
1103,48,19,48006,0,60,987,eccn,988,42.964645,-78.734238,1596227511,48,48006,0,2098,
1105,12,19,12019,0,0,994,utica,994,42.911213,-78.858971,1596227578,12,12019,0,2019,
1106,48,20,8007,0,60,994,ehmal,995,42.969677,-78.696716,1596227545,8,8007,0,2004,
1108,12,19,12016,0,0,1005,nghmp,1005,42.910828,-78.899879,1596226803,12,12016,0,2026,
1109,44,19,44008,0,60,993,mlpsh,994,42.979824,-78.798782,1596227546,44,44008,0,2087,
1110,12,19,12014,0,120,988,nghmp,990,42.910938,-78.899879,1596227489,12,12014,0,2025,
1112,12,20,12018,0,-180,1001,socam,998,42.946907,-78.803436,1596227581,12,12018,0,2017,
1113,48,20,48005,0,-180,997,mnegt,994,42.957851,-78.817764,1596227561,48,48005,0,2096,
1114,23,20,23015,0,-300,999,bdyfl,994,42.873951,-78.844154,1596227557,23,23015,0,2058,
1115,0,0,13007,4,0,1000,socam,1000,42.945229,-78.832397,1596227584,13,13007,0,2037,
1116,22,19,22004,0,60,1003,lkv,1004,42.904724,-78.874306,1596227566,22,22004,0,2046,
1118,12,19,12021,0,0,1001,filut,1001,42.914703,-78.817841,1596227591,12,12021,0,2016,
1119,23,19,23020,0,-360,1001,hrtpk,995,42.947678,-78.878845,1596227573,23,23020,0,2062,
1120,12,19,12017,0,120,1018,nghmp,1020,42.910717,-78.899879,1596227522,12,12017,0,2027,
1122,0,0,66003,6,0,995,mnaln,995,42.900101,-78.869766,1596227586,66,66003,0,2056,
1123,23,20,23019,0,-120,992,mnfil,990,42.939152,-78.839134,1596227557,23,23019,0,2021,
1124,0,0,12022,6,0,1005,ellop,1005,42.882584,-78.872299,1596227274,12,12022,0,2028,
1126,13,20,44007,0,-180,996,flfry,993,42.914734,-78.852493,1596227564,44,44007,0,2088,
1130,47,20,48004,0,0,995,eccn,995,42.956669,-78.731262,1596227565,48,48004,0,2097,
1201,4,20,2009,0,-60,999,bdmgn,998,42.885941,-78.875755,1596227590,2,2009,0,1012,
1202,14,19,14007,0,-180,995,mcmal,992,42.785648,-78.810097,1596227597,14,14007,0,1039,
1204,14,19,16012,0,0,997,abtba,997,42.852089,-78.817505,1596227552,16,16012,0,1058,
1205,75,20,14010,0,-60,1004,ctrbl,1003,42.843178,-78.790665,1596227564,14,14010,0,1037,
1206,16,20,16013,0,60,1004,rdgsp,1005,42.852306,-78.825768,1596227585,16,16013,0,1061,
1207,6,20,6009,0,0,1033,glrml,1033,42.910469,-78.763611,1596227587,6,6009,0,1029,
1208,19,20,19011,0,-180,997,wlmba,994,42.872574,-78.819550,1596227568,19,19011,0,1071,
1211,32,19,32018,0,-240,996,ungen,992,42.918419,-78.754120,1596227594,32,32018,0,1090,
1212,46,19,32014,0,0,998,twyml,998,42.902386,-78.783745,1596227579,32,32014,0,1085,
1213,23,20,23017,0,240,1001,brrtc,1005,42.945644,-78.907097,1596227554,23,23017,0,2055,
1301,155,20,155002,0,-60,991,4pts,990,43.073929,-78.975998,1596227555,155,155002,0,3113,
1501,3,20,20011,0,99999,9999,frgrt,541,42.960052,-78.907990,1596224655,20,20011,0,3043,
1502,40,20,40009,0,0,1013,prtc,1013,43.099396,-79.051636,1596227517,40,40009,0,3081,
1504,3,20,20018,0,-240,1011,sklmt,1007,42.916245,-78.890533,1596227593,20,20018,0,3048,
1505,3,19,3015,0,-300,1002,frgrt,997,42.936871,-78.889008,1596227582,3,3015,0,3006,
1507,20,19,20017,0,0,1007,elmdv,1007,42.953701,-78.878403,1596227574,20,20017,0,3044,
1508,5,19,34010,0,0,996,kenml,996,42.958679,-78.877281,1596227572,34,34010,0,3065,
1511,0,0,20020,4,-300,1005,ellop,1000,42.940006,-78.906693,1596227589,20,20020,0,3050,
1512,52,20,52029,0,0,997,nfb56,997,43.095600,-79.024460,1596227568,52,52029,0,3098,
1517,34,19,34012,0,-120,1000,nfbma,998,43.018875,-78.822380,1596227575,34,34012,0,3093,
1518,35,19,35004,0,60,997,ens,998,42.980927,-78.892693,1596227593,35,35004,0,3073,
1519,60,20,52030,0,-60,1002,giplz,1001,42.973526,-78.911713,1596227515,52,52030,0,3100,
1520,5,19,3016,0,0,997,ellop,997,42.882477,-78.872185,1596227280,3,3016,0,3079,
1601,55,19,40015,0,60,1001,casno,1002,43.095131,-79.038826,1596227553,40,40015,0,3107,
1604,55,20,55039,0,0,1001,nfia,1001,43.091778,-78.972794,1596227432,55,55039,0,3104,
1605,0,0,40010,6,0,1015,nftc,1015,43.100689,-78.979904,1596227224,40,40010,0,3082,
1606,40,20,35005,0,-300,1011,brrtc,1006,42.893063,-78.884392,1596227595,35,35005,0,3072,
1607,0,0,3018,4,0,990,socam,990,42.957989,-78.819221,1596227567,3,3018,0,3012,
1609,11,19,11002,0,0,1000,ellop,1000,42.882504,-78.872040,1596227600,11,11002,0,3032,
1610,55,19,55041,0,0,1005,prtc,1005,43.099396,-79.051598,1596226770,55,55041,0,3109,
1611,5,20,5018,0,99999,9999,socam,1005,42.958706,-78.814568,1596227258,5,5018,1,3025,
1614,50,20,50024,0,-60,1003,bfhyd,1002,43.083721,-79.059265,1596227546,50,50024,0,3091,
1615,40,20,40008,0,-660,1002,giplz,991,42.972897,-78.929398,1596227562,40,40008,0,3080,
1616,34,19,34009,0,360,994,socam,1000,42.954884,-78.819847,1596227601,34,34009,0,3069,
1618,20,20,3009,0,-300,1000,elmnr,995,42.891136,-78.878250,1596227599,3,3009,0,3010,
1620,11,20,3011,0,-120,993,dlwdv,991,42.921635,-78.867424,1596227578,3,3011,0,3005,
1622,0,0,50021,5,0,1007,front,1007,43.089523,-78.989059,1596227592,50,50021,0,3092,
1623,0,0,3019,4,600,1010,ellop,1020,42.943111,-78.900063,1596227561,3,3019,0,3013,
1624,3,20,3012,0,60,996,tonvl,997,42.960712,-78.897797,1596227558,3,3012,0,3009,
1703,35,20,35006,0,60,994,nfbsh,995,42.980652,-78.823387,1596227596,35,35006,0,3074,
1704,5,20,25007,0,0,1000,ngvrg,1000,42.883575,-78.877281,1596227559,25,25007,0,3054,
1705,25,20,25009,0,0,1002,mnngr,1002,42.992722,-78.874046,1596227560,25,25009,0,3059,
1713,40,19,40013,0,0,997,tcbfl,997,42.883354,-78.872665,1596226901,40,40013,0,3078,
1714,5,20,5019,0,60,979,socam,980,42.985683,-78.821045,1596227587,5,5019,0,3105,
1715,20,19,20014,0,180,994,elmnr,997,42.904446,-78.877213,1596227561,20,20014,0,3046,
1716,25,19,25006,0,-120,997,orch,995,43.010761,-78.872742,1596227548,25,25006,0,3058,
1718,24,20,24017,0,0,993,andrw,993,42.918968,-78.796997,1596227556,24,24017,0,2070,
1722,0,0,47005,4,360,999,crspt,1005,43.042030,-78.743362,1596227598,47,47005,0,2092,
1801,52,19,52028,0,-60,999,prtc,998,43.108608,-79.032654,1596227592,52,52028,0,3099,
1802,25,19,25012,0,60,999,ellop,1000,42.891220,-78.876839,1596227569,25,25012,0,3056,
1803,5,19,5017,0,0,1000,ngvrg,1000,42.908188,-78.898727,1596227581,5,5017,0,3028,
1806,25,20,25010,0,60,994,dlwkn,995,42.956589,-78.869278,1596227563,25,25010,0,3060,
1807,3,20,3017,0,0,1004,frgrt,1004,42.896694,-78.882607,1596227601,3,3017,0,3011,
1808,11,20,11005,0,-300,1000,tnind,995,42.997124,-78.852234,1596227570,11,11005,0,3034,
1809,20,20,5016,0,60,1001,orch,1002,42.988514,-78.872963,1596227585,5,5016,0,3024,
1810,5,20,20013,0,0,1006,kenml,1006,42.950729,-78.908775,1596227565,20,20013,0,3045,
1811,3,20,5012,0,-60,993,tonvl,992,42.959915,-78.908104,1596227582,5,5012,0,3026,
1812,5,20,11006,0,-120,997,ngfry,995,42.905907,-78.896492,1596227603,11,11006,0,3035,
1813,0,0,25013,4,0,1020,ellop,1020,42.959202,-78.890907,1596227603,25,25013,0,3061,
1815,5,19,5013,0,99999,9999,dlwkn,976,42.959229,-78.908585,1596227593,5,5013,0,3022,
1816,25,20,5015,0,180,993,dlwdv,996,42.921661,-78.867424,1596227548,5,5015,0,3021,
1817,42,19,42004,0,2220,953,mohel,990,42.883217,-78.879738,1596227447,42,42004,0,1098,
1818,16,20,16014,0,0,1000,abtba,1000,42.870098,-78.855438,1596227559,16,16014,0,1062,
1820,0,0,14012,4,-60,992,mowsh,991,42.887482,-78.872818,1596227569,14,14012,0,1042,
1821,2,20,2010,0,0,994,fltbk,994,42.867790,-78.696983,1596227574,2,2010,0,1082,
1822,0,0,16015,4,720,998,mowsh,1010,42.887726,-78.872742,1596227574,16,16015,0,1063,
1824,4,19,4005,0,-60,993,michl,992,42.899937,-78.789925,1596227556,4,4005,0,1018,
1902,25,19,3010,0,0,993,dlwkn,993,42.958870,-78.869766,1596227590,3,3010,0,3008,
1903,0,0,20019,4,60,999,ellop,1000,42.882557,-78.872223,1596227580,20,20019,0,3049,
1904,40,19,40012,0,-60,999,ngvln,998,42.993687,-78.929802,1596227543,40,40012,0,3084,
1905,3,19,3013,0,-60,997,trcem,996,42.901562,-78.887299,1596227568,3,3013,0,3007,
1906,5,19,5020,0,-120,997,ellop,995,42.887756,-78.879555,1596227550,5,5020,0,3023,
1907,25,20,25011,0,0,1004,mnngr,1004,43.020691,-78.878998,1596227346,25,25011,0,3057,
1908,61,20,11004,0,99999,9999,cantn,1026,42.882557,-78.872559,1596227588,11,11004,0,3106,
1909,40,19,55042,0,0,1001,tcbfl,1001,42.900047,-78.891090,1596227552,55,55042,0,3110,
1910,34,20,34007,0,120,994,audbn,996,43.030838,-78.803177,1596227567,34,34007,0,3067,
1911,55,20,55038,0,0,1000,boces,1000,43.146118,-78.865707,1596227552,55,55038,0,3108,
1912,55,19,40011,0,0,993,prtc,993,43.099396,-79.051559,1596227560,40,40011,0,3083,
1914,20,19,20016,0,-240,994,ellop,990,42.883080,-78.875572,1596227589,20,20016,0,3047,
1915,0,0,40016,4,-120,1000,tcbfl,998,42.882530,-78.872520,1596227583,40,40016,0,3086,
1916,50,19,50022,0,-240,995,casno,991,43.088943,-79.046829,1596227549,50,50022,0,3094,
1917,0,0,50025,4,-300,992,olopc,987,43.154396,-79.035179,1596227535,50,50025,0,3095,
1918,11,19,11003,0,0,993,clvkn,993,42.958817,-78.858711,1596227559,11,11003,0,3033,
1919,20,20,34011,0,60,1001,elken,1002,42.940418,-78.878510,1596227547,34,34011,0,3070,
1920,55,20,40014,0,-180,1000,pnhyd,997,43.094501,-79.054649,1596227562,40,40014,0,3085,
1921,5,20,35007,0,120,1033,socam,1035,42.954609,-78.820778,1596227554,35,35007,0,3075,
1922,5,20,5014,0,0,996,dlwkn,996,42.958569,-78.882233,1596227545,5,5014,0,3027,
2005,13,20,13006,0,-60,997,socam,996,42.958401,-78.817093,1596227600,13,13006,0,2036,
2007,12,19,12015,0,-60,998,knegt,997,42.948944,-78.807343,1596227591,12,12015,0,2015,
2010,26,20,26006,0,60,1014,twyml,1015,42.901699,-78.784081,1596227519,26,26006,0,2080,
2218,34,20,34008,0,240,992,hazwd,996,43.028885,-78.815163,1596227402,34,34008,0,3068,
2502,2,19,2008,0,-120,992,tcbfl,990,42.882858,-78.873230,1596227588,2,2008,0,1011,
2508,16,20,16010,0,99999,9999,spkls,963,42.797089,-78.836266,1596227587,16,16010,1,1056,
2510,16,19,16008,0,-480,994,splke,986,42.789307,-78.823906,1596227564,16,16008,0,1059,
2511,0,0,74003,6,360,994,ellop,1000,42.882504,-78.872597,1596227075,74,74003,0,1081,
2512,14,20,14008,0,0,999,rdgab,999,42.846947,-78.810989,1596227571,14,14008,0,1040,
2513,19,20,19010,0,-60,991,socam,990,42.955158,-78.821007,1596227572,19,19010,0,1073,
2602,18,20,18006,0,-120,997,genjf,995,42.884510,-78.854210,1596227553,18,18006,0,2042,
2603,67,20,67003,0,240,1000,knhty,1004,42.936951,-78.799339,1596227588,67,67003,0,2095,
2606,8,20,8006,0,-180,1002,mnaln,999,42.882530,-78.873337,1596227596,8,8006,0,2006,
2607,2,19,1004,0,-60,998,cltba,997,42.871834,-78.803101,1596227589,1,1004,0,1005,
2608,6,20,6011,0,-60,1001,sycmg,1000,42.882477,-78.873192,1596227557,6,6011,0,1025,
2610,4,19,46003,0,0,985,tcbfl,985,42.883575,-78.872597,1596227147,46,46003,0,1102,
2611,0,0,42005,5,-120,1004,babck,1002,42.875874,-78.810585,1596227602,42,42005,0,1035,
2613,42,20,42007,0,-180,1005,spkls,1002,42.886051,-78.873566,1596227604,42,42007,0,1100,
2614,14,19,14009,0,0,985,mowsh,985,42.886959,-78.872368,1596227432,14,14009,0,1036,
2615,0,0,32019,4,-360,1001,twyml,995,42.896225,-78.784523,1596227604,32,32019,0,1091,
2616,1,19,1003,0,-60,1000,wmmgn,999,42.885033,-78.842857,1596227569,1,1003,0,1006,
2617,19,19,19013,0,60,996,bagen,997,42.920589,-78.814003,1596227565,19,19013,0,1038,
2620,1,20,32017,0,-60,995,wmbck,994,42.884949,-78.838348,1596227551,32,32017,0,1089,
2623,0,0,69002,4,600,991,lterr,1001,42.882942,-78.879852,1596227576,69,69002,0,1097,
2624,74,20,4008,0,0,1010,athpr,1010,42.857449,-78.866791,1596227547,4,4008,0,1057,
2625,1,19,1006,0,120,993,tcbfl,995,42.883327,-78.872780,1596227275,1,1006,0,1003,
2627,32,20,32015,0,120,988,twyml,990,42.902523,-78.784042,1596227196,32,32015,0,1084,
2628,1,20,1005,0,-120,1000,aptml,998,42.888580,-78.751472,1596227397,1,1005,0,1004,
2629,0,0,32010,4,-960,621,twyml,605,99.000000,999.000000,1596203606,32,32010,0,1086,
2702,13,19,8008,0,-60,995,dlvgr,994,42.924438,-78.830605,1596227603,8,8008,0,2007,
2703,12,20,12023,0,0,993,utica,993,42.911762,-78.865265,1596227585,12,12023,0,2029,
2705,47,19,24013,0,120,1003,mnegt,1005,42.960384,-78.755608,1596227570,24,24013,0,2054,
2707,47,19,47003,0,60,954,socam,955,42.916931,-78.862175,1596227578,47,47003,0,2091,
2708,23,20,23018,0,0,985,brrtc,985,42.908932,-78.867088,1596227577,23,23018,0,2020,
2713,22,20,22006,0,-360,998,bstmn,992,42.904694,-78.871964,1596227571,22,22006,0,2047,
8133,45,99,45096,99,99999,9999,,9999,42.973419,-78.897980,1596227530,45,0,0,45096,
8145,45,99,45145,99,99999,9999,,9999,42.900295,-78.872002,1596227541,45,0,0,45145,
8201,45,99,45201,99,99999,9999,,9999,43.000259,-78.692474,1596227560,45,0,0,45201,
8205,45,99,45205,99,99999,9999,,9999,42.782925,-78.809723,1596226874,45,0,0,45205,
8208,45,99,45208,99,99999,9999,,9999,43.014091,-78.862915,1596227555,45,0,0,45208,
8214,45,99,45214,99,99999,9999,,9999,42.949768,-78.784157,1596227515,45,0,0,45214,
8216,45,99,45216,99,99999,9999,,9999,42.957771,-78.819107,1596227601,45,0,0,45216,
8217,45,99,45217,99,99999,9999,,9999,43.095985,-79.040352,1596226184,45,0,0,45217,
8218,45,99,45218,99,99999,9999,,9999,42.959229,-78.814789,1596227566,45,0,0,45218,
8219,45,99,45219,99,99999,9999,,9999,43.103107,-78.978638,1596227560,45,0,0,45219,
8220,45,99,45220,99,99999,9999,,9999,43.024677,-78.786057,1596227532,45,0,0,45220,
8221,45,99,45221,99,99999,9999,,9999,42.949604,-78.754486,1596227586,45,0,0,45221,
8222,45,99,45222,99,99999,9999,,9999,42.855389,-78.837570,1596227580,45,0,0,45222,
8225,45,99,45225,99,99999,9999,,9999,42.884537,-78.784935,1596227546,45,0,0,45225,
8228,45,99,45228,99,99999,9999,,9999,42.912010,-78.890762,1596227585,45,0,0,45228,
8229,45,99,45229,99,99999,9999,,9999,42.991375,-78.735992,1596227562,45,0,0,45229,
8230,45,99,45230,99,99999,9999,,9999,42.949409,-78.828857,1596227548,45,0,0,45230,
8304,45,99,45304,99,99999,9999,,9999,42.845379,-78.790779,1596227597,45,0,0,45304,
8305,45,99,45305,99,99999,9999,,9999,42.980568,-78.848701,1596227581,45,0,0,45305,
8306,45,99,45306,99,99999,9999,,9999,42.872684,-78.732933,1596227554,45,0,0,45306,
8309,45,99,45309,99,99999,9999,,9999,42.835201,-78.786278,1596227408,45,0,0,45309,
