1001,8,20,8004,0,0,500,socam,500,42.954334,-78.820854,1596197650,8,8004,0,2091,
1004,22,20,22002,0,60,504,twyml,505,42.903156,-78.783485,1596197835,22,22002,0,2045,
1005,66,19,66002,0,180,493,ellop,496,42.892788,-78.869690,1596197802,66,66002,0,2057,
1007,48,19,8002,0,-120,500,mnegt,498,42.963490,-78.784042,1596197805,8,8002,0,2002,
1008,18,19,18002,0,-300,497,spkls,492,42.871502,-78.862839,1596197829,18,18002,0,2040,
1010,47,19,12006,0,60,501,eccn,502,42.955597,-78.714622,1596197836,12,12006,0,2013,
1011,12,19,12001,0,0,500,elmut,500,42.911266,-78.867531,1596197803,12,12001,0,2008,
1014,8,19,13002,0,60,503,wtfrt,504,42.883602,-78.876320,1596197813,13,13002,0,2033,
1018,23,20,23009,0,60,499,brrtc,500,42.941711,-78.905945,1596197831,23,23009,0,2087,
1020,4,19,4001,0,0,504,bdmgn,504,42.892319,-78.842781,1596197819,4,4001,0,1014,
1021,14,20,14001,0,-120,498,spkls,496,42.873180,-78.871735,1596197808,14,14001,0,1032,
1022,2,20,2006,0,0,497,clmgm,497,42.884399,-78.868652,1596197830,2,2006,0,1046,
1023,4,20,6004,0,99999,9999,twyml,500,42.903732,-78.783821,1596197811,6,6004,1,1024,
1026,6,19,6002,0,0,500,wtfrt,500,42.880112,-78.882790,1596197669,6,6002,0,1022,
1027,32,19,32001,0,120,500,ungen,502,42.918610,-78.754082,1596197821,32,32001,0,1077,
1030,74,19,74002,0,0,497,ellop,497,42.884014,-78.872597,1596197798,74,74002,0,1005,
1031,6,19,6001,0,-360,502,twyml,496,42.912121,-78.771347,1596197811,6,6001,0,1021,
1032,19,19,19007,0,600,479,abtba,489,42.857616,-78.828674,1596197792,19,19007,0,1085,
1033,6,19,6006,0,-240,500,sycfl,496,42.902466,-78.824165,1596197801,6,6006,0,1027,
1034,4,20,4004,0,0,497,twyml,497,42.903458,-78.783333,1596197559,4,4004,0,1017,
1037,1,19,2001,0,-300,505,nolvj,500,42.884071,-78.767815,1596197814,2,2001,0,1007,
1038,32,20,32004,0,-180,499,knhty,496,42.941353,-78.805183,1596197814,32,32004,0,1080,
1040,1,19,46001,0,0,500,tcbfl,500,42.883549,-78.872368,1596197837,46,46001,0,1101,
1042,15,19,42003,0,120,498,lterr,500,42.883518,-78.877098,1596197789,42,42003,0,1097,
1043,19,20,19002,0,600,490,socam,500,42.954277,-78.819962,1596197384,19,19002,0,1066,
1045,0,0,2007,6,99999,9999,tcbfl,515,42.884041,-78.872597,1596197835,2,2007,0,1037,
1047,4,20,4003,0,-60,500,bdyfl,499,42.889599,-78.854538,1596197810,4,4003,0,1016,
1049,32,20,32005,0,-120,501,bflst,499,42.940472,-78.883499,1596197802,32,32005,0,1081,
1050,1,20,1002,0,0,510,aptml,510,42.888416,-78.802505,1596197833,1,1002,0,1002,
1052,0,0,14002,6,0,505,bnmc,505,42.898617,-78.868423,1596197677,14,14002,0,1033,
1055,18,20,18003,0,0,501,dlvst,501,42.922321,-78.856438,1596197682,18,18003,0,2016,
1056,47,20,24009,0,-60,493,eccn,492,42.952736,-78.721359,1596197834,24,24009,0,2047,
1057,22,19,26001,0,0,523,lkv,523,42.898094,-78.893738,1596197800,26,26001,0,2077,
1059,48,20,48003,0,0,528,ehmal,528,42.973198,-78.695305,1596197556,48,48003,0,2088,
1061,49,20,49001,0,0,503,mlpsh,503,42.968605,-78.813820,1596197827,49,49001,0,2099,
1062,26,20,26002,0,0,498,gnhar,498,42.922020,-78.784561,1596197820,26,26002,0,2079,
1065,24,19,24001,0,60,504,marmn,505,42.887314,-78.872894,1596197790,24,24001,0,2064,
1105,24,19,47002,0,60,460,marmn,461,42.954937,-78.820000,1596197803,47,47002,0,2092,
1106,8,20,8001,0,-180,498,mnaln,495,42.897820,-78.868050,1596197808,8,8001,0,2001,
1107,24,19,24008,0,-120,497,marmn,495,42.877277,-78.877731,1596197826,24,24008,0,2058,
1108,12,20,12009,0,60,499,utica,500,42.911213,-78.866417,1596197832,12,12009,0,2018,
1109,67,19,67002,0,300,493,ellop,498,42.890919,-78.870323,1596197782,67,67002,0,2046,
1110,64,19,24005,0,540,499,mnaln,508,42.885086,-78.873489,1596197807,24,24005,0,2068,
1111,23,20,23006,0,0,500,brrtc,500,42.945644,-78.907135,1596197778,23,23006,0,2054,
1112,44,19,44005,0,0,509,flint,509,43.034603,-78.748161,1596197840,44,44005,0,2041,
1113,12,20,12011,0,180,506,socam,509,42.944241,-78.803360,1596197798,12,12011,0,2021,
1114,24,20,24006,0,0,502,airpt,502,42.931534,-78.731079,1596197805,24,24006,0,2004,
1116,13,19,13001,0,0,505,utica,505,42.911541,-78.865227,1596197828,13,13001,0,2032,
1118,24,20,24002,0,-120,501,bagen,499,42.903404,-78.836601,1596197794,24,24002,0,2065,
1120,23,20,23008,0,-120,498,flfry,496,42.910332,-78.839058,1596197808,23,23008,0,2056,
1122,48,20,48001,0,0,503,eccn,503,42.962994,-78.743660,1596197789,48,48001,0,2094,
1123,44,19,44003,0,0,506,socam,506,42.977818,-78.800606,1596197815,44,44003,0,2085,
1124,66,19,18001,0,0,500,mnun,500,42.963791,-78.739601,1596197833,18,18001,0,2039,
1126,23,19,23007,0,0,498,mnfil,498,42.938412,-78.839279,1596197828,23,23007,0,2069,
1127,12,20,12007,0,120,508,ctyli,510,42.958706,-78.814529,1596197806,12,12007,0,2014,
1128,44,20,44002,0,0,502,lkpt,502,43.169712,-78.689941,1596197707,44,44002,0,2084,
1129,24,19,24003,0,120,503,andrw,505,42.925758,-78.761078,1596197813,24,24003,0,2066,
1130,12,19,12010,0,720,489,nghmp,501,42.910606,-78.899879,1596197814,12,12010,0,2020,
1203,32,20,4002,0,0,526,twyml,526,42.902000,-78.783821,1596197765,4,4002,0,1015,
1204,16,19,16001,0,-120,508,abtba,506,42.829044,-78.823944,1596197815,16,16001,0,1051,
1205,42,19,42001,0,0,501,mohel,501,42.879147,-78.875458,1596197820,42,42001,0,1095,
1206,6,20,6005,0,0,518,glrml,518,42.910332,-78.763641,1596197728,6,6005,0,1084,
1208,1,19,1001,0,120,533,tcbfl,535,42.883492,-78.872665,1596197829,1,1001,0,1001,
1211,0,0,74001,5,99999,9999,,9999,42.882614,-78.824432,1596197804,74,74001,0,1071,
1212,14,19,14005,0,60,503,bnmc,504,42.888031,-78.871254,1596197824,14,14005,0,1018,
1213,23,19,23001,0,0,503,hrtpk,503,42.947704,-78.870476,1596197823,23,23001,0,2049,
1214,26,19,22001,0,-120,497,ngdlv,495,42.922157,-78.897980,1596197837,22,22001,0,2044,
1502,20,20,20009,0,0,502,elken,502,42.947540,-78.878143,1596197824,20,20009,0,3023,
1504,5,19,5007,0,-120,497,ellop,495,42.882557,-78.872108,1596197840,5,5007,0,3020,
1505,20,19,20006,0,240,501,ellop,505,42.888607,-78.874680,1596197783,20,20006,0,3041,
1507,25,20,5002,0,-660,497,orch,486,42.988049,-78.873451,1596197836,5,5002,0,3015,
1508,5,19,5005,0,180,500,ellop,503,42.883659,-78.876244,1596197834,5,5005,0,3018,
1512,3,20,3003,0,0,497,frgrt,497,42.915363,-78.890427,1596197834,3,3003,0,3003,
1517,55,20,55034,0,0,494,nfia,494,43.129177,-79.006073,1596197841,55,55034,0,3105,
1518,3,19,3005,0,0,498,frgrt,498,42.918610,-78.890686,1596197797,3,3005,0,3021,
1519,11,19,3004,0,0,535,ellop,535,42.882504,-78.872368,1596197816,3,3004,0,3004,
1520,50,20,50019,0,-60,501,prtc,500,43.114601,-79.055763,1596197781,50,50019,0,3089,
1601,5,19,11001,0,60,499,kenml,500,42.958649,-78.881790,1596197815,11,11001,0,3031,
1605,40,19,40003,0,240,498,tcbfl,502,42.883301,-78.872368,1596197825,40,40003,0,3104,
1606,55,19,55031,0,60,497,nfbwd,498,43.088066,-78.889641,1596197800,55,55031,0,3101,
1609,25,19,25002,0,120,498,ellop,500,42.882889,-78.875198,1596197803,25,25002,0,3052,
1611,3,20,3007,0,-120,496,tonvl,494,42.960052,-78.907990,1596197817,3,3007,0,3006,
1614,0,0,25005,4,0,508,mnngr,508,42.966846,-78.887703,1596197796,25,25005,0,3044,
1616,3,19,5004,0,0,502,ellop,502,42.882504,-78.872406,1596197449,5,5004,0,3017,
1618,35,19,35003,0,-120,503,ens,501,42.981064,-78.878479,1596197838,35,35003,0,3042,
1620,40,20,40002,0,0,499,prtc,499,43.099422,-79.051559,1596197367,40,40002,0,3077,
1623,25,20,25004,0,120,499,dlwnr,501,42.899937,-78.873711,1596197833,25,25004,0,3055,
1703,40,20,55032,0,-120,498,falls,496,43.080173,-79.047760,1596197801,55,55032,0,3102,
1704,55,20,55035,0,60,498,mlnfb,499,43.089386,-78.970787,1596197822,55,55035,0,3106,
1705,20,19,5001,0,-120,500,elken,498,42.970997,-78.878807,1596197822,5,5001,0,3014,
1714,5,20,20001,0,240,506,socam,510,42.954525,-78.821152,1596197732,20,20001,0,3036,
1715,52,19,52027,0,99999,9999,olopc,423,43.089909,-78.992264,1596197823,52,52027,0,3097,
1717,12,20,12005,0,-120,497,ctyli,495,42.959091,-78.815048,1596197831,12,12005,0,2012,
1718,47,20,24007,0,99999,9999,eccn,454,42.929859,-78.745628,1596197799,24,24007,0,2035,
1722,12,20,12002,0,99999,9999,badlv,426,42.916851,-78.813675,1596193405,12,12002,0,2009,
1801,40,20,40004,0,0,497,ngvln,497,42.951801,-78.908958,1596197794,40,40004,0,3078,
1802,3,19,3008,0,0,508,frgrt,508,42.941681,-78.891953,1596197832,3,3008,0,3093,
1803,60,19,40001,0,660,491,tcbfl,502,42.883354,-78.872704,1596197783,40,40001,0,3076,
1806,5,20,34005,0,60,508,kenml,509,42.957218,-78.911232,1596197816,34,34005,0,3007,
1807,3,19,20004,0,180,501,ellop,504,42.885719,-78.875687,1596197819,20,20004,0,3039,
1808,11,19,25003,0,0,506,dlwdv,506,42.947815,-78.866676,1596197832,25,25003,0,3053,
1809,52,19,52026,0,-60,496,olopc,495,43.154396,-79.035141,1596197789,52,52026,0,3096,
1810,3,20,3006,0,60,502,tonvl,503,42.957577,-78.891800,1596197787,3,3006,0,3091,
1811,20,20,20010,0,0,502,elmdv,502,42.908794,-78.877098,1596197805,20,20010,0,3008,
1815,35,20,35002,0,-120,502,dlwsh,500,42.984390,-78.893585,1596197828,35,35002,0,3032,
1816,5,19,20003,0,60,499,brrtc,500,42.949905,-78.908699,1596197811,20,20003,0,3038,
1817,15,20,15004,0,0,498,sogat,498,42.827446,-78.754448,1596197836,15,15004,0,1070,
1818,2,19,2002,0,-120,497,tcbfl,495,42.883465,-78.872597,1596197822,2,2002,0,1008,
1820,32,19,32008,0,0,504,brrtc,504,42.939838,-78.885582,1596197807,32,32008,0,1004,
1822,32,19,32003,0,60,499,amsta,500,42.940197,-78.829865,1596197790,32,32003,0,1003,
1824,14,19,16003,0,0,501,bnmc,501,42.898590,-78.868759,1596197759,16,16003,0,1053,
1902,35,20,5011,0,99999,9999,covhl,493,43.018848,-78.798965,1596197806,5,5011,1,3065,
1903,20,19,20005,0,-120,497,ellop,495,42.882557,-78.872070,1596197820,20,20005,0,3040,
1904,0,0,55037,4,-120,497,prtc,495,43.099422,-79.051636,1596197821,55,55037,0,3056,
1905,40,19,55033,0,-60,504,ngvln,503,42.995308,-78.932632,1596197830,55,55033,0,3103,
1906,61,19,5003,0,0,510,ellop,510,42.882557,-78.872223,1596197812,5,5003,0,3016,
1907,5,20,5006,0,300,490,socam,495,42.954498,-78.819481,1596197785,5,5006,0,3019,
1908,35,19,35001,0,0,530,brrtc,530,42.945313,-78.907173,1596197496,35,35001,0,3071,
1909,34,20,34002,0,-300,511,audbn,506,42.992558,-78.822380,1596197815,34,34002,0,3064,
1910,20,20,20008,0,0,502,orch,502,42.988403,-78.873077,1596197841,20,20008,0,3054,
1911,34,19,34004,0,0,510,socam,510,42.954578,-78.819847,1596197835,34,34004,0,3024,
1912,20,19,20007,0,-180,501,elmdv,498,42.934204,-78.877579,1596197812,20,20007,0,3005,
1914,25,20,25001,0,60,499,orch,500,42.982796,-78.872559,1596197793,25,25001,0,3051,
1915,3,19,34006,0,0,505,ellop,505,42.882614,-78.872368,1596197786,34,34006,0,3066,
1916,55,19,55036,0,0,504,casno,504,43.095131,-79.040428,1596197811,55,55036,0,3107,
1918,3,20,3001,0,0,500,trcem,500,42.888802,-78.878998,1596197782,3,3001,0,3001,
1919,5,20,5010,0,0,499,kenml,499,42.958733,-78.895302,1596197809,5,5010,0,3033,
1920,11,20,3002,0,60,504,clvkn,505,42.941158,-78.867645,1596197825,3,3002,0,3002,
1921,5,19,20002,0,120,506,ngvrg,508,42.909233,-78.899765,1596197816,20,20002,0,3037,
1922,5,20,5009,0,60,498,ngfry,499,42.913441,-78.899582,1596197788,5,5009,0,3072,
2001,0,0,24004,6,1620,471,socam,498,42.955158,-78.820595,1596196220,24,24004,0,2067,
2005,23,19,23004,0,180,508,abtba,511,42.885361,-78.839577,1596197824,23,23004,0,2052,
2007,13,20,13003,0,0,508,winsp,508,42.923946,-78.829643,1596197792,13,13003,0,2019,
2010,23,20,23003,0,180,509,brrtc,512,42.947788,-78.859085,1596197789,23,23003,0,2051,
2011,23,19,23005,0,0,505,abtba,505,42.857533,-78.829010,1596197837,23,23005,0,2053,
2129,2,19,2004,0,0,501,cltba,501,42.871941,-78.807938,1596197787,2,2004,0,1010,
2203,0,0,34001,6,120,491,hazwd,493,43.029877,-78.815796,1596197835,34,34001,0,3063,
2215,50,19,50018,0,0,499,casno,499,43.088314,-79.059303,1596197820,50,50018,0,3088,
2218,50,20,50020,0,0,522,nftc,522,43.100742,-78.980164,1596197791,50,50020,0,3090,
2502,14,20,14003,0,0,492,shops,492,42.830170,-78.788811,1596197808,14,14003,0,1034,
2503,19,20,19006,0,240,501,socam,505,42.957771,-78.818810,1596197830,19,19006,0,1069,
2504,72,19,72001,0,-60,504,hrnmn,503,42.888939,-78.875755,1596197798,72,72001,0,1073,
2507,76,19,76001,0,99999,9999,athpr,476,42.883137,-78.873749,1596197837,76,76001,0,1026,
2508,0,0,69001,5,1020,9999,,9999,42.881596,-78.826103,1596197748,69,69001,0,1056,
2511,46,19,46002,0,60,500,glrml,501,42.907280,-78.754189,1596197739,46,46002,0,1036,
2513,0,0,32007,6,540,511,twyml,520,42.902824,-78.784004,1596197628,32,32007,0,1072,
2514,16,19,16002,0,120,501,bnmc,503,42.889488,-78.870544,1596197783,16,16002,0,1052,
2515,2,20,2003,0,240,488,fltbk,492,42.848869,-78.698242,1596197415,2,2003,0,1009,
2602,26,19,26003,0,120,503,dlvst,505,42.921883,-78.833809,1596197831,26,26003,0,2078,
2603,23,20,23002,0,-60,504,bdyfl,503,42.870705,-78.845535,1596197823,23,23002,0,2050,
2604,12,20,12008,0,60,501,badlv,502,42.914459,-78.832695,1596197764,12,12008,0,2096,
2606,13,19,48002,0,-240,501,winsp,497,42.957302,-78.819290,1596197693,48,48002,0,2095,
2608,14,20,14004,0,0,504,eccs,504,42.772556,-78.797440,1596197411,14,14004,0,1035,
2610,6,20,6003,0,-480,501,sycmg,493,42.888443,-78.868721,1596197832,6,6003,0,1023,
2612,75,19,14006,0,120,501,hrnmn,503,42.888607,-78.872963,1596197809,14,14006,0,1038,
2613,15,20,15003,0,0,507,sogat,507,42.842766,-78.789848,1596197790,15,15003,0,1045,
2615,42,20,42002,0,0,500,sogat,500,42.829594,-78.773026,1596197841,42,42002,0,1096,
2616,14,20,16004,0,0,501,shops,501,42.828053,-78.799263,1596197840,16,16004,0,1054,
2617,19,19,19004,0,0,503,abtba,503,42.873180,-78.819519,1596197801,19,19004,0,1068,
2618,15,19,15001,0,60,501,basen,502,42.858276,-78.813377,1596197833,15,15001,0,1043,
2619,19,19,19001,0,-180,503,bagen,500,42.924744,-78.814041,1596197810,19,19001,0,1065,
2620,19,20,19003,0,60,506,badlv,507,42.899551,-78.814117,1596197798,19,19003,0,1067,
2623,15,20,15002,0,-180,506,sensm,503,42.882969,-78.875237,1596197803,15,15002,0,1044,
2624,32,20,32006,0,240,496,twyml,500,42.902962,-78.783928,1596197824,32,32006,0,1082,
2627,16,20,16006,0,60,496,rdgsp,497,42.827091,-78.824356,1596197796,16,16006,0,1057,
2628,16,20,16005,0,0,502,mcmal,502,42.791039,-78.824203,1596197785,16,16005,0,1025,
2701,22,19,8003,0,60,507,bstmn,508,42.903706,-78.837418,1596197794,8,8003,0,2003,
2702,12,19,12003,0,60,506,badlv,507,42.935329,-78.799492,1596197816,12,12003,0,2010,
2703,44,20,44004,0,0,502,crspt,502,43.032955,-78.750061,1596197825,44,44004,0,2086,
2704,81,19,47001,0,0,506,sdwsh,506,42.886051,-78.875832,1596197782,47,47001,0,2034,
2707,12,19,12004,0,-120,517,nghmp,515,42.910744,-78.900139,1596197693,12,12004,0,2011,
2713,13,20,44001,0,120,499,socam,501,42.954361,-78.820374,1596197110,44,44001,0,2083,
6015,444,99,444444,99,99999,9999,,9999,42.959419,-78.890945,1596197744,444,0,0,444444,
8152,45,99,45991,99,99999,9999,,9999,42.960217,-78.890236,1596197819,45,0,0,45991,
8201,45,99,45201,99,99999,9999,,9999,42.863529,-78.843674,1596197838,45,0,0,45201,
8208,45,99,45208,99,99999,9999,,9999,43.022697,-78.738594,1596197820,45,0,0,45208,
8211,45,99,45211,99,99999,9999,,9999,42.921883,-78.809990,1596197784,45,0,0,45211,
8213,45,99,45213,99,99999,9999,,9999,42.828300,-78.808723,1596197808,45,0,0,45213,
8216,45,99,45216,99,99999,9999,,9999,42.966736,-78.888153,1596197799,45,0,0,45216,
8217,45,99,45217,99,99999,9999,,9999,42.992256,-78.817390,1596197746,45,0,0,45217,
8218,45,99,45218,99,99999,9999,,9999,42.918667,-78.699883,1596197776,45,0,0,45218,
8219,45,99,45219,99,99999,9999,,9999,42.981804,-78.812889,1596197752,45,0,0,45219,
8220,45,99,45220,99,99999,9999,,9999,42.907143,-78.756538,1596197802,45,0,0,45220,
8221,45,99,45221,99,99999,9999,,9999,43.014034,-78.841736,1596197815,45,0,0,45221,
8224,45,99,45224,99,99999,9999,,9999,43.120159,-78.692368,1596197821,45,0,0,45224,
8225,45,99,45225,99,99999,9999,,9999,42.955982,-78.873116,1596197710,45,0,0,45225,
8226,45,99,45226,99,99999,9999,,9999,42.785290,-78.812035,1596197832,45,0,0,45226,
8227,45,99,45227,99,99999,9999,,9999,42.875351,-78.878212,1596197817,45,0,0,45227,
8229,45,99,45229,99,99999,9999,,9999,42.906509,-78.801720,1596197791,45,0,0,45229,
8230,45,99,45230,99,99999,9999,,9999,42.930077,-78.697090,1596197804,45,0,0,45230,
8231,45,99,45231,99,99999,9999,,9999,42.997589,-78.882645,1596197821,45,0,0,45231,
8232,45,99,45232,99,99999,9999,,9999,42.997726,-78.739601,1596197648,45,0,0,45232,
8233,45,99,45233,99,99999,9999,,9999,99.000000,999.000000,1596195388,45,0,0,45233,
8234,45,99,45234,99,99999,9999,,9999,42.972206,-78.806335,1596197675,45,0,0,45234,
8236,45,99,45236,99,99999,9999,,9999,99.000000,999.000000,1596184755,45,0,0,45236,
8237,45,99,45237,99,99999,9999,,9999,42.930958,-78.894478,1596197814,45,0,0,45237,
8238,45,99,45238,99,99999,9999,,9999,42.960052,-78.883125,1596197825,45,0,0,45238,
8239,45,99,45239,99,99999,9999,,9999,42.946854,-78.878586,1596197800,45,0,0,45239,
8240,45,99,45240,99,99999,9999,,9999,42.888111,-78.757057,1596197793,45,0,0,45240,
8241,45,99,45241,99,99999,9999,,9999,42.957329,-78.869911,1596197839,45,0,0,45241,
8301,45,99,45301,99,99999,9999,,9999,43.035980,-78.832130,1596197816,45,0,0,45301,
8302,45,99,45302,99,99999,9999,,9999,42.878296,-78.836342,1596197790,45,0,0,45302,
8308,45,99,45308,99,99999,9999,,9999,43.032242,-78.753334,1596197786,45,0,0,45308,
8310,45,99,45310,99,99999,9999,,9999,42.828575,-78.754486,1596196906,45,0,0,45310,
