1001,26,20,22005,0,-60,860,gnhar,859,42.922764,-78.798965,1596219333,22,22005,0,2048,
1003,23,20,23013,0,0,855,mnfil,855,42.938519,-78.839203,1596219307,23,23013,0,2060,
1005,23,19,23012,0,-240,856,bdyfl,852,42.892979,-78.839355,1596219357,23,23012,0,2057,
1007,18,20,18004,0,300,855,dlvst,860,42.922489,-78.856369,1596219340,18,18004,0,2041,
1010,24,20,24012,0,120,858,genfl,860,42.899277,-78.846466,1596219346,24,24012,0,2018,
1011,23,19,23016,0,-180,873,hrtpk,870,42.940968,-78.905090,1596219313,23,23016,0,2040,
1016,12,20,12013,0,-120,855,ctyli,853,42.958706,-78.814606,1596219315,12,12013,0,2024,
1018,49,19,44006,0,0,850,socam,850,42.955597,-78.820854,1596219304,44,44006,0,2089,
1020,16,20,14011,0,60,862,rdgsp,863,42.842049,-78.823868,1596219330,14,14011,0,1041,
1022,32,20,32011,0,0,880,twyml,880,42.902851,-78.783669,1596219282,32,32011,0,1083,
1023,15,19,15008,0,60,869,lterr,870,42.875435,-78.847061,1596219321,15,15008,0,1046,
1026,6,19,6008,0,-300,860,wtfrt,855,42.877224,-78.877060,1596219358,6,6008,0,1028,
1028,6,19,6012,0,0,861,sycmg,861,42.896061,-78.844452,1596219327,6,6012,0,1026,
1030,4,20,76002,0,180,858,bdyfl,861,42.891605,-78.845459,1596219314,76,76002,0,1103,
1032,16,19,16009,0,0,880,bnmc,880,42.898617,-78.868423,1596219301,16,16009,0,1060,
1033,15,20,15006,0,0,866,sensm,866,42.880962,-78.869354,1596219312,15,15006,0,1047,
1034,1,20,4007,0,-120,855,wmmgn,853,42.885117,-78.868240,1596219349,4,4007,0,1017,
1038,19,20,19008,0,0,859,socam,859,42.954994,-78.820480,1596219324,19,19008,0,1072,
1040,32,20,32013,0,-120,857,bflst,855,42.936047,-78.878365,1596219348,32,32013,0,1087,
1041,16,19,16011,0,0,842,bgtsp,842,42.789909,-78.817993,1596219322,16,16011,0,1095,
1042,19,19,19012,0,0,864,bagen,864,42.930050,-78.813782,1596219358,19,19012,0,1074,
1044,32,19,32012,0,-120,861,glrml,859,42.908627,-78.772209,1596219339,32,32012,0,1079,
1045,16,19,16012,0,-240,859,abtba,855,42.847111,-78.823647,1596219307,16,16012,0,1058,
1046,2,20,4006,0,-60,855,fern,854,42.871422,-78.795097,1596219326,4,4006,0,1019,
1047,0,0,4003,5,99999,9999,,9999,42.882504,-78.824654,1596219320,4,4003,0,1016,
1049,15,20,15007,0,0,856,sogat,856,42.827614,-78.754486,1596218781,15,15007,0,1048,
1052,0,0,32016,4,60,861,tcbfl,862,42.883492,-78.872368,1596219339,32,32016,0,1088,
1055,12,19,12012,0,-60,863,filut,862,42.914734,-78.813858,1596219331,12,12012,0,2023,
1056,23,19,23011,0,0,860,abtba,860,42.857559,-78.828712,1596219168,23,23011,0,2059,
1057,0,0,18005,4,99999,9999,twyml,835,42.904942,-78.813484,1596219309,18,18005,0,2043,
1059,12,20,12020,0,240,859,socam,863,42.949081,-78.820038,1596219310,12,12020,0,2022,
1061,13,20,13005,0,-120,870,winsp,868,42.928070,-78.830383,1596219339,13,13005,0,2035,
1063,0,0,24014,4,99999,9999,marmn,865,42.877304,-78.877808,1596219291,24,24014,0,2071,
1064,23,19,23014,0,-180,862,mnfil,859,42.947514,-78.839172,1596219351,23,23014,0,2061,
1065,13,20,8005,0,99999,9999,socam,845,42.955074,-78.820145,1596219300,8,8005,1,2005,
1066,155,19,155001,0,0,860,hojo,860,43.083527,-78.976112,1596219351,155,155001,0,3112,
1105,12,19,12019,0,120,868,nghmp,870,42.910717,-78.899879,1596219233,12,12019,0,2019,
1106,8,19,8007,0,0,867,wtfrt,867,42.893612,-78.873077,1596219317,8,8007,0,2004,
1108,12,20,12016,0,60,859,filut,860,42.911018,-78.847580,1596219343,12,12016,0,2026,
1109,47,19,44008,0,0,867,socam,867,42.955212,-78.820450,1596219318,44,44008,0,2087,
1110,12,20,12014,0,-180,860,badlv,857,42.914539,-78.821526,1596219321,12,12014,0,2025,
1111,24,20,24011,0,180,857,airpt,860,42.933872,-78.727798,1596219357,24,24011,0,2069,
1112,12,20,12018,0,0,870,ctyli,870,42.958649,-78.814568,1596219177,12,12018,0,2017,
1113,47,19,48005,0,-300,858,eccn,853,42.956669,-78.718498,1596219335,48,48005,0,2096,
1114,23,20,23015,0,-240,857,bdyfl,853,42.887756,-78.839241,1596219330,23,23015,0,2058,
1116,22,20,22004,0,120,861,twyml,863,42.907169,-78.784714,1596219340,22,22004,0,2046,
1118,12,19,12021,0,0,855,utica,855,42.911240,-78.863289,1596219304,12,12021,0,2016,
1120,12,19,12017,0,0,855,nghmp,855,42.910854,-78.899879,1596219295,12,12017,0,2027,
1124,0,0,12022,4,99999,9999,twyml,865,42.902576,-78.783821,1596219285,12,12022,0,2028,
1126,44,20,44007,0,0,871,lkpt,871,43.169769,-78.689941,1596219338,44,44007,0,2088,
1130,48,19,48004,0,0,855,socam,855,42.954716,-78.820557,1596219339,48,48004,0,2097,
1201,4,19,2009,0,-60,859,bdyba,858,42.899086,-78.796959,1596219322,2,2009,0,1012,
1202,1,19,14007,0,-180,857,wmbck,854,42.885006,-78.814377,1596219311,14,14007,0,1039,
1204,6,19,6010,0,-60,857,twyml,856,42.903706,-78.781586,1596219326,6,6010,0,1096,
1205,14,20,14010,0,0,873,eccs,873,42.772556,-78.797180,1596219338,14,14010,0,1037,
1206,0,0,16013,4,99999,9999,mowsh,860,42.887619,-78.872818,1596219267,16,16013,0,1061,
1207,6,20,6009,0,-240,862,twyml,858,42.906704,-78.799530,1596219304,6,6009,0,1029,
1208,19,19,19011,0,-360,857,wlmba,851,42.889816,-78.814232,1596219341,19,19011,0,1071,
1212,32,20,32014,0,-60,859,knhty,858,42.940884,-78.806335,1596219353,32,32014,0,1085,
1213,23,20,23017,0,-180,861,brrtc,858,42.946274,-78.890869,1596219334,23,23017,0,2055,
1301,155,20,155002,0,0,858,econo,858,43.093674,-79.014114,1596219328,155,155002,0,3113,
1501,3,20,20011,0,99999,9999,trcem,530,42.882584,-78.872108,1596212519,20,20011,0,3043,
1502,40,19,40009,0,-120,856,casno,854,43.088531,-79.059303,1596219335,40,40009,0,3081,
1504,0,0,5007,5,-180,863,front,860,42.958649,-78.878288,1596219350,5,5007,0,3020,
1505,3,20,20006,0,120,856,sklmt,858,42.956806,-78.890198,1596219354,20,20006,0,3041,
1507,20,19,20017,0,60,865,elmdv,866,42.940361,-78.878700,1596219347,20,20017,0,3044,
1508,0,0,34010,4,-480,868,socam,860,42.958595,-78.859192,1596219345,34,34010,0,3065,
1512,52,20,52029,0,0,891,nftc,891,43.100769,-78.980019,1596219219,52,52029,0,3098,
1517,50,20,50023,0,-60,859,nftc,858,43.091831,-78.969337,1596219334,50,50023,0,3093,
1518,35,19,35004,0,0,890,brrtc,890,42.945313,-78.907135,1596219248,35,35004,0,3073,
1601,0,0,11001,5,99999,9999,,9999,42.960438,-78.889084,1596219335,11,11001,0,3031,
1604,55,19,55039,0,-120,860,nfbwd,858,43.117519,-78.889793,1596219324,55,55039,0,3104,
1605,40,20,40010,0,0,864,giplz,864,42.981064,-78.934753,1596219353,40,40010,0,3082,
1606,35,20,35005,0,-180,858,dlwsh,855,42.980759,-78.885880,1596219309,35,35005,0,3072,
1609,11,19,11002,0,-120,861,dlwnr,859,42.917786,-78.868614,1596219313,11,11002,0,3032,
1610,55,20,55041,0,-120,869,pnhyd,867,43.084656,-79.059044,1596219310,55,55041,0,3109,
1611,3,20,5018,0,0,858,frgrt,858,42.912338,-78.893288,1596219328,5,5018,0,3025,
1614,0,0,50024,6,0,885,nftc,885,43.100742,-78.979942,1596219319,50,50024,0,3091,
1615,40,20,40008,0,99999,9999,falls,831,43.048466,-78.987984,1596219336,40,40008,0,3080,
1616,0,0,34009,4,99999,9999,hazwd,842,43.035980,-78.822273,1596218901,34,34009,0,3069,
1618,5,19,3009,0,0,865,ellop,865,42.882557,-78.872223,1596218796,3,3009,0,3010,
1620,3,20,3011,0,-240,865,trcem,861,42.883190,-78.873932,1596219352,3,3011,0,3005,
1622,50,19,50021,0,0,864,prtc,864,43.083748,-79.058929,1596219305,50,50021,0,3092,
1623,5,19,25004,0,0,858,kenml,858,42.958679,-78.878181,1596219343,25,25004,0,3055,
1624,0,0,3012,4,0,855,socam,855,42.954826,-78.820480,1596219332,3,3012,0,3009,
1703,35,19,35006,0,0,865,nfbsh,865,42.997700,-78.789436,1596219209,35,35006,0,3074,
1704,25,20,25007,0,120,864,orch,866,42.968193,-78.870621,1596219334,25,25007,0,3054,
1705,11,20,25009,0,-60,858,tnind,857,43.015491,-78.847542,1596219334,25,25009,0,3059,
1713,55,19,40013,0,-60,860,nfb56,859,43.088863,-78.974251,1596219318,40,40013,0,3078,
1714,5,19,5019,0,-120,859,brrtc,857,42.958923,-78.908554,1596219301,5,5019,0,3105,
1715,25,19,20014,0,-180,856,dlwnr,853,42.904419,-78.872444,1596219335,20,20014,0,3046,
1716,3,19,25006,0,0,885,ellop,885,42.882530,-78.872070,1596219271,25,25006,0,3058,
1718,24,19,24010,0,-60,861,marmn,860,42.885994,-78.873299,1596219308,24,24010,0,2070,
1722,26,19,26005,0,99999,9999,dlvst,834,42.922680,-78.816460,1596217651,26,26005,0,2092,
1801,52,19,52028,0,-240,858,nfb56,854,43.088837,-78.985008,1596219305,52,52028,0,3099,
1802,0,0,25012,4,0,855,ellop,855,42.882584,-78.872299,1596219225,25,25012,0,3056,
1803,5,19,5017,0,0,870,ellop,870,42.882584,-78.872368,1596219354,5,5017,0,3028,
1806,5,20,25010,0,0,860,dlwkn,860,42.958542,-78.886703,1596219347,25,25010,0,3060,
1807,0,0,20004,5,99999,9999,,9999,42.959969,-78.890793,1596219272,20,20004,0,3039,
1809,5,20,5016,0,180,866,socam,869,42.955101,-78.820969,1596219358,5,5016,0,3024,
1810,20,20,20013,0,-360,867,elken,861,42.932938,-78.876953,1596219338,20,20013,0,3045,
1811,20,20,5012,0,0,876,orch,876,42.988403,-78.873077,1596219296,5,5012,0,3026,
1812,5,20,5015,0,-60,858,brrtc,857,42.937996,-78.904007,1596219316,5,5015,0,3021,
1815,5,19,5013,0,0,862,ngvrg,862,42.906567,-78.897232,1596219306,5,5013,0,3022,
1817,42,19,42004,0,0,870,mohel,870,42.886929,-78.872261,1596219346,42,42004,0,1098,
1818,0,0,16014,4,300,865,mowsh,870,42.885777,-78.871178,1596219333,16,16014,0,1062,
1822,19,20,19009,0,-180,856,wlmba,853,42.882061,-78.814041,1596219347,19,19009,0,1070,
1824,46,19,4005,0,60,863,glrml,864,42.908573,-78.741867,1596219329,4,4005,0,1018,
1902,3,20,3010,0,0,856,tonvl,856,42.959888,-78.907959,1596219303,3,3010,0,3008,
1904,40,19,40012,0,0,855,tcbfl,855,42.883438,-78.872635,1596219256,40,40012,0,3084,
1905,3,19,3013,0,0,865,frgrt,865,42.937584,-78.889534,1596219342,3,3013,0,3007,
1906,0,0,5020,4,0,855,ellop,855,42.882557,-78.872108,1596218969,5,5020,0,3023,
1907,0,0,25011,4,-780,856,tnind,843,43.012249,-78.853203,1596219355,25,25011,0,3057,
1908,11,20,11004,0,-240,867,dlwnr,863,42.883137,-78.873268,1596219287,11,11004,0,3106,
1909,34,19,34002,0,0,860,socam,860,42.961758,-78.823761,1596219326,34,34002,0,3064,
1910,34,20,34007,0,0,872,hazwd,872,43.028858,-78.814972,1596219340,34,34007,0,3067,
1911,55,19,55038,0,0,880,prtc,880,43.099369,-79.051674,1596219326,55,55038,0,3108,
1912,55,20,40011,0,-60,867,nfia,866,43.093868,-78.976555,1596219311,40,40011,0,3083,
1914,20,19,20016,0,0,860,ellop,860,42.882504,-78.872406,1596219184,20,20016,0,3047,
1915,34,20,34006,0,0,858,nfbma,858,42.986671,-78.822456,1596219356,34,34006,0,3066,
1916,50,20,50022,0,-120,868,prtc,866,43.135559,-79.041397,1596219322,50,50022,0,3094,
1917,25,20,25008,0,0,871,mnngr,871,43.020691,-78.878960,1596219250,25,25008,0,3097,
1918,25,19,11003,0,-60,860,dlwkn,859,42.972317,-78.871292,1596219333,11,11003,0,3033,
1920,3,19,40014,0,60,860,trcem,861,42.901093,-78.886848,1596219335,40,40014,0,3085,
1921,0,0,35007,4,0,856,orch,856,42.988350,-78.873077,1596219269,35,35007,0,3075,
1922,40,19,5014,0,0,857,ngvln,857,42.967560,-78.924484,1596219317,5,5014,0,3027,
2005,0,0,13006,4,120,858,wtfrt,860,42.880219,-78.883095,1596219302,13,13006,0,2036,
2007,12,19,12015,0,-60,857,knegt,856,42.943222,-78.803696,1596219352,12,12015,0,2015,
2010,0,0,26006,4,0,885,twyml,885,42.916824,-78.861877,1596218869,26,26006,0,2080,
2218,5,20,34008,0,-300,865,ngfry,860,42.895729,-78.887146,1596219343,34,34008,0,3068,
2502,2,19,2008,0,0,855,tcbfl,855,42.883438,-78.872780,1596219291,2,2008,0,1011,
2508,16,20,16010,0,60,845,mcmal,846,42.782349,-78.808762,1596219351,16,16010,0,1056,
2510,14,20,16008,0,0,857,shops,857,42.832150,-78.785347,1596219148,16,16008,0,1059,
2512,15,20,14008,0,60,861,sogat,862,42.830914,-78.774628,1596219333,14,14008,0,1040,
2513,19,20,19010,0,0,857,winsp,857,42.940086,-78.813934,1596219337,19,19010,0,1073,
2606,48,20,8006,0,-120,847,eccn,845,42.969761,-78.697014,1596219356,8,8006,0,2006,
2607,1,20,1004,0,0,868,aptml,868,42.888634,-78.751770,1596219350,1,1004,0,1005,
2608,6,20,6011,0,0,860,sycfl,860,42.890999,-78.860611,1596219326,6,6011,0,1025,
2609,6,20,6007,0,99999,9999,glrml,861,42.910469,-78.763947,1596218880,6,6007,1,1027,
2610,4,20,46003,0,-240,857,twyml,853,42.903595,-78.784790,1596219302,46,46003,0,1102,
2611,42,20,42005,0,-300,875,sogat,870,42.827831,-78.754784,1596219244,42,42005,0,1035,
2612,76,19,76003,0,0,861,athpr,861,42.747917,-78.900772,1596219347,76,76003,0,1054,
2614,14,20,14009,0,-60,858,spkls,857,42.872356,-78.868538,1596219258,14,14009,0,1036,
2616,14,19,1003,0,-60,870,bnmc,869,42.873016,-78.872002,1596219331,1,1003,0,1006,
2625,4,19,1006,0,0,865,tcbfl,865,42.886105,-78.871475,1596219340,1,1006,0,1003,
2627,32,19,32015,0,-300,858,knhty,853,42.945011,-78.785645,1596219315,32,32015,0,1084,
2628,2,20,1005,0,-180,875,fltbk,872,42.848927,-78.697762,1596219337,1,1005,0,1004,
2629,0,0,32010,4,-960,621,twyml,605,99.000000,999.000000,1596203606,32,32010,0,1086,
2702,8,20,8008,0,60,863,amsta,864,42.925705,-78.853836,1596219304,8,8008,0,2007,
2703,44,19,44004,0,-120,859,socam,857,42.963737,-78.813637,1596219319,44,44004,0,2086,
2704,13,19,13004,0,60,857,utica,858,42.915421,-78.864296,1596219355,13,13004,0,2034,
2705,24,19,24013,0,0,861,andrw,861,42.926392,-78.758324,1596219332,24,24013,0,2054,
2707,47,20,47003,0,-120,857,mnegt,855,42.962555,-78.806076,1596219341,47,47003,0,2091,
2713,26,19,22006,0,-120,856,badlv,854,42.922733,-78.813560,1596219334,22,22006,0,2047,
8126,45,99,45126,99,99999,9999,,9999,42.959476,-78.891022,1596219342,45,0,0,45126,
8141,45,99,45094,99,99999,9999,,9999,42.945724,-78.906761,1596218374,45,0,0,45094,
8145,45,99,45145,99,99999,9999,,9999,42.882641,-78.872444,1596218948,45,0,0,45145,
8201,45,99,45201,99,99999,9999,,9999,42.995773,-78.697578,1596218949,45,0,0,45201,
8205,45,99,45205,99,99999,9999,,9999,42.955845,-78.872780,1596219055,45,0,0,45205,
8207,45,99,45207,99,99999,9999,,9999,42.929996,-78.822868,1596219298,45,0,0,45207,
8208,45,99,45208,99,99999,9999,,9999,42.946220,-78.844414,1596219324,45,0,0,45208,
8211,45,99,45211,99,99999,9999,,9999,42.963215,-78.888603,1596219312,45,0,0,45211,
8213,45,99,45213,99,99999,9999,,9999,42.983429,-78.694893,1596219328,45,0,0,45213,
8214,45,99,45214,99,99999,9999,,9999,99.000000,999.000000,1596218555,45,0,0,45214,
8217,45,99,45217,99,99999,9999,,9999,42.950813,-78.813934,1596219331,45,0,0,45217,
8218,45,99,45218,99,99999,9999,,9999,42.918774,-78.784561,1596219270,45,0,0,45218,
8219,45,99,45219,99,99999,9999,,9999,43.172409,-79.031387,1596218846,45,0,0,45219,
8221,45,99,45221,99,99999,9999,,9999,42.875214,-78.800011,1596219346,45,0,0,45221,
8222,45,99,45222,99,99999,9999,,9999,42.966736,-78.800011,1596219311,45,0,0,45222,
8224,45,99,45224,99,99999,9999,,9999,42.959476,-78.814308,1596219309,45,0,0,45224,
8225,45,99,45225,99,99999,9999,,9999,43.059547,-78.721474,1596219305,45,0,0,45225,
8227,45,99,45227,99,99999,9999,,9999,42.846615,-78.792198,1596219358,45,0,0,45227,
8228,45,99,45228,99,99999,9999,,9999,42.955872,-78.870956,1596219306,45,0,0,45228,
8229,45,99,45229,99,99999,9999,,9999,42.930325,-78.698021,1596219319,45,0,0,45229,
8231,45,99,45231,99,99999,9999,,9999,43.085838,-78.989250,1596219240,45,0,0,45231,
8233,45,99,45233,99,99999,9999,,9999,99.000000,999.000000,1596199761,45,0,0,45233,
8234,45,99,45234,99,99999,9999,,9999,42.980953,-78.812408,1596219346,45,0,0,45234,
8236,45,99,45236,99,99999,9999,,9999,99.000000,999.000000,1596184755,45,0,0,45236,
8237,45,99,45237,99,99999,9999,,9999,42.937393,-78.887184,1596219342,45,0,0,45237,
8238,45,99,45238,99,99999,9999,,9999,42.935329,-78.708702,1596219315,45,0,0,45238,
8239,45,99,45239,99,99999,9999,,9999,42.981529,-78.893028,1596219326,45,0,0,45239,
8241,45,99,45241,99,99999,9999,,9999,42.943386,-78.835487,1596219339,45,0,0,45241,
8304,45,99,45304,99,99999,9999,,9999,42.947762,-78.859604,1596219299,45,0,0,45304,
8305,45,99,45305,99,99999,9999,,9999,42.958706,-78.870773,1596219343,45,0,0,45305,
8306,45,99,45306,99,99999,9999,,9999,42.790131,-78.839836,1596219323,45,0,0,45306,
8307,45,99,45307,99,99999,9999,,9999,42.934864,-78.821976,1596219306,45,0,0,45307,
8309,45,99,45309,99,99999,9999,,9999,42.930462,-78.829712,1596219293,45,0,0,45309,
