1001,22,19,22005,0,0,918,bstgn,918,42.903648,-78.835411,1596223064,22,22005,0,2048,
1003,23,20,23013,0,0,930,brrtc,930,42.945671,-78.907028,1596222391,23,23013,0,2060,
1005,23,20,23012,0,0,920,hrtpk,920,42.947678,-78.844452,1596223060,23,23012,0,2057,
1007,18,20,18004,0,0,920,dlvst,920,42.922516,-78.856850,1596223072,18,18004,0,2041,
1010,24,19,24012,0,0,921,genfl,921,42.908573,-78.824097,1596223079,24,24012,0,2018,
1011,0,0,23016,5,-120,930,colds,928,42.876316,-78.842369,1596223047,23,23016,0,2040,
1013,0,0,24016,4,99999,9999,marmn,910,42.877277,-78.877579,1596223062,24,24016,0,2073,
1014,0,0,26007,4,-180,923,twyml,920,42.932526,-78.793053,1596222968,26,26007,0,2081,
1016,12,19,12013,0,0,947,nghmp,947,42.910912,-78.899879,1596222990,12,12013,0,2024,
1018,13,20,44006,0,0,929,winsp,929,42.926201,-78.829155,1596223038,44,44006,0,2089,
1020,16,20,14011,0,0,918,mnbfl,918,42.715660,-78.827217,1596223063,14,14011,0,1041,
1022,32,19,32011,0,60,922,amhba,923,42.940582,-78.807266,1596223073,32,32011,0,1083,
1023,15,20,15008,0,-120,926,sogat,924,42.841225,-78.785866,1596223052,15,15008,0,1046,
1026,6,20,6008,0,0,960,glrml,960,42.910442,-78.763611,1596222914,6,6008,0,1028,
1027,0,0,42006,4,300,930,lterr,935,42.872135,-78.849625,1596223082,42,42006,0,1099,
1028,6,20,6012,0,-660,921,wldba,910,42.902084,-78.825249,1596223060,6,6012,0,1026,
1030,4,19,76002,0,0,918,bdyba,918,42.897022,-78.813858,1596223047,76,76002,0,1103,
1031,0,0,15009,4,99999,9999,ellop,937,42.881649,-78.825920,1596223052,15,15009,0,1049,
1032,16,20,16009,0,0,924,rdgsp,924,42.840454,-78.823868,1596223034,16,16009,0,1060,
1033,15,19,15006,0,0,931,scl,931,42.826431,-78.753593,1596223045,15,15006,0,1047,
1034,1,19,4007,0,-60,925,wmbck,924,42.889790,-78.803551,1596223057,4,4007,0,1017,
1038,19,20,19008,0,-180,920,wlmba,917,42.877689,-78.815865,1596223056,19,19008,0,1072,
1040,32,20,32013,0,0,942,twyml,942,42.902111,-78.783783,1596223081,32,32013,0,1087,
1042,19,20,19012,0,60,922,winsp,923,42.938656,-78.813599,1596223032,19,19012,0,1074,
1044,32,19,32012,0,60,927,brrtc,928,42.940033,-78.884987,1596223071,32,32012,0,1079,
1045,16,19,16012,0,0,920,bnmc,920,42.898643,-78.868385,1596222982,16,16012,0,1058,
1046,4,20,4006,0,0,920,bdyba,920,42.896389,-78.817841,1596223057,4,4006,0,1019,
1049,15,20,15007,0,0,926,sensm,926,42.878513,-78.864258,1596223046,15,15007,0,1048,
1052,4,20,32016,0,99999,9999,twyml,910,42.902824,-78.783669,1596222836,32,32016,0,1088,
1055,12,19,12012,0,60,914,nghmp,915,42.915146,-78.899323,1596223064,12,12012,0,2023,
1056,23,20,23011,0,0,945,brrtc,945,42.945560,-78.906761,1596223019,23,23011,0,2059,
1057,0,0,18005,4,99999,9999,twyml,835,42.903706,-78.783485,1596223042,18,18005,0,2043,
1059,12,19,12020,0,0,923,filut,923,42.914597,-78.821747,1596223042,12,12020,0,2022,
1061,8,19,13005,0,60,926,wtfrt,927,42.885777,-78.875648,1596223071,13,13005,0,2035,
1062,24,19,24015,0,-60,924,ungen,923,42.932468,-78.727577,1596223075,24,24015,0,2072,
1063,0,0,24014,4,99999,9999,marmn,865,42.934120,-78.730629,1596223060,24,24014,0,2071,
1064,23,20,23014,0,-300,918,bdyfl,913,42.887424,-78.839241,1596223025,23,23014,0,2061,
1065,8,19,8005,0,0,920,wtfrt,920,42.880138,-78.882828,1596222916,8,8005,0,2005,
1066,155,20,155001,0,0,922,ngfom,922,43.089909,-78.993233,1596223082,155,155001,0,3112,
1103,0,0,48006,4,-60,924,socam,923,42.945644,-78.831909,1596223076,48,48006,0,2098,
1105,12,20,12019,0,0,921,knegt,921,42.932606,-78.798965,1596223026,12,12019,0,2019,
1106,8,20,8007,0,60,924,amsta,925,42.927437,-78.851639,1596223050,8,8007,0,2004,
1108,12,20,12016,0,-120,917,ctyli,915,42.958733,-78.814568,1596223076,12,12016,0,2026,
1109,44,20,44008,0,180,926,lkpt,929,43.127197,-78.696793,1596223051,44,44008,0,2087,
1110,12,19,12014,0,-240,923,knegt,919,42.948914,-78.811478,1596223054,12,12014,0,2025,
1111,24,19,24011,0,0,930,marmn,930,42.877277,-78.877731,1596223070,24,24011,0,2069,
1112,12,19,12018,0,0,921,elmut,921,42.911324,-78.870064,1596223029,12,12018,0,2017,
1113,48,20,48005,0,180,919,ehmal,922,42.971714,-78.696716,1596223067,48,48005,0,2096,
1114,23,19,23015,0,-420,938,hrtpk,931,42.944103,-78.907288,1596223065,23,23015,0,2058,
1116,22,19,22004,0,-120,917,lkv,915,42.898205,-78.893585,1596223072,22,22004,0,2046,
1118,12,20,12021,0,0,923,badlv,923,42.914402,-78.824539,1596223038,12,12021,0,2016,
1120,12,20,12017,0,-60,917,socam,916,42.954525,-78.822083,1596223028,12,12017,0,2027,
1122,23,19,66003,0,-60,921,mnfil,920,42.946854,-78.833359,1596223033,66,66003,0,2056,
1124,26,20,12022,0,0,922,elmdv,922,42.922047,-78.888603,1596223077,12,12022,0,2028,
1126,44,19,44007,0,0,925,mlpsh,925,42.996021,-78.790970,1596223069,44,44007,0,2088,
1130,49,20,48004,0,0,924,mhosp,924,42.996105,-78.730476,1596223012,48,48004,0,2097,
1201,2,20,2009,0,120,922,fern,924,42.871861,-78.809166,1596223037,2,2009,0,1012,
1202,14,20,14007,0,-240,920,spkls,916,42.874748,-78.871254,1596223044,14,14007,0,1039,
1204,6,20,6010,0,0,922,sycfl,922,42.892239,-78.856255,1596223059,6,6010,0,1096,
1205,14,19,14010,0,0,930,mowsh,930,42.872051,-78.866379,1596223069,14,14010,0,1037,
1206,16,20,16013,0,0,918,mcmal,918,42.782898,-78.808723,1596223032,16,16013,0,1061,
1207,6,19,6009,0,0,921,sycmg,921,42.894272,-78.849892,1596223037,6,6009,0,1029,
1208,19,20,19011,0,0,918,socam,918,42.954498,-78.819778,1596223014,19,19011,0,1071,
1212,32,20,32014,0,0,925,twyml,925,42.902576,-78.783745,1596222851,32,32014,0,1085,
1213,23,19,23017,0,60,926,abtba,927,42.878929,-78.839355,1596223066,23,23017,0,2055,
1301,155,19,155002,0,0,920,hojo,920,43.088177,-78.976143,1596223061,155,155002,0,3113,
1501,3,20,20011,0,99999,9999,trcem,530,42.882584,-78.872108,1596212519,20,20011,0,3043,
1502,40,19,40009,0,0,922,tcbfl,922,42.883411,-78.872444,1596223008,40,40009,0,3081,
1505,3,20,3015,0,-60,922,trcem,921,42.886379,-78.877251,1596223029,3,3015,0,3006,
1507,20,20,20017,0,60,924,elmdv,925,42.911156,-78.877022,1596223080,20,20017,0,3044,
1508,34,20,34010,0,0,921,hazwd,921,43.028885,-78.814972,1596223078,34,34010,0,3065,
1512,52,19,52029,0,0,919,prtc,919,43.105114,-79.049026,1596223068,52,52029,0,3098,
1517,0,0,34012,4,0,961,hazwd,961,42.959061,-78.890015,1596222904,34,34012,0,3093,
1518,35,20,35004,0,-120,927,nfbsh,925,42.980705,-78.870918,1596223033,35,35004,0,3073,
1520,0,0,3016,4,1200,895,socam,915,42.958157,-78.823647,1596223083,3,3016,0,3079,
1601,0,0,40015,4,0,958,nfia,958,42.959831,-78.890793,1596222682,40,40015,0,3107,
1604,55,19,55039,0,-180,918,prtc,915,43.096561,-79.049919,1596223056,55,55039,0,3104,
1605,55,20,40010,0,-120,920,casno,918,43.093842,-79.056885,1596223027,40,40010,0,3082,
1606,35,19,35005,0,0,927,dlwsh,927,42.980869,-78.822456,1596223047,35,35005,0,3072,
1609,11,20,11002,0,0,922,prpky,922,42.969349,-78.858414,1596222987,11,11002,0,3032,
1610,55,20,55041,0,-180,917,nfia,914,43.101540,-78.939484,1596223043,55,55041,0,3109,
1611,5,20,5018,0,0,925,ngvrg,925,42.883492,-78.876915,1596223061,5,5018,0,3025,
1614,50,19,50024,0,-120,918,casno,916,43.088478,-79.057549,1596223052,50,50024,0,3091,
1615,40,19,40008,0,-360,923,ngvln,917,42.988159,-78.935646,1596223068,40,40008,0,3080,
1616,34,20,34009,0,99999,9999,nfbma,913,42.996326,-78.822342,1596223048,34,34009,0,3069,
1618,3,20,3009,0,0,930,tonvl,930,42.959888,-78.907959,1596222692,3,3009,0,3010,
1620,3,19,3011,0,60,923,frgrt,924,42.928123,-78.889381,1596223026,3,3011,0,3005,
1622,50,19,50021,0,99999,9999,lwstn,897,43.154091,-79.030121,1596221089,50,50021,0,3092,
1624,5,19,3012,0,-240,922,ellop,918,42.886269,-78.878960,1596223064,3,3012,0,3009,
1703,35,19,35006,0,0,960,brrtc,960,42.945339,-78.907135,1596223043,35,35006,0,3074,
1704,25,19,25007,0,0,926,mnngr,926,43.037079,-78.872597,1596223065,25,25007,0,3054,
1705,11,19,25009,0,0,919,dlwnr,919,42.907253,-78.871628,1596223066,25,25009,0,3059,
1713,40,19,40013,0,99999,9999,falls,905,43.084076,-79.059006,1596222138,40,40013,0,3078,
1714,5,20,5019,0,-60,921,ngfry,920,42.905933,-78.896492,1596223034,5,5019,0,3105,
1715,20,20,20014,0,120,920,elken,922,42.954773,-78.878250,1596223067,20,20014,0,3046,
1716,25,20,25006,0,0,920,dlwkn,920,42.953564,-78.868980,1596223053,25,25006,0,3058,
1722,26,20,26005,0,99999,9999,twyml,901,42.915668,-78.784225,1596221521,26,26005,1,2092,
1801,52,20,52028,0,0,921,lkhyd,921,43.135559,-79.041435,1596222980,52,52028,0,3099,
1802,25,20,25012,0,99999,9999,mdcty,924,43.029957,-78.870064,1596223075,25,25012,1,3056,
1803,5,20,5017,0,60,920,dlwkn,921,42.958595,-78.879257,1596223028,5,5017,0,3028,
1806,5,19,25010,0,120,920,brrtc,922,42.951691,-78.908997,1596223068,25,25010,0,3060,
1808,3,19,11005,0,120,919,trcem,921,42.893696,-78.879929,1596223075,11,11005,0,3034,
1809,5,19,5016,0,0,924,ngvrg,924,42.909176,-78.899803,1596223033,5,5016,0,3024,
1810,20,19,20013,0,0,926,elmdv,926,42.941021,-78.878662,1596223070,20,20013,0,3045,
1811,20,19,5012,0,60,929,ellop,930,42.896774,-78.877174,1596223029,5,5012,0,3026,
1812,3,19,11006,0,0,921,sklmt,921,42.963737,-78.901962,1596223050,11,11006,0,3035,
1813,3,19,3014,0,0,925,ellop,925,42.882504,-78.872597,1596222873,3,3014,0,3090,
1815,5,20,5013,0,0,931,kenml,931,42.946495,-78.907768,1596223043,5,5013,0,3022,
1816,5,19,5015,0,0,921,kenml,921,42.958706,-78.871590,1596223054,5,5015,0,3021,
1817,42,20,42004,0,-60,923,sogat,922,42.829399,-78.777191,1596223079,42,42004,0,1098,
1818,14,20,16014,0,0,918,shops,918,42.831848,-78.785233,1596222888,16,16014,0,1062,
1821,0,0,2010,4,0,915,tcbfl,915,42.883518,-78.872337,1596223079,2,2010,0,1082,
1822,19,19,19009,0,-60,927,bagen,926,42.935551,-78.813705,1596223080,19,19009,0,1070,
1824,4,19,4005,0,99999,9999,tcbfl,925,42.885857,-78.874641,1596223062,4,4005,1,1018,
1902,3,19,3010,0,0,920,ellop,920,42.882557,-78.872147,1596223056,3,3010,0,3008,
1904,40,20,40012,0,-240,923,prtc,919,43.090263,-79.059341,1596223048,40,40012,0,3084,
1905,3,20,3013,0,60,918,frgrt,919,42.915199,-78.890350,1596223074,3,3013,0,3007,
1906,5,20,5020,0,720,918,socam,930,42.954304,-78.820778,1596223056,5,5020,0,3023,
1907,11,19,25011,0,-120,917,ellop,915,42.882584,-78.872368,1596223046,25,25011,0,3057,
1908,11,19,11004,0,0,927,prpky,927,43.012413,-78.846870,1596223035,11,11004,0,3106,
1909,0,0,55042,4,-240,933,prtc,929,43.078907,-79.043037,1596223058,55,55042,0,3110,
1910,34,19,34007,0,120,958,socam,960,42.955132,-78.820930,1596223072,34,34007,0,3067,
1911,55,20,55038,0,60,935,nfia,936,43.100716,-78.980728,1596223067,55,55038,0,3108,
1912,55,19,40011,0,-240,921,pnhyd,917,43.090401,-78.999893,1596223075,40,40011,0,3083,
1914,20,20,20016,0,0,936,orch,936,42.988350,-78.873077,1596222918,20,20016,0,3047,
1915,34,19,34006,0,0,933,nfbma,933,43.030918,-78.804176,1596223074,34,34006,0,3066,
1916,50,20,50022,0,0,960,nftc,960,43.100689,-78.979904,1596223055,50,50022,0,3094,
1917,25,19,25008,0,300,920,ellop,925,42.884510,-78.876053,1596223041,25,25008,0,3097,
1918,11,20,11003,0,-180,926,dlwnr,923,42.886600,-78.877319,1596223065,11,11003,0,3033,
1919,25,19,34011,0,60,919,dlwkn,920,42.962227,-78.870026,1596223052,34,34011,0,3070,
1920,40,20,40014,0,0,919,ngvln,919,42.949684,-78.908585,1596223067,40,40014,0,3085,
1921,20,19,35007,0,0,930,ellop,930,42.882557,-78.872223,1596222884,35,35007,0,3075,
1922,0,0,5014,6,99999,9999,ellop,945,42.882584,-78.872299,1596222874,5,5014,0,3027,
2005,13,19,13006,0,-360,923,winsp,917,42.957497,-78.818886,1596223067,13,13006,0,2036,
2007,12,19,12015,0,99999,9999,nghmp,900,42.911461,-78.882385,1596223059,12,12015,0,2015,
2010,26,19,26006,0,-60,923,dlvst,922,42.921936,-78.839355,1596223043,26,26006,0,2080,
2218,5,20,34008,0,120,928,socam,930,42.954361,-78.820374,1596222986,34,34008,0,3068,
2502,2,20,2008,0,0,935,fltbk,935,42.848869,-78.697983,1596222873,2,2008,0,1011,
2508,16,19,16010,0,60,932,bnmc,933,42.878323,-78.868576,1596223051,16,16010,0,1056,
2510,14,19,16008,0,0,918,mowsh,918,42.887371,-78.873192,1596223031,16,16008,0,1059,
2511,0,0,74003,4,540,915,glrml,924,42.910194,-78.763908,1596222719,74,74003,0,1081,
2512,15,19,14008,0,120,928,lterr,930,42.878792,-78.857895,1596223035,14,14008,0,1040,
2513,19,19,19010,0,60,918,abtba,919,42.859043,-78.828712,1596223039,19,19010,0,1073,
2602,18,19,18006,0,60,913,spkls,914,42.871559,-78.863068,1596223024,18,18006,0,2042,
2606,48,19,8006,0,60,914,socam,915,42.955132,-78.821007,1596223060,8,8006,0,2006,
2607,1,19,1004,0,-300,950,tcbfl,945,42.883163,-78.872261,1596223057,1,1004,0,1005,
2608,6,20,6011,0,0,905,glrml,905,42.903732,-78.783859,1596223028,6,6011,0,1025,
2609,6,19,6007,0,180,917,wtfrt,920,42.880302,-78.883163,1596223062,6,6007,0,1027,
2610,46,19,46003,0,-600,922,dckbd,912,42.901943,-78.698471,1596223066,46,46003,0,1102,
2611,42,19,42005,0,-60,924,mohel,923,42.878819,-78.874825,1596223068,42,42005,0,1035,
2614,14,20,14009,0,60,927,eccs,928,42.772587,-78.797440,1596223023,14,14009,0,1036,
2616,14,19,1003,0,99999,9999,bnmc,869,42.886379,-78.874527,1596223071,1,1003,0,1006,
2617,0,0,19013,4,0,920,abtba,920,42.857586,-78.828934,1596223028,19,19013,0,1038,
2620,0,0,32017,4,360,919,twyml,925,42.902027,-78.784042,1596223076,32,32017,0,1089,
2624,4,19,4008,0,0,910,tcbfl,910,42.883053,-78.872818,1596223077,4,4008,0,1057,
2625,1,20,1006,0,60,937,aptml,938,42.888554,-78.751511,1596222922,1,1006,0,1003,
2627,32,20,32015,0,-480,926,bflst,918,42.940445,-78.882195,1596223080,32,32015,0,1084,
2628,2,19,1005,0,0,928,tcbfl,928,42.885059,-78.868164,1596223041,1,1005,0,1004,
2629,0,0,32010,4,-960,621,twyml,605,99.000000,999.000000,1596203606,32,32010,0,1086,
2702,13,19,8008,0,120,923,utica,925,42.911350,-78.865448,1596223068,8,8008,0,2007,
2703,0,0,44004,5,-1020,9999,,9999,42.916904,-78.862137,1596222484,44,44004,0,2086,
2704,47,20,13004,0,0,925,mnun,925,42.963959,-78.791595,1596223059,13,13004,0,2034,
2705,24,20,24013,0,0,920,genfl,920,42.898369,-78.848885,1596223036,24,24013,0,2054,
2707,47,19,47003,0,-360,929,eccn,923,42.937473,-78.717789,1596223043,47,47003,0,2091,
2708,0,0,23018,4,360,914,abtba,920,42.857616,-78.828896,1596223042,23,23018,0,2020,
2713,26,20,22006,0,-240,925,gnhar,921,42.922707,-78.809166,1596223038,22,22006,0,2047,
8141,45,99,45094,99,99999,9999,,9999,42.945724,-78.906761,1596218374,45,0,0,45094,
8201,45,99,45201,99,99999,9999,,9999,42.992779,-78.900215,1596223072,45,0,0,45201,
8205,45,99,45205,99,99999,9999,,9999,42.825329,-78.839767,1596223060,45,0,0,45205,
8208,45,99,45208,99,99999,9999,,9999,42.841198,-78.858788,1596223027,45,0,0,45208,
8214,45,99,45214,99,99999,9999,,9999,42.841389,-78.850525,1596223038,45,0,0,45214,
8217,45,99,45217,99,99999,9999,,9999,42.960686,-78.759216,1596223032,45,0,0,45217,
8218,45,99,45218,99,99999,9999,,9999,42.881786,-78.878250,1596222973,45,0,0,45218,
8219,45,99,45219,99,99999,9999,,9999,43.172352,-79.031387,1596221496,45,0,0,45219,
8220,45,99,45220,99,99999,9999,,9999,42.951664,-78.864700,1596223055,45,0,0,45220,
8221,45,99,45221,99,99999,9999,,9999,42.992668,-78.803917,1596222155,45,0,0,45221,
8222,45,99,45222,99,99999,9999,,9999,42.925652,-78.766769,1596223076,45,0,0,45222,
8225,45,99,45225,99,99999,9999,,9999,42.991348,-78.719353,1596222951,45,0,0,45225,
8227,45,99,45227,99,99999,9999,,9999,42.870266,-78.787613,1596223005,45,0,0,45227,
8228,45,99,45228,99,99999,9999,,9999,42.882118,-78.870697,1596223070,45,0,0,45228,
8229,45,99,45229,99,99999,9999,,9999,42.933460,-78.715553,1596222965,45,0,0,45229,
8230,45,99,45230,99,99999,9999,,9999,43.027786,-78.799263,1596223078,45,0,0,45230,
8233,45,99,45233,99,99999,9999,,9999,99.000000,999.000000,1596199761,45,0,0,45233,
8234,45,99,45234,99,99999,9999,,9999,43.030426,-78.876984,1596222988,45,0,0,45234,
8236,45,99,45236,99,99999,9999,,9999,99.000000,999.000000,1596184755,45,0,0,45236,
8238,45,99,45238,99,99999,9999,,9999,42.951553,-78.864517,1596223079,45,0,0,45238,
8241,45,99,45241,99,99999,9999,,9999,42.888279,-78.754745,1596223040,45,0,0,45241,
8304,45,99,45304,99,99999,9999,,9999,42.781990,-78.790184,1596223062,45,0,0,45304,
8305,45,99,45305,99,99999,9999,,9999,42.990028,-78.697350,1596223046,45,0,0,45305,
8306,45,99,45306,99,99999,9999,,9999,42.960243,-78.824135,1596222965,45,0,0,45306,
8309,45,99,45309,99,99999,9999,,9999,42.871365,-78.790443,1596223053,45,0,0,45309,
